136	137	138	139	140	141	142	143	144	145	146	147	148	149	150	151	152	153	154	155	156	157	158	159	160	161	162	163	164	165	166	167	168	169	170	171	172	173	174	175	176	177	178	179	180	181	198	199	200	201	202	203	204	205	206	207	208	209	210	211	221	222	223	224	225	226	227	228	229	230	231	232	233	234	235	236	237	238	239	240	241	242	243	244	245	246	249	250	251	252	253	254	255	256	257	258	259	260	261	262	263	264	265	266	267	280	281	282	283	284	285	286	287	288	289	290	291	292	293	294	295	296	297	298	299	300	301	302	303	304	305	306	307	308	309	310	311	312	313	314	320	321	322	323	324	325	326	327	328	329	330	331	332	333	334	335	336	337	338	339	340	341	342	343	344	345	346	347	348	349	350	351
136	0	1.35590043882286	3.58192210970591	5.51656650462949	7.00110912641705	9.231888268388	6.46442054634443	11.6097029247091	15.0228512939455	14.34617433325	21.0126166385817	24.3168281031881	27.4182020198262	30.8738171595286	34.4497445273546	38.1045656844426	40.036895309202	40.350330717356	37.9053858046584	35.1015471453895	32.3027405338928	32.7234626835242	33.5220121561937	29.0260683868828	27.8330455394303	29.7584792790223	29.0472525895307	24.5470215912236	24.6929140645652	26.0501081955527	24.1923656966407	20.9967545111143	21.7767882388565	22.8191958009041	19.1300610819725	16.7073269555605	16.637943923454	15.9178170613938	18.8420548242489	18.8167623942059	22.9353912109648	21.8325321023467	27.6342579780967	28.0175891896501	32.6979312189625	35.15613509759	31.8626258334118	30.5138762041141	26.7427640680615	28.9288922359637	28.4246617042314	24.5252700902559	21.7838810362157	19.9622700612931	22.1142276600382	21.5621063210439	24.8734166933294	25.6786649185662	29.0757541776649	31.5353225130171	26.7138147219748	26.1674651428066	23.6588511344063	21.8580601152069	19.0818251747573	19.0660957723389	18.7693595522064	16.1214009937102	14.0014735295968	15.3106055072946	14.2130978326331	10.8199198241022	11.197845730318	12.9976845245605	11.5873295456719	13.0136061489504	13.3678305270526	16.2310393074504	16.5046286235104	21.4606003876872	22.5924027938597	27.2862565772588	30.625955936101	34.1504264395044	36.5111718929974	38.2302093899576	31.1300065210401	30.5277328670178	29.3785897040685	26.8461555162001	25.354944645966	25.1202613043734	23.483347823511	20.6067653211269	21.2385053617245	16.8433716636545	22.1011609876042	25.5743360031106	27.0349238948439	31.2801076085106	31.9528411412819	36.812991429657	40.1044079622178	42.6919839079891	45.4775329805828	34.9121879291459	33.2411093978525	29.7778336518962	30.4977462445998	26.0620860830441	28.3195614019709	32.3190159967781	33.0266318294797	36.4529107479773	36.2031343118244	39.5128346237017	40.3953405605151	41.2325204662533	45.4471639709234	48.4589044036284	45.1825721932694	44.7864544030893	47.3197188178459	45.8565049038847	42.7559947960517	43.6765054233967	45.7642724622603	42.5990512218289	38.80546194803	43.0955998449958	43.3562038698039	39.8821535150749	39.4571777120463	42.5716795651757	41.5027762444875	36.4261779219286	40.6323606254916	42.2280405536416	38.2952207070282	36.6976237650342	26.2810515200591	30.1186948256394	31.6629671067005	32.0394175040683	34.701100803865	31.8046898428518	36.0170636504421	33.415500744415	35.814896370086	35.1453991014471	37.749947960229	37.3750270902912	33.8566837862186	35.2226814566978	31.6301940872958	28.6492049104334	27.4969667599901	28.6368035401998	26.5914176568306	19.9797796534396	24.2947216283702	24.8289039226463	21.6483232145125	20.1444610004835	22.145071280084	21.0277265770696	15.1953494201351	17.4657032208841	20.4732579234474	18.4292239120371	13.6904677787138	17.5486709468267
137	1.35590043882286	0	1.37613444110669	3.42604524196631	3.11700978503436	3.9886650649058	4.11418108497913	7.15849544247951	10.0526262240272	11.8382982307425	16.1529611217263	19.4225414917822	22.566956396466	25.9513884214313	29.5494871867516	33.1728560573249	35.4433665726042	35.657533916411	32.841870135545	30.3306674176484	27.8312654401484	28.7165281675902	29.0763603121161	23.8236121946274	23.9377955960861	25.8551071550671	24.7639951744463	19.3952528985832	20.782339762404	22.0704688214818	20.0268057612791	16.9468619809096	18.1842669635045	19.2386765137314	15.3178879092387	13.1749669069793	12.3705910125588	13.5398023988535	15.8243949331404	16.8955695376036	20.2181226626015	19.5945511303525	24.8690241063054	25.2283941224962	29.7779932836315	31.6831796541951	28.9901905478388	27.6911837594567	23.422982154286	27.0483551625603	26.4416297152804	21.8507091875756	20.2882086937216	17.5944937409407	19.8059249215986	20.0915208483579	23.0097819416004	24.3320781274432	27.5248223064201	29.6483936158437	24.9910422751833	25.3343481266047	22.5892521567227	19.9611576317607	17.9473693615527	18.6331020230127	17.816204028917	14.6375310076529	13.8810170736874	15.5620680502303	13.3953160843632	10.5567171980687	12.2338564647457	13.0636749040995	10.6178623083933	10.5356659969838	9.3688715435745	12.268897057193	13.5842568070543	17.5400506555711	19.2391644828979	23.3870095138305	26.5104364543476	30.0009521182245	31.6659413881855	33.2652835400512	27.6218591879692	26.4380093993478	25.8749611400674	23.7224500631785	21.5103380959017	21.0839416381283	20.6704279104231	17.2280511376069	16.8136258136073	11.8979363756914	16.9423415737023	20.3786626401244	21.5848016205848	25.9472878929571	26.6585107611059	31.4586137488606	34.7880692910659	37.316602873252	40.0976848583556	29.6544371553398	28.2937077280444	24.7348369309361	25.1635344695454	20.8399020631096	22.6408595464042	26.7295445902095	27.4782752551902	30.8810255820625	30.8817604582381	34.2021969762178	34.9702690438607	36.2073577329249	40.3290998039877	43.262940376262	39.7073702730362	39.4709558789751	41.6715652453804	40.2462676406148	37.1026745936193	38.1107873180285	40.096879691567	36.983187883145	33.0832043792617	37.3990456161651	37.7599142345424	34.298283484746	33.7699305892091	36.9686601596541	36.079132320498	30.882930608995	35.1897555689152	36.9332755113867	33.1078549290044	31.8814245133432	20.6658173320099	24.7178135966756	26.1736581126903	26.336972206387	29.0072011748807	26.1498024849137	30.5373044651947	27.9696733981647	30.8510715535133	30.3313455356006	32.984561252198	32.7602423983706	28.9724832384109	30.0368882709245	26.2881122563032	23.4822789354015	22.3498646304625	23.1584077388753	21.0019366011804	14.7862106707567	18.7676251294616	19.106288467413	15.9241643736806	14.4914872597674	16.5958687329106	15.5157550251349	9.49789287157946	12.0103807183619	15.1489622416851	13.5787767122079	8.61466731801061	12.8369524031212
138	3.58192210970591	1.37613444110669	0	1.33449690895109	3.10597746289313	6.68793578019406	7.30992134020607	11.5038411845783	14.5715696820899	14.1174016731125	19.9631924801621	22.8504083333318	26.2094785526153	29.4608247338733	33.032712604326	36.6641597476337	39.239067713186	39.8655113349873	36.7603798810622	35.0128530828323	32.5845026201107	33.524627798083	33.9729263679183	28.3191554429153	28.6931449827306	30.8064133582603	29.6846518254805	24.1000591285582	25.8695401196079	27.2659288123475	25.0735520220012	21.900779780638	23.5385049865109	24.5047000797806	20.4505605791137	18.5487101707909	17.3091496613785	18.5523354055494	20.7848839544511	21.1042463499647	24.6135922408737	23.3485297395789	28.9482809679608	28.6246881380392	33.3366162800006	34.9665464122495	33.8127621172835	32.863829022194	28.4430972118017	32.0150346087584	31.627790627864	27.1355320935485	25.3482675936641	22.7064749796176	24.8733091083595	24.5522846187478	27.4923432795388	28.1763671363077	31.4508570471458	33.5234669298985	27.145567317704	27.2039198278483	25.2660024143116	22.8656581580325	20.2896246884954	21.3281943211328	20.994741555923	17.8554348308855	16.1632774213648	18.7565276104081	17.1754500086606	13.7911770708667	15.3807218946316	16.9403285977575	15.2228001037917	14.8319497032588	14.2810439394324	16.9944792212059	17.7303712877086	21.9878189459528	22.9811899387303	27.4530137689835	30.3303176046674	33.5724689142756	34.7131944511017	35.8938349720394	30.1287450784131	28.7033871868809	27.4357184159628	25.6598750971239	23.8327083647663	22.6519370915602	21.954324790346	19.6402001262716	18.9635630090972	14.7373373782376	19.374294438766	22.7757819185204	24.8289927705495	28.9560973199083	30.5171379555816	34.8619782284368	38.3312236433955	40.9557589235018	43.7014012818811	31.0806864467309	29.1267397076981	26.2592052621552	26.8933422616082	22.5290751474622	25.6045637728902	29.298945288184	31.0028413859117	34.2200836059762	34.8935837368419	38.3507284285449	38.805398438877	40.7724450456433	44.6409227279186	47.395836051282	43.4325988285297	43.1269925104916	44.8241613083837	43.3562948370822	40.1435309234253	41.0689109789875	42.5656108378583	39.4623993315156	35.7160485076387	39.7061224750038	39.6355344104252	36.1106988855104	35.6017280058146	38.4065375294363	37.0928168248247	32.3211708018135	35.906277306343	37.1711745980672	33.8118348659164	31.4801622613353	21.8336526719649	25.1610956438705	27.1589455244492	28.1364009247807	31.1650536498816	29.4876122295448	34.1125985670983	31.8863376542368	35.5139688151015	35.2258159451275	37.8823487920166	37.5737588883519	33.5719529071515	34.2839519600643	30.2200633520183	27.8347511036115	26.3551769108082	26.507431448558	24.5475970718113	19.4791427686128	21.6906972686449	21.5780459263576	18.787905631017	16.9483977413796	17.9175338146744	16.6992552229134	13.2478217077375	13.550558180385	14.9890873638124	12.8670199347013	9.19724328263638	11.7012889888251
139	5.51656650462949	3.42604524196631	1.33449690895109	0	1.36192400669054	3.89219334052151	6.88370866611886	9.38451629014517	11.8326140391716	10.3341758258702	16.574625485965	19.3191079245394	22.6987647681542	25.9460835580247	29.4834888369745	33.137613945485	35.6627801636384	36.6345766455681	33.5405297960542	32.164710149479	29.7052831832992	31.1380571166539	31.8132179447474	25.8154765015097	26.3453729334014	29.2471504594892	28.4146136697299	21.9185979022382	25.0705913372621	26.9465159343467	24.1279954617038	20.6243363287161	23.3884469343306	25.0339109209888	20.7217062280112	19.326716482631	17.0068364195108	17.8985629311406	20.1006563325678	19.541888752114	22.4481267147172	20.3266661555701	25.7419941923698	24.8683941379414	29.5653033300861	30.9916599103694	32.240968812987	32.3064814240115	27.2521491446088	31.0325967170007	31.5802649925551	27.2589975054109	25.7643746479514	22.5845635999459	24.3151037011977	23.5373579230975	26.0422668944161	25.9231074333306	28.5773864970189	30.5390736761939	23.1584802826092	23.4149514199795	21.7802796584433	19.2622973448133	16.7765745609764	18.5582049509105	18.4703607165643	14.5482410620666	13.6637486437654	16.9827822514451	16.0728047956789	10.7104160049925	14.415495690402	16.7135074415875	15.5870237056341	13.8573002421106	13.5313026719529	15.4750945069812	15.0958015355264	19.0608187127416	19.4156572641773	23.9216326574923	26.4455073878343	29.7446384580482	31.0076153388164	32.1525488103198	25.9600458011923	24.6636746248405	23.2593403818767	21.3998252329312	19.7315901538624	18.6236979679117	17.6508860684103	15.5106795789224	15.052590275431	11.1780233046814	15.9538239616714	19.364366294821	21.890923827011	25.7513394991406	27.576453742278	31.7969259205981	35.2649868282976	38.1072886072993	40.7885641571262	27.8397630377846	25.7400439005065	22.7328646896954	23.7219715453838	19.2273403516971	23.2683139913488	26.5471628050909	28.4425888062251	31.6301849820705	32.1285116679874	35.8385708001868	36.6642260793815	38.5825718297783	42.6386404802029	45.0950118860168	41.0645583806766	40.9727151284852	42.5284811273575	40.8019882603777	37.7466118347064	39.2239050835074	40.0434409110905	36.7806350271444	33.6995582908738	37.3440051681659	36.9076556015144	33.4312292624725	33.3869561505687	35.945179746386	34.3180457776954	29.5713324014999	33.4253044563546	34.4830051619635	30.7344150261559	28.6270758199296	19.8101945977317	23.1086480348808	24.7461789777735	25.8047243155202	28.8751605536662	27.3972926582172	32.0226149307017	29.7534598492343	33.5662405699536	32.9673232914048	35.8131700076941	36.0062126444868	32.0565187130481	32.4892578862614	28.5428468972526	26.2106084820631	25.1943595274815	25.109971644747	22.7457644848442	17.7184775023138	20.5577175289476	19.8445874232749	16.865475682589	15.8199754108532	16.650460474113	14.7503451824017	11.4467992906314	12.7275287860606	13.6138154093553	10.7017952699535	7.11686377556857	10.9055672938183
140	7.00110912641705	3.11700978503436	3.10597746289313	1.36192400669054	0	1.35365616018248	3.67667594438236	6.371969632696	9.1515503058225	9.45017804065088	14.5653851991631	17.5862920765009	20.8997610991131	24.230327566915	27.8203930597682	31.4760070847622	33.9134214581779	34.1899956858728	31.1965835308932	28.9679340651003	26.7122216597572	27.8622287335382	27.9178706028952	22.0663446451831	23.2742822875379	25.1709408048249	23.6452820029705	17.6737983749957	20.496112924162	21.8144710456156	18.9097780526372	15.6761051922982	18.4461487579386	19.5598880876144	14.8506971216842	14.4490251574284	11.5667293994456	14.393355272486	16.5528538324967	16.6230094447425	19.7449085589172	18.3180876185261	23.740165332196	23.5397659291676	28.1676426596192	29.7698318772545	29.0069732478244	28.2949263473153	23.4593756523911	27.6803156773907	27.8437642210963	23.0708443928695	22.2762246576928	18.9559551328863	20.9308248045795	20.4548094344582	23.0877797546667	23.5230226799194	26.5437842818239	28.5350555282445	22.7056559914044	23.02687267086	20.6755240078698	18.0536357557141	15.8389506281193	17.1570073147971	16.4854337522554	13.0841914155977	12.5906220656487	15.131636461401	13.2946534366263	8.90672038406955	11.8994854930791	13.8729043822842	12.306817988416	10.5689364176345	9.87846754309594	12.2151038063538	12.6134849664952	16.7192959480954	17.7392780292773	22.0370640739641	24.9197228315244	28.234217272664	29.6400436065806	31.0536560488455	25.1822751950653	23.8739654854404	22.9647841923237	20.9810646536347	18.9301007921247	18.160326263589	17.6280620886131	14.6926978802397	14.1236386954637	9.5797923255152	14.5918108883031	18.0700613723363	19.3928303504156	23.8402350030364	24.7595143328782	29.3768161821529	32.7640659717319	35.1728517751973	37.9727884807002	26.8404701337365	25.3902884189999	22.0204880281977	22.4285668958139	18.182727848153	19.9436418690268	24.1165915087518	25.126767340826	28.4497550956067	28.9197204862011	32.1598296948227	32.5770154710342	34.300239970006	38.1744051034198	41.0930711677772	37.3424128304533	36.975796948815	39.0162344159454	37.6884335705266	34.4468346005841	35.1997581525783	37.308969900012	34.2825019215342	30.1438940085716	34.4963126870105	34.8795136577332	31.5082673754048	30.7017322964031	33.818306965311	32.8801218215505	27.7736800046375	31.7885350558971	33.4759597024492	29.9639149311301	28.4064367881648	17.2787338077765	21.0937186147915	22.8134872608288	23.2448381581804	26.0399023423668	23.4962348047512	27.9974571345328	25.6234937118263	28.9384138127852	28.7850253777897	31.3485447349634	30.9243686758517	26.9164753078853	27.7855986618968	23.814651330641	21.2621104785014	19.8429704177575	20.3290805251984	18.3478654071802	12.9021969447067	15.7051942044662	16.0152271604245	13.0221212173747	11.2348930123967	13.1335750273869	12.0423284293362	7.01925900647639	8.57408309966727	11.3554005213379	9.73648134594834	4.95988417203467	8.81522971907142
141	9.231888268388	3.9886650649058	6.68793578019406	3.89219334052151	1.35365616018248	0	1.35556814657176	3.52292974667392	6.25149238182372	6.63096870751175	11.0505964544906	13.988617265477	17.3232279324611	20.6466707727905	24.2265496924345	27.8912334614301	30.3325098368071	31.1378672680067	28.0962110790761	26.5286486840171	24.0516055805013	25.4960647355626	25.9660353924121	20.2351748448092	20.7260531939875	23.2470912158919	22.1506328577763	16.1738958201171	18.6844955511247	20.5001791699487	18.0176942753505	14.3487879975976	16.9579671246291	18.8503199177096	14.6946145236954	13.3840007845188	10.7222196396082	11.8184835321627	14.021118179375	14.0953187264425	16.9551130636159	15.5571014331076	20.6009724770458	20.1622024838558	24.7125087961542	26.1880449442107	26.3998227645566	26.1041685943069	21.2084657860959	25.101167004743	25.5338779859229	21.0862015545712	20.1371563037088	16.5753941129615	18.3766296692293	18.0361948315048	20.4781070170072	21.0525675631264	23.8061314160869	25.6629283403122	19.6011218301402	20.3954541013433	18.2098724322824	15.2630623729316	13.5281363091891	15.4616386259672	14.4738661386652	10.2499743414313	11.6656035420376	13.6074939279795	11.3636896736931	6.94433898942153	10.5960367119032	12.5313583062651	10.4713373548941	8.20888737893266	7.3858853226949	9.44855724436276	9.89483774500622	13.5452402710325	14.3029533663506	18.5576840419272	21.3419217972515	24.610029886207	26.0014904765092	27.4474307358631	21.5837753416774	20.2438673676746	19.4732893215296	17.4974413558097	15.3169385322263	14.6391367914915	14.3373038260337	11.1843866617709	10.5140862655772	5.97324275414955	11.1150696354094	14.6019026157552	16.7156823970785	20.6848166054234	22.1507168958479	26.5751349196951	29.9905262041199	32.8317609792713	35.5239192657567	23.569810478661	21.8164459525377	18.4488872564174	19.2788518849023	14.7777847798647	18.4806689813978	21.8272701683009	23.2751941774929	26.5518901398752	26.6979225034458	30.4337862416098	31.5234677978169	33.0416584783512	37.2353594047379	39.829772595384	35.8867200646702	36.0172303904673	37.6553824705048	35.8674745138266	32.8964014597342	34.6080897190238	35.4183816400467	32.1226928665702	29.1612719372801	32.8023044617295	32.5021179925247	29.0936734188036	29.0525800747541	31.7200650220014	30.2592569637789	25.4012311118969	29.5499307274992	30.9246815505027	26.8473602612994	25.4489975441077	16.147074440901	19.4930955468853	20.7408854680797	21.4784255707908	24.3982357763835	22.5204692890712	27.1776573861693	24.4338362931407	27.8572790667	27.1968097577639	29.9755493027234	30.0718961656893	26.2749093623556	27.0471899094897	23.3207886015889	20.6187373279743	19.8140850406977	20.3434029110176	17.8774989861558	11.8157062844334	16.1602568048902	15.5309518703781	12.3845654748158	11.9295050190693	13.0654904997861	10.8696721661695	6.27635403717795	9.86442147315289	11.0244522312902	8.23429717705161	3.75964360013021	8.86233964594001
142	6.46442054634443	4.11418108497913	7.30992134020607	6.88370866611886	3.67667594438236	1.35556814657176	0	1.33970183249856	4.59799369290563	7.16538924274181	10.6326903933106	14.0473717826503	16.9786237663716	20.4351935885129	23.9916816626096	27.6126447302681	29.5749738799547	29.7163523501792	27.157368097811	24.2991734427326	21.6194174297089	22.3437669160775	23.0048547267745	18.2838493211906	17.480259437434	19.8318924210475	19.1301670405671	13.9491927364991	15.1222076761298	17.1420426145778	15.4872491424397	11.7862670086843	13.4490980366715	15.4697930496823	12.5918699564441	9.96433229072577	7.86357336075655	7.59951669515898	9.83814230431742	10.5436918107464	13.5992796132736	13.5279920904767	18.5461562055322	19.2891289072368	23.7279260366346	25.7967354717608	22.5904908091878	22.0621405353152	17.3696484132524	21.0217549695548	21.2673155334659	16.9420351492966	15.7750974323457	12.2773412838448	14.1329586782103	14.1864050766923	16.719423255603	17.9810518602222	21.1195811748245	23.3460899081624	19.9001789941699	20.5571861158087	17.3580635728759	14.5292629544654	13.1957658739461	13.7878480554436	12.3241721831529	9.23878487681145	9.28747069981919	10.6748427154689	8.26444420393773	5.80250454545276	7.55026602180347	8.69729141744716	6.38068170339189	4.39651282268117	3.55015056018757	5.72276095953693	7.36715202775128	11.1905959180019	13.2208325759008	17.2986789669038	20.548790256363	24.1201275701436	26.2529435682934	28.150296286185	22.2889759971157	21.4054036869198	21.3285758080562	18.9049193862338	16.542815328716	16.8136020233619	16.2092403893582	12.3563973714024	12.4383555585134	7.71677251187308	12.7576567597659	16.0314455056305	16.9987909275925	21.1492183070675	21.3497188271883	26.3929211911073	29.5496224172154	32.0529873958731	34.8864646675469	25.8992383092631	24.8527257458815	20.8029054220799	21.3993551538358	17.1823454743524	18.9211221918786	22.735721585206	22.8325756102986	26.3072111216678	25.531449410482	28.9346254166181	30.2612496437275	30.8838361606845	35.3691715622518	38.2093336241291	34.8834095523932	34.8801809915029	37.3441061480925	35.761255640707	32.7018983241035	34.3792340955991	36.0521147368639	32.5619352311867	29.6079164076096	33.7991474004893	34.0662053801124	30.4380416912784	30.6861651888925	33.8153098167088	32.9002502574069	27.6886837715338	32.5058634249269	34.3297264480799	29.9139614561495	29.2294741827492	18.8546243134145	22.8846833275009	23.3526492287278	23.4699115038809	25.7422267490596	22.1718966261346	26.2848994291399	22.9875326427174	25.7396676357718	24.6442692324199	27.4709257761729	27.8164962567179	24.3968512107608	25.4495098774024	22.1841920745381	19.1266467003498	18.8866572214355	19.9951519374072	17.3323442442158	10.2864790866457	16.5549176681734	16.6627228567242	13.1959418383077	12.2176311124538	15.0615827521546	13.9389545160317	7.04953750256001	12.0538072408679	14.6279512235993	12.4616870045753	7.804841894619	13.1656555096964
143	11.6097029247091	7.15849544247951	11.5038411845783	9.38451629014517	6.371969632696	3.52292974667392	1.33970183249856	0	1.32696571168964	3.94264454395777	7.15791736470882	10.5295408256961	13.569538127733	17.0020435536438	20.5859601913537	24.22294439163	26.4022872872787	26.8505623218584	24.0458693750091	21.8878728523354	19.2969590350397	20.3360765144115	21.2970109874602	15.7484727513496	15.3868146801084	18.4386135324758	18.2311954901482	11.8814162455492	14.6426192670574	16.6190307178247	14.7925959182288	10.8999134858952	13.579238638451	16.0047263331805	13.0359788661995	11.4563715896439	8.57368847113074	7.23605486435806	8.94259660277706	8.42399816001879	11.1196205870524	10.3068151239847	15.3672361210466	15.9819964334873	20.4032234218027	22.5164642206542	20.8661401078398	21.2132233524281	16.0143771030908	19.6766308599821	20.636131662693	16.8757725452792	15.7016914693927	12.0099745628373	13.2355701426119	12.5430473570022	14.7469166268749	15.3142457208966	18.3581796755561	20.2665972970304	16.9528001226936	17.8210759776171	14.4964984392784	11.5287320204782	10.6949111730767	11.7435079086277	9.60892626675843	6.6515578626364	8.44022997317017	9.4438152247913	6.77437266468269	3.25343464664653	7.59637472746047	9.20732023989608	7.10538408532572	3.71583005531738	3.26613425933473	4.62350397426021	4.11059521237496	8.27757627569809	9.90569381719422	14.0838816382416	17.3637472050246	20.9381014898677	22.781470189608	24.5757522163616	19.0743355585457	17.8246746113358	17.7273020507916	15.6215571887056	13.0439120282222	13.04093689119	13.1758164073427	9.2106183288637	8.57777809225676	3.70475829171081	8.80102868987484	12.1477969607662	13.5091895019649	17.5831327413519	18.2073319297474	23.0202735648385	26.285660140084	29.0634218563472	31.7662501878959	21.9607457751325	20.8592852466234	16.8140011300107	17.4969483910767	13.2097844796953	15.75021209381	19.2331013099812	19.7580692123497	23.1618812923303	22.637589558078	26.3096695912358	27.7444182494425	28.7813511496594	33.2378073133593	35.8644309309377	32.1359990975852	32.5405415750875	34.3989499549041	32.6042032106292	29.7574547634706	31.4150648097374	32.7407587419717	29.1455673473686	26.6172733389429	30.4657739274747	30.4399298783686	26.8320320885318	27.277811642432	30.1805723272439	29.0526600675394	23.9654273277152	28.7355392676038	30.4902214488514	25.9409240005055	25.7469611604943	15.760999746209	19.4862131005488	19.6771085274234	19.9647451273489	22.3774036921176	19.3739926189725	23.7901391336831	20.3561547203788	23.893888507315	22.7560988308629	25.7280423079565	26.4185296714257	22.8890640481432	23.4257981934448	20.0701748373052	17.3431357026346	17.3795287910806	17.868274594935	14.8942520792418	8.71448575648614	14.6037516070358	13.8609694826877	10.4192035684116	10.9078737616458	12.8505435293609	10.3447832263417	5.32978620584354	10.3294633452082	12.6000427380228	10.2626418626005	7.31208814224773	12.4689441814454
144	15.0228512939455	10.0526262240272	14.5715696820899	11.8326140391716	9.1515503058225	6.25149238182372	4.59799369290563	1.32696571168964	0	1.35450581394101	3.77617081181453	7.19228830067316	9.91678466036245	12.9977700010425	16.4265018491461	19.8100222362319	22.5795770775274	22.5355973295584	19.3004980764746	17.6592107411402	15.3874835174567	16.7669490665416	17.4420946849855	10.5952495959274	12.0399748753891	15.0277768814951	14.5722918924924	6.97604909673091	11.7902301080174	14.0039472649678	10.0814708252318	7.42327784742023	12.1518022943101	14.6119094919179	9.57568801705653	11.7672717313743	7.74572714469081	7.61231600762869	7.11810901855261	7.25708061137535	9.49521231990102	9.73475058745729	13.2382503753328	14.1346426555467	18.0329995563689	19.6798216455333	18.4680244206033	19.3368195161459	13.4849856136371	18.018122515956	19.78805601872	15.5983305196422	16.3302625208537	12.0422247114061	12.7001647233412	11.6763200110309	13.9099167862356	14.4214828987868	17.1472379991648	18.6899762707179	16.4038394591023	18.1055234389951	15.0125922478431	11.7142038141736	11.8597166070695	13.7254273157523	11.0765191734588	7.69049783824167	10.6298404033175	12.2229864190385	9.2277423566114	5.33960270057615	10.7478267105494	12.1490369577181	9.39408989737697	6.1459535468469	2.85193881421043	3.52122265697584	3.03423103932446	5.32169465490083	7.52907019491784	10.8202536476739	13.8657987148235	17.4197820020803	18.5904670732072	19.8424294127509	16.5444695895638	15.0164139860354	15.6978827871787	13.88184443797	10.925746702171	10.8133689939815	12.0607673885205	8.07143048040432	7.06811976412398	3.61566508404747	3.85752640950131	7.18854234181033	7.16720440618237	11.718464105846	12.7517061603536	17.1533857007881	20.5714538377821	23.067505630215	25.8349119023077	16.2906089818644	16.036405426404	12.0932628351492	11.6785174144666	8.11053598722057	8.37372491786064	12.2335462560943	13.170054859415	16.4704716083056	16.9951559274989	20.3925355461257	21.1586906258398	23.0526830108775	27.0413500587526	29.5763247547764	25.6764496766979	25.7543678237304	27.4728137983717	25.8122486622146	22.7678571235854	24.4293507691056	25.6587900143401	22.4692756892607	19.2298443571444	23.1546020263791	23.5056036085015	19.9336174840394	19.9622540310457	23.176801634393	22.6508374458871	17.200142237784	22.2231533991016	24.2715006952599	20.3619583046425	20.9653303575212	8.84770557828413	13.0238618312696	13.0013687740945	12.8457536174411	15.0170098887894	12.2650478189039	16.8880577332031	14.1953074640883	17.9695714194858	17.8585292227552	20.5776973687534	20.889098927431	16.9578192878684	17.0146878020139	13.2769113125004	11.072669687117	10.9812554382457	10.7826658577552	7.72670130133164	3.94291034643194	8.01276987065022	6.80587606410814	3.69884698250685	4.72209932127651	6.90393054715935	4.72085945565	3.81776937490992	6.98305499047516	9.14539977256324	7.23769942730423	7.85099624251597	11.4948016511813
145	14.34617433325	11.8382982307425	14.1174016731125	10.3341758258702	9.45017804065088	6.63096870751175	7.16538924274181	3.94264454395777	1.35450581394101	0	1.32523620536115	4.25549503583308	7.4785037942091	10.8717553780427	14.4599204354657	18.130881197559	20.4806373435985	21.2990349781393	18.3756870347751	17.258972449135	14.6728773251874	16.4886041555979	17.6273981630869	11.5725209872352	12.2595501140947	15.5932020124155	16.2019248547819	9.30617397215418	13.4397741424475	15.8042105149229	13.90065861749	10.0999684157922	14.3942692068754	17.0732837204798	13.9001914735014	14.4306047690317	10.6609405776414	9.6684920230613	8.82554853819297	7.9759731694634	10.0936709873068	8.58775442126753	12.4195768849023	11.8697620869165	16.1366318046859	17.2842826000965	19.2964900694401	20.8747581542877	14.7038861529869	19.3235638534925	21.2835895703709	17.7380811814582	18.2949557255545	14.1540574041509	14.4834764818396	12.5411000314964	14.6516200810695	14.5167281437657	16.2221188505078	17.7813527606872	12.4255072331072	13.3851100854644	11.5585274581151	8.41931244223661	6.60612602059634	9.17909804937281	8.72948641100953	3.71664109109287	6.2231491224299	8.5748962092844	8.75894154564351	2.85167371906394	8.53542020055252	11.180805024684	11.586866962212	8.20029816531082	5.55258615421679	5.7160227431318	3.3596281044187	5.53827346742647	5.66988553676351	9.22503940370988	11.7471543362637	15.047692248315	16.496553397604	18.1288850456943	13.456297596293	11.8866585296289	12.4931780584445	10.3595287054962	7.66319861415584	7.97500476488886	7.70761448179656	3.8446427662398	3.91587704097051	2.94087844019436	3.36856497636605	6.06881512323451	7.99252456987151	11.4435600666925	12.9283657899984	17.2504630952331	20.605660799887	23.661902586225	26.2098631434809	16.081855645416	15.3561443402958	10.9739499725486	11.7597486792873	7.85614612898716	11.0798132204474	13.674828554684	14.849174286808	17.9914684503517	17.6183173714177	21.6793419180565	23.4110294092336	24.8490834036187	29.3511345777297	31.3121307163853	27.3698297765989	27.9297969201353	29.3726402286209	27.2277728982743	24.604397167986	26.4722732873473	27.2307873004069	23.3708892000283	22.0068107185026	25.1112798757849	24.706953940136	21.0548629537216	22.2943114269089	24.8382632645682	23.5358355492215	18.6203477142614	23.6789761814146	25.4130510171447	20.4342503165641	21.2170911059928	12.0752356912816	15.7539091339261	14.9621463032548	15.3095287321328	17.4821440904713	15.3056441876845	19.6239519465372	16.0528122458341	20.4180477764159	19.1771103141219	22.335201476593	23.8265156076167	20.5529955237673	20.2854025101796	17.187645039388	15.2304339399769	16.0542342389788	15.5150991295576	11.6982679914592	8.47089086224112	13.3928435740884	11.3619662470895	7.22067545316918	10.2483862144242	11.945752215746	6.98687841600239	6.93173477565322	11.0278540523531	12.8307760092677	9.55420750245671	9.84214300851191	14.2404534689033
146	21.0126166385817	16.1529611217263	19.9631924801621	16.574625485965	14.5653851991631	11.0505964544906	10.6326903933106	7.15791736470882	3.77617081181453	1.32523620536115	0	1.32122594585483	3.98208161644133	7.44145987021365	10.9627305905053	14.6042705398113	16.6788017255437	17.3249669840955	14.2304531902536	13.0111034889436	10.7656194433948	12.6972377310973	13.603079430776	7.01895191606269	8.73942412290421	12.2978942506431	12.6714050128626	5.8961448421829	10.6182583317604	13.2883229190143	10.5168490528295	7.48163538272215	12.6685647174414	15.3094991753486	11.8674123969802	14.3351557368589	10.4194436511745	10.4883968269703	7.457305210329	6.79953241039411	7.84927009345455	7.15076639249249	9.22560269033954	9.19719712738615	12.8499759143743	13.9513324811647	16.2548556437761	18.4538027788312	12.1952705997038	16.9789195474859	19.3176324636328	16.2208377095636	18.4538929226329	14.1370758999165	13.5669081960482	11.2629326110032	12.6339893145435	12.1197278022239	13.8317120053882	14.822994434324	12.5998630944943	15.0043632320735	13.4899279464347	8.80902662046154	10.7454889604894	13.501440700903	11.4845136597071	7.52790721249937	11.3611994525226	13.5606402872431	10.716939908388	7.81322532632972	13.8987896595351	15.3142701099334	13.531268307147	10.2870002430252	7.46724279771323	4.84469410799072	2.77275458704877	3.32312262789082	2.8141080291986	5.43397359213312	7.93222755598956	11.3734394533932	13.2377878061253	15.2267924724809	11.2607866510293	9.87830921767486	11.580696093068	10.2096198264186	6.07349405202639	8.03303442044163	9.40618573067745	6.69751185142662	3.86978281044298	4.84456076440373	3.53032477259529	5.75364545310188	4.28445760861279	7.92470624061233	8.24733702476139	12.9766012114113	16.2346423736404	19.0867493827524	21.7542333121625	14.6149313717171	14.8922343521716	10.4750768970924	10.4905166221688	8.22631466696965	8.123666228988	10.4296938593614	10.3183286921865	13.5698967203144	12.8675155721686	16.8543351693266	18.5460104604737	20.0858175337724	24.5140479521437	26.4670195148604	22.6247652363511	23.3683577942482	24.9706170128013	22.90165537685	20.3284779066215	22.1134558357576	23.2899010517434	19.3497487322187	18.2504130364219	21.5081017525955	21.6304145822497	17.6703072129491	19.3318028129815	22.2012428030505	21.2658565310688	16.5265852189737	21.9946818344799	24.0117428771841	19.3814120744594	21.4623846065622	11.0874643629642	14.5966679416914	13.5414643225908	12.4278377041221	14.4993088111123	11.2596221073356	15.302798338866	11.19728980602	15.6224857497135	14.7200204483554	17.8140997246563	19.4017088422644	16.2266186557767	15.6434381451138	12.9843692954259	11.2322758157018	12.6729309553868	12.3858894311228	7.0148747672357	5.4096094128874	10.674565190208	9.50624089743153	3.71580273965128	8.07021796483837	10.4294124954381	7.70288906839505	7.88074146257825	10.891375073883	13.0468133657227	10.8537227254063	11.9421372877722	15.5742008783758
147	24.3168281031881	19.4225414917822	22.8504083333318	19.3191079245394	17.5862920765009	13.988617265477	14.0473717826503	10.5295408256961	7.19228830067316	4.25549503583308	1.32122594585483	0	1.31229455534952	4.2636853776985	7.84767946593131	11.4831424705958	14.0567546752442	15.1565183666962	11.9718745399373	12.2553830621486	8.63416730206219	11.8113241002015	13.8405873430285	8.1274598737859	8.89207517961921	13.1813791767023	14.803963151805	8.95570912881833	12.9711186102047	15.7222009909554	14.1178423988937	10.9157563182768	16.125007410851	18.8581627153867	16.3849755874093	18.3394805269942	14.7011189370061	13.3892455351301	9.7356394243008	9.06285186903107	9.77707006214029	8.03303734586115	9.99504107045088	8.44666739016045	12.246111056168	12.4326919450295	17.3171109310993	19.953320275082	13.8523620368513	18.7359000317572	21.2659049889724	18.6260292064627	20.6499332928705	16.5643533830935	15.7151018132241	13.5113810545036	14.5621630948153	13.3970283645292	14.7210319611092	14.972831295383	11.6838434173007	14.5978913888274	14.0854548027389	9.11928039924204	11.0470773510463	14.3983451132413	13.044243213004	8.47805956572611	13.3842619520092	15.6979758567785	13.075358886088	10.7680147195293	16.7647707708755	18.154817432296	16.698359829636	13.5583356279449	11.009691140082	8.36488762626253	5.30236220943081	5.48034761671192	3.49197837908542	5.72393204012766	6.51662558384322	9.25341223549454	9.95549446285818	11.672608063325	9.25375583209326	7.55280298961916	9.65867040539224	8.66647656201758	4.01648839161773	6.12928266602218	8.01733534286798	7.00589216302963	3.62520468387648	5.63510301591728	2.93740327500328	3.57328714211439	2.71034610336023	5.24931357417329	7.11999761235915	10.7059070143543	13.9647978503092	17.2521432291759	19.4802246906959	11.6917371249956	12.0082515796431	7.97830520850137	7.80216745526523	7.12003946618276	6.90728238889941	9.09497520612343	9.60414733331387	12.4876291184516	11.8263095257988	16.1685955481606	18.1466860335434	20.0938438831399	24.410183960798	25.5814203280428	21.6323836874257	22.5852636469004	23.7471365852812	21.2614499270393	19.0815287123438	21.0632840032128	21.5445799448492	17.2163860900016	17.7765218757776	20.0173289177153	19.410611865678	15.2500222950657	17.883812261372	20.3359931156558	18.6476153435231	14.6785842300952	20.0953104230813	21.8775651753114	16.6802418447695	19.3141181781618	11.3816337579453	14.3474250302972	12.256345499373	11.5992366128121	13.7180758125912	11.9320961276718	15.2812282228884	11.3660181682065	16.0898258847012	15.3980795555809	18.479646560473	20.5336344079659	17.9731560667569	16.70151996077	14.5879619549819	13.6435246912226	15.5984015527233	14.4957296815303	7.90327185411206	9.90150584507226	14.0519264871405	12.0941706619346	7.07627910698837	12.0002277478388	14.0160374214683	8.97081679670252	11.518727447075	14.2210689823234	15.8044992011769	12.2341247745803	14.9503299629139	18.073295244642
148	27.4182020198262	22.566956396466	26.2094785526153	22.6987647681542	20.8997610991131	17.3232279324611	16.9786237663716	13.569538127733	9.91678466036245	7.4785037942091	3.98208161644133	1.31229455534952	0	1.32198335844291	4.60142304075597	8.24379706203398	10.2794338365496	10.4546327529952	7.957386317127	6.56653493099671	3.87731904800211	6.01583161333494	7.986452341309	3.5330945359557	4.07703298981011	8.29490482163599	10.137772783013	6.49527666847226	9.42815215193306	12.2460266617381	11.2219324984603	9.69217627780262	14.5709146246898	16.6816649948379	15.6104964046631	18.4892823278785	14.8790259761854	14.6504498224457	9.44442115748763	9.35748534596769	7.39747281171077	7.219474980911	7.77745318211558	7.06409796081565	9.33165076500401	9.17117729629081	12.6706809603904	15.318478188123	10.2227527114765	14.8715795058897	17.5388897026009	16.1553170504327	19.4593993226924	16.4177831329324	14.0828601498417	12.759448342307	11.5950784818387	11.8174594985555	12.9783369504725	12.0543639815629	11.9602505408541	14.894102557724	15.1136261036192	10.1730468395658	12.9091262678773	15.8775699966966	14.1884191508427	10.295870385742	15.3625772902856	17.4560883648084	14.3588942819425	13.5775600900898	18.9589861015825	19.7766986375381	18.6816056590433	15.3343275366088	13.4988115773204	9.80253319300679	7.34201007899063	3.74900813549397	2.81685604886015	3.39579887508079	2.93850250978283	5.45206254549597	7.22002998608731	9.47848737932377	8.51123510426072	6.80732737570333	9.52606854898703	9.83314746152014	4.83018778102881	7.45540857364638	9.76734605714367	9.38361177798825	6.03041391614207	8.9182536967727	5.43208127700608	4.67566401701406	3.4289336534847	5.64049590018466	3.62923256350431	8.62561823871194	11.2531344522315	14.1033866145689	16.3451833577969	11.8064593337715	13.3755952390912	9.71879761081586	9.45407790321192	9.24622912326966	8.04536966211	9.21885947392627	7.38818286184094	10.1211829348155	7.92691263986176	12.0606497751987	14.1610912362007	15.4800440890845	20.1320752531874	21.7753340502505	17.4777550617921	19.5301242699579	21.1311985698871	18.9030099719595	16.2750379108621	18.5394939521013	19.9338359078227	15.6072976840964	16.2784992244371	18.9753577041383	19.3506902719257	14.1858950017262	18.06118368214	20.7622709018065	19.032769346577	16.034689145724	21.422591673278	23.1969998275639	17.9011301039906	21.1753029258143	13.5444065576902	16.218992385472	14.1250345840285	12.0551918690662	13.3648243160919	10.0346763276152	12.294311042104	7.25606325771765	11.8236008051693	10.3904072586208	13.5401538395987	15.7311856832217	13.8650701404645	12.7543026465581	11.6031272939669	9.6010505154384	12.6905688603782	12.7385351591146	5.30275673588747	10.0248797499022	12.8476177169155	12.5003657946478	7.00312394578305	12.8680020593719	15.2121333809561	11.6062228567265	14.2454452369872	16.9751407063388	18.4958518052022	15.027639335571	18.1871759490032	21.1623941462208
