136	137	138	139	140	141	142	143	144	145	146	147	148	149	150	151	152	153	154	155	156	157	158	159	160	161	162	163	164	165	166	167	168	169	170	171	172	173	174	175	176	177	178	179	180	181	182	183	184	185	186	187	188	189	190	191	192	193	194	195	196	197	198	199	200	201	202	203	204	205	206	207	208	209	210	211	212	213	214	215	216	217	218	219	220	221	222	223	224	225	226	227	228	229	230	231	232	233	234	235	236	237	238	239	240	241	242	243	244	245	246	247	248	249	250	251	252	253	254	255	256	257	258	259	260	261	262	263	264	265	266	267	268	269	270	271	272	273	274	275	276	277	278	279	280	281	282	283	284	285	286	287	288
136	0	1.33285295513046	3.19705786622639	2.42786449374754	3.10090212680116	5.08413375119106	7.09038200663406	9.96872634793432	10.4516281506759	12.805413659855	12.8545821402331	9.46555936012236	12.186415592782	14.9312896629863	12.6528863505526	9.41044318828821	15.7605031328318	17.9359070581892	16.3278953022121	18.4138556527415	21.1632583975153	24.0989200172954	26.0922196832696	22.8048491773131	19.4947124626141	25.9000675095645	26.3553780090516	21.2978089483402	26.1658821559679	29.3593635319296	28.7115594316993	32.1190945389188	30.9767015997507	23.2481054281849	28.0888057061884	30.9894750681582	30.0295956849239	22.4508342383975	29.4768498656149	31.9917600172294	29.4669021955142	26.1749158737903	31.5895391704279	33.910266970344	31.4034217880791	32.3722677302657	31.8190443131154	27.9434108512186	25.7068377285111	30.9904974145302	29.1618724193081	26.082149643003	21.9358669990498	20.1208307482569	14.754813113015	15.9065704034528	12.8406017382364	14.2850621629729	16.4755787151772	18.0734079796811	21.2182154998954	21.9049861903631	23.6919729444384	21.877452913902	21.1658687041189	25.5548029732182	27.4111026410832	25.3965229509868	27.7299287233127	30.3863576132448	30.785782254151	30.7105329976541	27.0092437880071	27.1579328005649	23.4872542669423	20.9656270595468	17.6427830854432	16.3739529130873	11.5214490842081	12.7636877508031	10.0882043000724	13.2153299996633	16.0608425993159	17.9617645569693	16.3672465002517	17.1149122404995	21.837386862901	20.8404319532969	22.225728357019	24.7493598099022	26.3984153312277	24.1102914333278	26.4578453582298	30.1597419750236	30.2724712073527	31.3066385452032	27.2553735802685	26.5280044292819	27.7117016078046	24.7786249214923	22.7193623370023	18.9166750513931	17.5349902195582	13.4717331475946	11.6671380380966	9.0560931974003	5.36026090782902	7.48215864573855	3.99707568104483	2.57678578853579	7.40588421459585	10.5042669901331	12.9835416585768	16.5398018125974	17.6134742172009	16.4431324874551	18.7001347053972	22.3141903281298	20.8731126092876	16.6176942143006	18.3481758493862	16.6857605760121	18.4753875737425	16.5039199283079	19.2532616976968	19.9764239792812	22.2674848377629	23.124305438218	20.0112259494515	17.3115460025961	17.7368150748662	13.2409807416218	10.2957012874306	13.0927964163505	14.0144684166043	10.3768345847855	9.22057357218086	12.5422434197395	12.7955723982947	6.72347633296943	11.6756233666558	13.9030981079758	7.41753126046665	10.1188227082008	16.8481368702892	20.2817284519836	22.6721398416647	24.5583281597099	23.487419398478	21.866305517851	18.3590116836392	21.8253344991549	21.8821810841607
137	1.33285295513046	0	1.32777031146204	3.41179043905102	3.50216932771675	3.30971146778688	5.25169791591253	8.65539941308314	10.3472155674848	12.8119215186482	11.8810200740509	10.0136878321625	13.0742305700947	15.4011798574005	12.4147410363648	10.4734346801801	17.0586230393898	18.7098852481783	16.3868255009932	19.7209483291245	22.4698411431857	25.4285856665289	26.6932483411068	23.1799597066086	20.3088204728881	26.4610193681196	25.7066971429626	21.148314046278	26.5619962540469	29.2871594389077	27.1600662370326	30.8120628325985	28.9696984623589	22.3531283045573	27.4050650245534	29.6493147306983	27.9210173883403	20.0721628879401	27.9747389800155	30.2314215014776	26.9102815667172	24.7943375390431	29.9243485476293	31.8686574709384	29.0349559841237	30.7310720281607	29.8860283242856	26.0727651391255	24.1443229559249	29.7625317471481	28.4405838371859	25.4124293211019	21.6568038962355	19.807900570227	13.8473667532856	16.1950232170257	11.8427620933632	14.5939149648064	17.3439224225663	19.0806931477868	22.3444828537158	23.0869922467176	24.3555696504927	20.8809853455243	21.7098392670236	26.0364617027737	26.9118509211091	24.931035177064	27.7053112958508	30.3242965293509	29.7143325686444	30.2323158557197	26.5924025804364	26.9413414662299	23.4642045038821	21.5410798475842	18.0652317449846	17.752552520694	13.1502492752039	14.8338154902911	11.9964808589853	15.2017143770037	18.3896856416851	20.0821895469593	18.9149324344551	20.1232591296738	24.2667573029443	22.7907316907553	24.6590628572945	27.2769669868187	28.0837302899739	26.064596141126	29.1553731240058	32.4797781242422	32.0059169842078	33.0231410983268	28.778925414268	28.305850843951	28.9366653572937	25.5838599511489	24.0324456932706	20.5507943885389	19.6714000772695	15.4759178403092	14.3720346854577	11.6221431328305	7.93849670907534	8.02434028440968	4.30499465737183	5.98124635841059	9.35202250852723	12.3323642907595	14.2739019192371	17.7111808189065	17.3490594557745	15.1728765894935	17.4098524405005	20.7696250808723	19.2062181076859	14.2107656021764	16.9304503779433	14.9442851618938	17.0188924140204	13.8969788083597	16.6473739370509	17.2373870989776	19.2044338630432	19.2697437710002	16.3712186779116	13.872930836705	14.7434300961479	10.7124358107762	7.02723978529266	10.0398275383594	9.7419096690536	6.31294899393303	7.25924968574578	9.31682011203394	8.6629769709956	3.78462428782568	8.76045232850451	10.9033861254199	6.70951309708835	10.7006345138968	14.4650195298866	17.8198617559172	19.5840106464432	21.0196181221258	20.141146491697	18.9369867983267	14.9907001170726	19.2203509593347	18.3426969118502
138	3.19705786622639	1.32777031146204	0	1.32245453608054	3.20053042478899	3.27225824164292	3.02360364465979	6.0340761513259	6.63372512243309	8.33005023994453	6.52832459364575	3.8009801367542	6.73439611249591	8.90872207446164	5.46716992602206	3.74755773804754	9.88538218785697	11.4637696243426	9.64638154957599	12.7454166663942	15.4348155155804	18.562072675216	19.7517847801154	16.2178618812715	14.0024189695924	19.9680165765156	19.3596968209732	14.9371127397499	20.4454621615653	23.143932293368	21.9420838117076	25.7205698809338	24.9164369242474	17.2623878128143	22.2359498785188	25.3713046964479	24.8735293434607	17.2209686429074	24.7064003650876	27.3402295528037	25.114224216567	22.3725054922331	27.9309399412193	30.2175316165964	28.3610498218948	30.0389918272901	30.0229751523729	25.9978504880692	22.9964123506255	29.1700398697019	28.6859694450092	25.4167602970953	21.966295022147	19.0761606724204	13.832657589921	13.3927927259403	9.44666554928245	10.5299436845598	12.7543358509959	13.8066193182835	16.7397297469224	18.0095220647301	19.3273664269088	17.315422980684	18.575972141452	22.4549293029393	23.2482312015345	22.8097925681055	25.2244842167288	27.6796692538043	27.9653213462674	28.9269063330319	25.2949749357456	26.6129077892665	22.7042368953462	19.922855166868	16.219653387172	14.7343676145263	10.3596261515559	10.3690219403761	7.04142087933963	9.48805759889768	12.3997992322457	14.1193778191534	14.4316519497943	15.3019727813116	18.9584488025788	18.0165876069804	20.2073571008185	22.7500775822853	22.7488175736674	22.2401370949012	26.032364952113	27.69591913983	27.2501564399179	29.7294849770392	26.1130936122092	26.2359528128864	27.4357295510799	23.8364375274494	21.0489114682921	18.261656989441	16.970067412948	12.9136259044468	11.8591484517228	8.35569392689799	3.64203541992661	6.73676339201549	3.64731545112292	4.45988542453727	8.84182769567469	12.4294486201118	14.3292792910181	18.0473168642876	18.5433153993562	17.4005187853696	18.3212623473384	21.9552466622445	19.2064470946607	14.6269268816112	15.0092250965864	12.2289226426534	12.6015914471149	11.0584419336541	13.0143670226408	13.1728904193423	15.1476334785339	17.1157830378864	13.6807786693594	11.1575958880038	10.790080907945	6.21466346635118	6.18745610085438	7.03653508482691	9.12944056336423	7.66116714345797	4.45509079593222	8.7904585204641	10.904771891241	6.12821548250386	10.2467402133557	12.729252806037	8.4494867299736	11.62959848834	16.6419244079523	20.1374836809369	22.4312056073676	23.7893420253693	22.2415938727421	19.9127612098373	16.0806340049141	17.9570560226336	17.4806390043385
139	2.42786449374754	3.41179043905102	1.32245453608054	0	1.32473129350823	3.23361546879032	2.98071535038151	4.97322571375963	5.79155618120035	8.51160760373738	9.04342816635373	6.98405827581643	9.82190027438682	12.4779788828159	11.1099878487782	8.52776922764682	14.5349856897074	16.5666814419787	15.2224097303942	17.8033610590809	20.5301575980312	23.6665306920976	25.2445951641138	21.7726954004322	19.2078532116424	25.3804979068575	25.0380300542994	20.6442549151089	26.0653186245632	28.7948443649206	27.6507194481446	31.4182814775092	30.4468116721604	22.8090075408817	27.7769517946084	30.7841896109025	29.9603698575301	22.1948374402698	29.7001969522089	32.2547510298871	29.6984414069156	26.8301309352004	32.3160401348928	34.5760357617816	32.4357839122165	33.734188325792	33.4143339751071	29.4392030462783	26.8578377573475	32.6425642681454	31.5600736532727	28.3031388718637	24.552868528952	22.0877955441461	16.6112262039863	17.1534247017906	13.4847786040409	14.9779194149254	17.1692332676797	18.5225579497001	21.5699239683407	22.5863885780795	24.3225114040471	22.1824595795868	22.4483633924614	26.658845548898	28.1119771271962	26.7025216224985	29.1073997808117	31.6782675978343	31.9750492415571	32.4169640157742	28.7254344614664	29.4835882992556	25.6369991028591	22.956030776247	19.4253284656914	18.0030311614461	13.2269818930851	13.7427806502178	10.5250560568578	13.4927615409152	16.3073652071694	18.288465736633	17.5376070488536	18.1973173847136	22.7110696357525	21.8905102041958	23.5881319523187	26.0681254024911	27.1989722783785	25.6541617286552	28.3226089899924	31.5693182853225	31.3864787129745	33.0869710006824	29.1939088509915	28.7786285635713	30.0908280710252	26.8314104362778	24.4116326778853	20.9871595505442	19.5812905345894	15.3788715450777	13.801256790597	10.646791864219	5.87850355107488	9.44021498695872	6.08987265876717	4.36500332187732	10.4942033999728	14.0115402793554	16.4283265733306	20.0019675532184	20.7745105838862	19.7581905548054	20.9820521875245	24.5998329262619	22.4517198004964	18.0941514860465	19.1202289735243	16.80197027137	17.9761538433559	15.9223174820753	18.2453294023429	18.4017770337541	20.2999013790708	21.3931148970878	18.3738129140361	15.3836710183233	15.5698077701685	11.1409908895035	8.75086618569842	11.9062107322187	13.222237859001	9.89337409582798	8.68830535835383	12.5229764433221	13.6736368241957	8.86477901585821	12.9139556681909	15.4636522529446	10.7178108772267	13.538217201685	19.2804841744184	22.7835117793548	25.1786190447371	26.5987043669424	24.9703194212649	23.0868298603338	19.2425933803113	22.189132497689	21.8448926754058
140	3.10090212680116	3.50216932771675	3.20053042478899	1.32473129350823	0	1.32943183352889	3.40313649447094	6.1450013018713	7.99048959701469	10.675229786754	10.5135984800638	8.97961792060219	11.8420194646015	14.355535343553	13.0809420532315	10.9281082077366	16.6855130877057	18.5754444899712	17.3529923932445	20.1183741887857	22.8038570860282	26.0237124561428	27.4209246379476	23.8752676634211	21.6663521156654	27.7063891728966	26.8981780423879	22.7810249110965	28.3215170850716	31.0141649412007	29.4103022085799	33.4479224167959	32.3666935289968	24.9775404313555	30.0093747685619	32.9367736883867	31.983325921486	24.1125821512338	31.9060599573185	34.4113137354563	31.6486328456697	29.0930749320178	34.5230999911653	36.6899962115016	34.3470639793273	35.8797555314971	35.3936319978609	31.459848585141	29.0452818543735	34.8279120390528	33.7163939649542	30.4961081287432	26.7269477494158	24.4418562511115	18.757030495257	19.6851576066843	15.7604736286699	17.5080743944044	19.7889221030353	21.1534974885951	24.1941292259093	25.252939314068	26.9196102497789	24.4906176728967	25.0476142975733	29.2607014782626	30.5007525316999	29.1284388527775	31.6182102434657	34.1974428429963	34.2970409948147	34.8015060737319	31.1138441533668	31.8976514182471	28.0127544165153	25.4832306036735	21.9437080503729	20.682632472681	15.8918558072995	16.5061222884116	13.2446235884603	16.1420113678562	18.8569892877946	20.8986949353303	20.2888912954848	20.8368967219209	25.4152150689307	24.6461719542813	26.3565476874343	28.8264930055669	29.902768032408	28.4103774878124	31.0201254833052	34.330163646566	34.1295028531035	35.8207313856096	31.8851379956242	31.4289005057447	32.6497152361242	29.4005572226106	27.1014816015656	23.6403359324693	22.2883437249159	18.1052226995417	16.4483152328741	13.3985851491865	8.59683622037782	11.7759515114491	8.18278375615535	6.78447941997026	12.7991709887789	16.1650557066779	18.5212600813228	22.1040671596881	22.7311019310547	21.1623998875364	22.9310716060109	26.504697942063	24.528430952672	19.8623876208275	21.3446371953238	18.9192313268801	20.03983657618	17.5799635380737	19.7842369830125	19.2663476040478	20.1176556536789	20.8552653543416	18.7018666715384	15.1237557504741	15.7113627034704	11.965628023635	7.18327571515949	13.1302751304	14.1924489077819	8.84636970739976	10.621955422614	14.2076786985067	14.8289300018579	9.96057046559082	14.4915163457797	16.9019267540716	12.2096819368893	15.4429576182802	20.8054162419308	24.258277391439	26.0824993050896	27.3954412448495	26.3123015146908	24.7726095516803	20.8350630668592	24.1208170259633	23.6072444177629
141	5.08413375119106	3.30971146778688	3.27225824164292	3.23361546879032	1.32943183352889	0	1.33141165685147	4.36920232994536	7.2790896408823	9.58389153736623	7.44458521342861	8.26968040494915	10.9787533445287	12.5116815017007	7.89902392704314	7.73599961220267	14.0167454496399	14.5142083490626	11.486207119846	16.2747576326039	18.8766204072657	21.605749188584	22.0543871372568	18.5352010509732	15.9858412978485	21.6564896739984	20.3073716172231	15.7089815074052	21.2463528634917	23.8813805924197	21.6187095128271	25.6455355568957	24.0842695135227	17.2145153286405	22.3347091765261	24.8843781718571	23.6842143420465	15.75169876553	23.8896326049607	26.3163062947671	23.437366426286	21.4393733350581	26.784237920837	28.8175292834067	26.3991655928743	28.9383134442904	28.6999223343897	24.7501095149092	21.9546997702087	28.3059575531371	28.2299727948859	25.003890957209	21.4686829824282	18.8672688537584	13.5058639486706	13.7241128675044	8.92372797658018	11.1365418779799	13.6824758724436	15.2145447516513	18.3576593551575	19.3018783541913	19.8818555472069	16.8148857266411	18.958089829938	22.7969584594086	22.9477225231612	22.4552823629542	25.1285656375369	27.5366381571898	27.1920596682193	28.6074589049779	25.0548319890595	26.8536153618093	22.8066228538993	20.186574077837	16.709958078942	15.9189909856121	11.9324093543592	12.7907004108454	10.1245311002535	12.8983938147352	16.331453731986	17.1816831247698	17.1359022522889	18.9676324563716	21.8957481945697	19.9745953651132	22.4077560233059	25.091745475355	24.5187382220211	23.7055559099549	27.8468133006274	29.6079698054426	28.7175186428076	31.0246554372486	27.2461640786368	27.6733712257831	28.4778496554779	24.5375784665072	22.0464146971792	19.6209443962313	19.0054142548906	15.0374242807736	14.8295781801102	11.1143981393506	8.1519933145213	7.18248320568868	3.4517828726616	8.8548179540858	12.2670037906573	15.5471815452191	15.9129276376159	20.066787909379	19.4907201252288	18.6123362047863	17.7110333125992	20.9464204340503	18.1558161204612	13.3582557618875	14.0734698280133	11.031256954672	12.0113665334133	9.27398452662069	11.4942329017643	11.7627491259484	13.4406603260405	14.3538803812767	11.4257794482477	8.3571567533462	8.84362193900214	4.85058439778136	3.22501054261842	5.09844319376023	6.26304630351716	3.480934070045	3.0983842563504	6.53655520897666	8.19858066984768	6.72745286122467	9.1114346839562	11.6786089925128	11.157356541762	12.9647797513109	16.4197944262405	19.7411021475499	22.0836456682315	22.6868652969069	20.1999031928373	18.0596647809421	14.007896523033	16.1640361914962	15.3193489417795
142	7.09038200663406	5.25169791591253	3.02360364465979	2.98071535038151	3.40313649447094	1.33141165685147	0	1.32667855941068	3.26405192973397	5.87166552180896	4.27920845484302	3.90186378542358	6.4481208115233	8.18892960038124	6.70104417236597	6.79766592294737	11.0178894530668	12.3750450908269	11.6284360943336	14.7070335214142	16.8836219159279	20.5174464541765	21.3288698481659	17.554888920184	16.7392682337072	22.1419196548086	20.622799543224	17.4335186064088	23.0645550791685	25.6049963874241	24.0639765209327	28.2172573614092	27.3813093003238	20.1870525089722	25.2019881160197	28.2774492484736	27.6978285791504	19.9206460487606	27.8443654084628	30.4165960948953	27.950100643826	25.7161387070454	31.1963245912079	33.3504124262355	31.2354792663727	33.6513731666332	33.5900336558331	29.5951074672825	26.5837492276767	32.941456555532	32.6725589600815	29.4128198920131	25.9880906955475	23.1214213447184	17.8047658226667	17.3875849099293	13.1774151486549	14.3147895548625	16.5847098557678	17.5466493952549	20.1783984993854	21.7627241171688	22.8248639207335	20.6764659697928	22.4594812273124	26.2420513298789	26.6796247349921	26.6046637077036	29.0511007364609	31.422793510444	31.5796685226429	32.8648745319376	29.2694962887987	30.7622934938213	26.8250196085669	23.964485890584	20.3594196872111	18.8326021834477	14.5482807919012	13.7690115113613	10.6408458780306	12.6394912872315	15.0173909185318	16.916799253996	17.852611153554	18.3277510349742	21.55315795887	21.7106752313234	23.7766629492029	26.1257925430024	26.1369327006824	26.1372594202223	29.4176028595125	31.1731404096539	30.9742453983951	33.6187032022355	30.1689406177943	30.3563503405795	31.6078449439376	27.9947281465636	25.0697141587215	22.420420379645	20.8188626490498	16.9397285102212	15.80220952905	12.3629438646303	7.20643358395816	10.9905190960209	7.24473367350381	8.41136724914565	13.9003874406435	17.5232427079008	19.0651771300452	23.0377488917646	23.2693729610404	22.4696278117818	22.2701259538423	25.8027323746924	22.9603380637133	18.1836135022718	18.5455736497958	15.368958162478	15.4877386664419	12.9554179399972	15.0485685698009	14.4493768031704	15.7665398550221	17.1306144956916	14.496258862203	11.1036978525174	10.9994170754636	6.82365957533053	5.74345410010387	8.58483622441337	10.633879113475	7.75624580580064	7.5595581881483	11.6179726716842	13.3599510478145	11.0630278857101	13.8186985277196	16.4608905287654	13.9984813462032	16.5129547628521	20.9680571822952	24.3968755991418	26.7824595397809	27.6135185733365	25.3085313283881	23.1409828010826	19.1286447507397	20.9268509575617	19.9996405217694
143	9.96872634793432	8.65539941308314	6.0340761513259	4.97322571375963	6.1450013018713	4.36920232994536	1.32667855941068	0	1.33311402363039	3.01868663494574	2.77933769088969	3.00131271279753	5.22572683939756	6.78290063320996	7.43910465042669	8.39348133970643	10.763669680922	12.2071293103661	12.9683817417595	15.084878985262	16.2459156097771	20.8135307432449	21.3567606626099	17.9055532726582	18.0438812343686	23.1199692690107	21.5970280825858	19.1084279311512	24.584109542548	27.0267247183228	25.8642348620639	29.9467728144453	29.8842614096451	22.5705755797233	27.2365266875202	30.8240579255879	31.0078851100813	23.6403428063131	31.0336973949286	33.7402926632239	31.8769159894743	29.3581658316728	34.9119718578026	37.2044415896812	35.5751474628005	37.8792705975181	38.121597579325	34.1313024802746	30.7582383760839	37.1544080157389	36.8647049357512	33.5349488444518	30.4183282413745	27.1190741914248	22.2602696749163	20.9180263409338	17.4441104387699	17.32228099876	19.2667038696296	19.5285524809188	21.7437619790137	23.6026344716008	25.0320833731434	23.9726173372871	25.5023125618051	28.486576505435	29.558307309452	30.2113097365871	32.338847304751	34.350663487042	35.3302402341111	36.605482116754	33.0492198697639	34.3667466892053	30.62907980988	27.3796675472877	23.9015547820639	21.6809898759259	17.6507431288317	15.3131383132263	12.304652290902	13.7720424411196	15.456961182587	17.5900196134058	18.9110077468124	18.8694515288601	21.994179070836	23.1651139863373	25.0097411821874	27.1558449141248	27.4410427280014	27.9965163725775	30.3034397552489	32.3440763355518	32.4458501044433	35.2796651061203	32.5508557337591	32.6601650485726	34.3402556921174	31.0986993136369	27.6497518795377	25.1215447176323	22.4725754865792	19.1795313029281	17.3846664909051	14.5321239328599	8.54775034731362	14.6571588652099	11.7548681830125	10.4844840597905	17.0137112941298	20.63591025373	22.7304365994144	26.6164533512638	27.4532303017332	26.6303809585969	26.780470010812	30.3809771732247	27.5047603879765	22.758359343327	22.6871162777467	19.4193266618593	18.6885215573624	16.6722269058455	18.0721725036034	17.0459041707972	17.7971241216102	19.5565743677158	17.6240109226022	13.8632920332798	12.909500881134	9.98802813372089	7.57934225378429	12.4200063204493	14.7143535705786	11.23698166769	12.1236275099493	16.1883731424748	17.8753449197491	15.1585192548613	18.3408385031874	20.9659328673923	17.8249046000252	20.5729092011801	25.4112278727337	28.8670149998229	31.1977797126655	32.0751882925105	29.8641172981891	27.7377103056471	23.7148981444155	25.3005551717744	24.180083477937
144	10.4516281506759	10.3472155674848	6.63372512243309	5.79155618120035	7.99048959701469	7.2790896408823	3.26405192973397	1.33311402363039	0	1.32093224655922	3.22423339725895	3.12387163628726	2.78179600258538	4.87016970956865	6.53934071600494	7.25320467104024	8.52161786282393	10.5678153844586	12.3306425217829	13.2710610728758	14.2088380946508	18.9345516450747	19.8184880351655	16.8363714024133	16.9513787049903	22.0223779142944	21.3659201533657	18.6023574850071	24.0522746741343	26.5059802497474	26.2737341655121	29.9596003644908	30.3116883396488	22.6394983159963	27.0421992818632	30.8943325708778	31.460078337474	24.40807272195	31.1664891510096	33.9554191992972	32.518300124699	29.4759140146663	35.0680150707165	37.5135771154925	36.3606583273736	38.0463838623331	38.5236419098714	34.5141535170718	30.9753480367856	37.1989483319085	36.7273465145523	33.3207284734293	30.2545497735465	26.8880355734665	22.2056983002111	20.6388043742849	17.8985939950601	17.0353538560254	18.6694741757769	18.6058436788016	20.5620929139035	22.4995117724807	24.4397321180082	24.0417624145985	24.8617735891871	27.2343815608139	29.2941016759347	29.9402624904993	31.8117155306029	33.62015208175	35.2274415335545	36.2404366557579	32.7179197994004	33.7592140607568	30.2240032093699	26.6529231980284	23.4440749231016	20.6279023170074	17.0336540706919	14.1115352460319	11.0392613883357	11.9050477109502	13.1337000498717	15.46936010312	16.9620574223766	16.4108330379661	19.7177390438153	21.5561819903247	23.0944587293143	25.0393973769338	25.8309462079886	26.4779392513843	27.7024224933489	30.4154091539141	30.8460065972891	33.593726289294	31.1943600511374	31.0169514459432	32.9775454665747	30.1909372660075	26.5332130922736	24.0079841927639	20.8324375194071	17.9295040366431	15.6225922944945	13.4781192308126	7.47540587526858	14.5509007968579	12.5683276930545	9.33568465619957	15.8750076220454	19.2183350735697	22.1545428975639	25.5296245957515	27.3135790770818	27.0153725867329	27.3199883784748	30.9566202451107	27.8697289007267	23.5680340503827	23.0359546144717	20.0318490908852	19.2155066027414	18.0724070615953	19.3850493164191	18.5094282191536	19.177585484101	22.2447740154851	19.9623073315687	16.554718511651	15.1407045410707	11.9813530538082	10.9445979368819	14.5375781339259	16.9370405325133	14.1549705050911	13.5378077250344	17.9132176060026	19.8846968546166	16.646695197546	19.7546273313368	22.4661028885742	18.2974431547143	20.367742805721	26.4453408750956	29.9186011872213	32.5844414560078	33.8086562436309	31.5919855976164	29.1255579517372	25.3359788837929	26.0838417799219	25.4382870689046
145	12.805413659855	12.8119215186482	8.33005023994453	8.51160760373738	10.675229786754	9.58389153736623	5.87166552180896	3.01868663494574	1.32093224655922	0	1.32729537029253	3.26297548259254	3.74922258608368	3.08310330673495	4.98283754501388	7.2478135323696	7.27451744104033	9.02992918023169	11.1899856121445	12.5482668524382	12.3005399474982	17.7892454308776	17.8391704683822	14.8605644912971	16.4389676987334	20.7013484101882	19.2714971655033	17.6052224922038	22.8500438730432	25.0810835890318	24.6445260453513	28.4450922480487	29.099799466663	21.8918297773393	26.0640160566249	30.0050014164306	30.9126245084431	24.1862122086117	30.8252523915052	33.6002734215066	32.4011689912571	29.7114793977008	35.2015103369159	37.5791325471996	36.5487566546387	38.6773743421138	39.4134153937463	35.5488424846717	31.7620740664082	38.2151668581991	38.1824242944316	34.8102223635529	32.0471920142779	28.458327392874	23.9407431380064	21.8810913119067	19.1249610718558	17.8334772268338	19.4060067247231	18.7277104847336	20.5191333637656	22.7308709248018	24.1924018030455	24.1389236504033	25.7497632804653	27.5456039323882	29.0181928107179	30.7372060051007	32.5362161598426	33.6464984953858	35.7836500374123	37.0919786207207	33.860780779539	35.281674690978	31.7735408319564	28.0460417528035	24.9643920414658	22.1368448745525	18.9106891730576	14.6884590069891	12.5899570690293	12.4993447828276	13.7897319045731	15.8296945327445	17.724208614209	17.703486831695	19.5715656501977	22.2170675382689	23.9463586167083	25.739902117141	25.804148755578	27.4126025032283	29.2552437350982	30.6997471162223	31.0661752393178	34.3075289841749	32.4067011588653	32.2815023504173	34.4099589363312	31.632765512993	27.6818407263679	25.6909515199418	22.2607367802595	19.8543042184812	17.9638957356137	15.5449586361624	9.59030807638628	16.362348822831	14.4012503971009	11.7952589628206	18.3188211684049	21.8331263221738	24.2184520768772	27.9151900942838	29.2890774863259	29.1093802750935	29.028927468992	32.5865537607155	29.2084417591901	24.7978183717842	23.8705250465925	20.5411474119631	18.9796576628768	17.746002648484	18.3480962772708	17.2258312426425	16.811514179276	20.5676900987933	19.1642861855066	16.0841216732528	13.3891211436748	11.6492598048116	12.6817898973292	14.5302429780097	17.1836132696241	15.9631378807552	14.7362208181067	18.9475481527294	21.2370007298583	18.782065434877	21.5281557268615	24.253657105682	20.5027779093468	22.4989433307433	28.3507351227442	31.8000310219974	34.496183861407	35.4999689295639	32.9760968885039	30.2317018541795	26.4959813179282	26.5104599167951	25.6030605592378
146	12.8545821402331	11.8810200740509	6.52832459364575	9.04342816635373	10.5135984800638	7.44458521342861	4.27920845484302	2.77933769088969	3.22423339725895	1.32729537029253	0	1.32346892672249	3.44808541077509	3.26829573325304	2.82627829486058	4.99864561656455	6.74898459029208	7.60477599933094	8.74989537080301	10.8261044702146	11.7752480228656	16.323551635597	16.5698392870903	13.0683141223342	13.9136297924014	18.5026137342809	16.9488419073399	14.8141485749266	20.180318679347	22.5216374404704	21.7646393262098	25.6611333732554	26.0307240775204	18.7633804523599	23.1368384616395	26.9451342360731	27.6436756419981	20.7932068714761	27.6188748865699	30.37284782499	29.0333347206276	26.4683786620941	31.9517690746538	34.2862258932067	33.1524751112191	35.3898534187414	36.1533173858223	32.3257179502637	28.5353992087022	35.080364921135	35.2271243504207	31.8994364527024	29.1084600932444	25.5958385875517	21.1149335542407	18.9440421768956	15.9913220529136	14.7993863048439	16.5061986538391	16.0590123295301	17.9881874851248	20.1215195748234	21.2944242936972	20.9053564906222	22.892286517515	25.0476633840364	25.9627700178544	27.6863095409988	29.596210652717	30.8137619579304	32.6381561213252	34.0742306296122	30.8993463037651	32.5551217783009	28.9666163367419	25.199876567158	22.1859198817629	19.6851827017176	16.1628602048029	12.1648038619618	10.5448364615104	10.5268896165962	12.4120728728122	14.190700687422	15.8776741999576	16.5291904520457	18.1946108779496	20.0213759267439	22.054066065014	24.0885317319259	23.6410549257008	25.1587933136707	27.9132491301174	28.8122636042363	28.8641485064084	32.1756654321243	30.0683235482127	30.3587549975291	32.1976143681485	29.0497755413015	25.1605859033529	23.3309797693967	20.2219391997899	17.7146799293693	16.266719060708	13.6964984576351	8.59306964943262	14.2221443530854	12.4011872818694	11.847389459286	17.2622402080379	20.949783722034	22.2256334892844	26.2401785626546	27.3039933526215	27.4808064837988	26.1872989252424	29.6188135650299	26.0876227165298	21.6513274188905	20.6257835972358	17.1924319396646	15.6166691070791	13.7822560562486	14.5826394730172	13.2541134746916	13.4836326707605	16.2257954504548	14.6485248745394	11.3074953017899	8.9414215312779	7.29175959559831	8.21231081973886	10.3229380992041	13.0071912802111	11.6756122323414	11.6949030778369	15.534712195596	17.6523596722931	16.6267493215	18.8453483650475	21.4806021563642	19.4339056548086	21.1367647003982	26.0470212116472	29.3561964838771	31.9255345609122	32.2511688780422	29.5845790235386	26.9575089539074	23.1222161567614	23.1234910859066	21.8595229819866
147	9.46555936012236	10.0136878321625	3.8009801367542	6.98405827581643	8.97961792060219	8.26968040494915	3.90186378542358	3.00131271279753	3.12387163628726	3.26297548259254	1.32346892672249	0	1.33054424954602	3.23084416213472	2.93317268499487	2.88188497341584	4.59669903300183	6.45958613225336	7.70207543458256	8.78944281510494	10.7852926246811	14.6128130419848	15.7456650859848	12.5463075444531	12.1478009944187	17.3247636636117	17.0531304164368	13.8284927956737	19.2529117797802	21.7797401729222	21.904462148156	25.3522868593743	25.8206319636062	18.0111066012058	22.2992248519988	26.223357069605	26.9975497406709	20.2737999151614	26.5953281047631	29.4098751782458	28.2797080253669	25.1177231054091	30.6679185469115	33.1490068780348	32.3211260478344	33.9634209996579	34.6997934431893	30.8078083933278	26.9970547097271	33.3078752249374	33.1706089935051	29.780460187848	27.1083611824839	23.4484153409138	18.9936708142476	16.8720077347066	14.5338790761448	12.9019266778261	14.3913235319063	13.9492592634878	15.8753706728379	17.9135080037384	19.6981344548158	19.613357412743	20.6889346511608	22.7255433818424	24.6084402593907	25.7797997470888	27.5418048428203	28.9642697301347	30.9545068770284	32.1148035335731	28.8131860959527	30.1595945098736	26.6813146790034	22.9502793011327	19.8942589206032	16.9996700262093	13.8063817490319	9.66631687872895	7.7201710473279	7.75672933651807	9.37064939051719	11.3631274304216	12.9482410002286	13.3044560204467	15.6459990412885	17.3219195529826	19.1517868879121	21.1701236179669	21.3039104626357	22.4182692017024	24.7503428259085	26.1874985632458	26.4162595762534	29.4659577987888	27.3258128881832	27.3795788499385	29.3433075845243	26.4872878943844	22.5609990913523	20.576295536369	17.2417948601647	14.8347684174712	13.2111008625322	10.7790419796937	5.02933554259407	11.4061913888905	9.67278832602058	8.20234960240052	13.931074904687	17.4804518248242	19.3675503871811	23.218500446842	24.4690189627619	24.5008091499036	24.0708943955143	27.6581622853002	24.4599775142987	20.1881278725889	19.2038991353319	16.1780894731115	14.9693561985812	14.5797724947957	15.551445238305	15.1124206532243	16.2408900310297	19.1407631248077	16.7167156164122	13.8393231409632	12.1217806447733	8.79449907612707	10.5215603880793	11.2635698160042	13.7710602714533	13.2122369794066	10.326105703507	14.6774756003885	17.0372465791864	14.7111270472388	16.9191774622764	19.6523944088246	16.3017707933832	17.9876016744868	23.6289416817597	27.0311051938318	29.8706328690907	30.848825925795	28.4550026005973	25.7368268051833	22.0570347281769	22.2408178581634	21.6681386833295
148	12.186415592782	13.0742305700947	6.73439611249591	9.82190027438682	11.8420194646015	10.9787533445287	6.4481208115233	5.22572683939756	2.78179600258538	3.74922258608368	3.44808541077509	1.33054424954602	0	1.32566059004558	3.0422348693025	3.31277013992822	2.91682618611393	4.80021020373066	6.88793343463771	7.63130316525296	8.38819110416542	13.0505044346952	13.9597568030392	11.2958040882444	11.9936814198143	16.4887444337039	16.5204455751048	13.8779297447422	18.802921714457	21.3885581327961	22.0237737229567	25.3264167619504	26.3094744531319	18.6371519819955	22.4836839952887	26.6340463504891	27.8962905957047	21.6886594790918	27.3826885093484	30.2207977558502	29.5435936371999	26.2441532726815	31.7000422239466	34.2322059178196	33.7930791139251	35.2360026535361	36.2618705529651	32.4636855732679	28.4626014622698	34.6956314973514	34.6385187905026	31.2438451858922	28.7903074835959	25.026918807556	20.7141215116644	18.4145118317049	16.386634858933	14.3592202086325	15.4871161292217	14.2739072786676	15.8761862233976	18.1334945335972	20.0474860269312	20.7230568691011	21.6576777610158	22.785552198707	25.1462070499708	26.9079475620122	28.4076286057108	29.2514803386085	31.8539193192926	33.1027156740954	30.0344665675953	31.3400094128895	27.9686120856935	24.1277657689227	21.3536807834153	18.0422333983351	15.1717227103582	10.3145249527063	8.40363338086569	7.62739778692576	8.74119516999821	10.7045277336275	12.7612765035478	12.9043106363726	14.3864208544029	17.1483094502053	18.9500548284167	20.5663883557614	20.8183447949158	22.61024018006	24.3296698086924	25.561814176619	26.0644954104237	29.3116099182559	27.7634884875802	27.4193660211173	29.7958514058585	27.4338951117044	23.234738066094	21.5687376311179	17.6956106139348	15.9890486583786	14.264941815514	12.0979666473338	6.82177081116039	13.444966530267	12.2423390330443	10.5753850993711	15.5540874370694	19.3229530093099	21.120429091285	24.8352006233088	26.4757525672076	26.8494599945697	26.0110398484951	29.6275289553483	26.3123790258502	22.1468774774233	20.9280931047241	17.9979189352547	16.3548642917023	16.4527122080221	16.8268522903126	16.4548686108398	16.635361673255	20.6756934829282	18.7478610246609	16.0827906160591	14.0535857346088	11.0136572490704	12.9139325536414	13.4603931591912	15.9731158200271	15.8649175541507	12.7661825930855	16.9894255052959	19.5068030696985	17.4712757404833	19.4785152154881	22.1950448749265	18.946808227245	20.2597970621623	26.0475639168042	29.3852657806595	32.3562687125694	33.1800467449942	30.7138160116909	27.7952422727344	24.266315171447	23.9787304501302	23.4435882279143
149	14.9312896629863	15.4011798574005	8.90872207446164	12.4779788828159	14.355535343553	12.5116815017007	8.18892960038124	6.78290063320996	4.87016970956865	3.08310330673495	3.26829573325304	3.23084416213472	1.32566059004558	0	1.32460295938066	3.52354565743088	3.59727313391686	3.16489067741683	5.39421894253468	7.10932155694197	7.00150576661906	11.9694920944875	11.8920051715428	8.77371990663025	10.9813392170536	14.6305438723241	13.6120621141692	12.0298164158893	17.0315707144115	19.1690771295855	19.4604326776154	22.8587852914366	23.9838866950292	16.8307094027554	20.5316202234505	24.6756567085863	26.0026389814572	20.2247830396274	25.9001995552158	28.6917930774638	28.1353063605144	25.3227965280298	30.6343536246483	33.0490040243273	32.6207747455513	34.5491365159826	35.8279240397766	32.2033786115681	28.0352115918536	34.4954932418715	34.9330746571211	31.6270549529987	29.2335174072502	25.5699201015568	21.5234871477649	18.7628082386406	16.2157374485405	14.3679519069351	15.505656806469	13.8610950505362	15.3372222387237	17.792126151756	18.9531875155605	19.7357761185113	21.7107731092193	22.5345224932768	23.8625034311155	26.659058441738	28.16834091671	28.4181288089135	31.3343279647099	32.8179818697006	30.121481819459	31.9006914188392	28.5740390739566	24.4221820073473	21.9880509822949	18.9957455499909	15.7806399426639	10.6875705377789	10.2195321810737	8.39293250300513	10.1561084082438	11.4629977318326	13.6777630846568	14.7335912119211	14.5872126878304	17.5752327438359	19.7096935288198	21.3474177595324	20.4754626077166	23.1285591423244	25.7243750167035	25.6661287497745	25.8904650402421	29.6263902121065	28.2677285433407	28.3772282296915	30.6736245983418	28.0812957322129	23.7428641490449	22.6467073544919	18.891659905895	17.4250334002549	16.0247245842167	14.053357570346	9.35730874771159	15.297963067023	14.3402859455452	13.3607644242386	17.6994167700521	21.6624660876826	22.7993619208959	26.6683118888317	28.1145380363968	28.8145078909913	26.9333341604785	30.2516121388596	26.4387788295904	22.3693467718662	20.616108798704	17.3612127744579	15.0013539722253	14.9691025115068	14.6463788357396	13.7710836901095	11.3462501735155	16.4494712377024	16.5518435529097	14.2714166080316	9.61800155957567	9.48383387665558	12.409302035167	12.6738239296591	15.5156290881163	16.4739050622492	13.7735986220014	17.4550494127058	20.1030507883754	19.3498053220181	20.7454399085679	23.438843956134	21.3594434852596	22.4471900245888	27.4202964425989	30.5749224038263	33.6006869572632	33.7472908690461	31.0610487105635	27.8563256370972	24.5220914483247	23.1180618781073	22.2968339905019
150	12.6528863505526	12.4147410363648	5.46716992602206	11.1099878487782	13.0809420532315	7.89902392704314	6.70104417236597	7.43910465042669	6.53934071600494	4.98283754501388	2.82627829486058	2.93317268499487	3.0422348693025	1.32460295938066	0	1.32176662085257	3.27986920470923	3.1736657038825	3.24958012672406	5.31007193924903	7.48303160490452	10.7227277313191	11.4978637146211	7.91261562316785	8.07812589651832	12.670584872057	12.2820499103366	8.18392308126121	13.9224060061471	16.4809954189667	14.9013399397504	18.8256755788471	18.339351597044	10.969035098859	15.8564924557734	19.172059722419	19.3007986881372	12.2296448435758	19.4247818263166	22.1059698271756	20.4943569794224	18.2951564081863	23.6891314741592	25.9010477587298	24.6308449103964	27.1207659183881	28.1319463421925	24.5072326059064	20.6088289089895	27.3947156583163	28.2096518411695	25.0847582607447	22.2685818138471	18.7617318496987	15.2417385491288	12.143718211487	8.86423696659786	8.24258903500593	10.1810901675606	10.3266388045675	12.3511591763688	14.2546702873128	14.2311353377023	12.8051531423876	16.2424441818342	19.0135144042336	18.2289683196828	20.2360854168982	22.3846133314829	23.6897853303908	24.7545830504171	26.5876864356416	23.7806500121422	26.2138831347055	22.5452674634833	18.6240053157209	16.1787595939862	14.2449801333663	10.5129456861528	7.37274670662162	7.00556885627427	5.90040854517719	8.35590384099769	9.23331376050873	11.1907074843372	12.9280320621508	12.9073497279651	14.9096946984169	17.1418262154299	19.0870995963242	17.9037092246272	20.0918513333142	23.1893034608632	23.2796401174932	23.2300405725001	26.8925234219476	24.3169614261322	25.5807148844593	26.9499129126608	23.1815244106163	19.5334539188542	18.2222376781777	15.8548394504643	13.4623509833907	13.1290931903159	9.9812977613134	7.75944347231166	10.0139539144136	8.97930181027456	11.5879794614937	13.8957222194458	17.720903165471	17.4955479193994	21.7287272061665	22.2597464945134	22.7850132762744	19.7663951189892	22.4826385462205	18.8624991451292	14.4798460627177	12.8960678503178	9.11294030486319	7.12028995196122	6.29339669812733	7.35886356715492	7.43244414711608	9.26412899305704	12.4745414344576	9.21432867874812	8.2425542157756	6.1241530843048	2.72529136057046	5.92552799335216	4.03655769189541	7.19499513550913	9.11008699190079	7.26232125425474	9.54147058896059	12.136133404013	12.9786200730278	13.5506446341124	16.1022464581809	16.368256657323	16.6554432243636	20.2824052567737	23.2212138571609	26.0527048307848	25.5498155766338	22.7338480244766	19.5239207384173	16.1992320188335	14.7839238702044	13.7359673121335
