68	69	70	71	72	73	74	75	76	77	78	79	80	81	82	83	84	85	86	87	88	89	90	91	92	93	94	95	96	97	98	99	100	101	102	103	104	105	106	107	108	109	110	111	112	113	114	115	116	117	118	119	120	121	122	123	124	125	126	127	128	129	130	131	132	133	134	135	136	137	138	139	140	141	142	143	144	145	146	147	148	149	150	151	152	153	154	155	156	157	158	159	160	161	162	163	164	165	166	167	168	169	170	171	172	173	174	175	176	177	178	179	180	181	182	183	184	185	186	187	188	189	190	191	192	193	194	195	196	197	198	199	200	201	202	203	204	205	206	207	208	209	210	211	212	213	214	215	216	217	218	219	220	221	222	223	224	225	226	227	228	229	230	231
68	0	1.32941829384133	3.19193875254523	2.77317778009272	2.98906306390481	5.06630762982273	6.83831485089711	7.2614933725784	9.15313328866132	12.8454490384727	15.8628103752141	17.4353320014274	16.4537888037983	15.557223691906	12.1938480390728	11.9655842314531	12.3277184020402	9.68749405161108	12.6913202622895	14.715749420264	11.6606625454989	12.2263173114393	15.1171319039029	16.5929472065694	13.24650236855	16.515421550781	19.2295796625927	20.3008335050559	20.3032986975023	17.1721864653282	19.6076731153903	18.8721752853242	20.6228158358649	21.2659479450129	22.9179103104973	19.6971824634895	21.9405267256737	16.5631461383398	21.856588800634	19.1682248004347	16.6637980664673	17.2764785184944	13.2972690429276	11.6102110661262	10.1703595315013	12.2473198292524	12.6374591591823	8.63095180151065	9.21429633775689	12.6186460842675	13.0543302011248	5.85637993986046	12.8024128194649	15.6827838408874	16.050090747407	17.0332896705246	20.3415608791459	20.5571326064702	20.3260952718421	17.2651585860078	21.329920206133	18.7114812080712	22.4355729144589	21.597811440051	25.6258678292073	24.4123232200461	24.1890241431935	22.03121610352	19.6416314240951	19.8712417830391	18.7712304071949	15.7796570938661	15.0922550004961	16.1740616111105	14.0290043837758	10.9545160093908	12.0016642179324	13.1737181919153	10.1716760664111	7.33845685413493	10.896725976182	13.1957180175995	15.5555218170269	17.5657772671749	15.4508413039549	19.2158661787597	17.4448587555188	17.164592013794	21.2092479357473	20.5663942877695	24.0157970719275	25.4552204861792	27.5516814368924	29.6494563187928	27.1235882766274	31.049841046292	32.9964991021775	30.6522044394853	33.0264945309065	28.3175096892364	32.7818151114303	34.2312292797089	32.0020949939219	28.1204761517297	26.1867743145276	25.3796993875026	22.4557477942731	22.851094437685	19.4657075391572	22.1560110353827	18.3492587588709	23.2510419551469	25.9381511098999	28.4851476562787	27.7943641409549	31.0009036803768	32.5030827153364	28.7634656639286	31.3787358731992	34.2240115416063	31.984904720821	28.5682427530991	32.2761177033422	33.5650611499517	29.6822342487893	27.3468456864773	30.0203222667579	32.079867253466	29.3314270194957	27.8397266689168	24.5446815624078	24.836036257825	21.3241053036229	23.2847012649937	17.2121715364448	23.5292152440323	24.1531856905047	26.839794745862	29.8754220555961	32.046856288878	26.9126759353283	28.8717230867851	32.4493752636318	33.6694954818156	29.6123122704054	31.4696891309717	35.1927514127554	35.1361410943205	30.6973759301996	36.1485432486567	38.7375164278765	36.6959839083244	38.9907191777736	35.2635503742887	30.4568927009963	32.1676661416398	32.6168203385922	31.167968124342	24.9225497491729	27.5564507511399	21.756602354228	22.5093944165542	18.4373579994532	19.0269371418523
69	1.32941829384133	0	1.35146180116199	3.27614987447156	3.12694787292657	2.85453849159545	4.85847105579523	6.84270487453609	7.06130901462328	11.4310142157203	14.1378635585438	15.1636381848157	13.640262864036	12.9826035139336	9.39348742480661	9.04193060137048	9.83467925252267	7.86892292502602	11.0017064585454	11.7641734941304	8.20956399573083	9.4738009267664	11.9869614998965	12.0196306515633	8.06668637049935	12.0941662383151	15.041567105857	15.4369752542394	14.8731682569653	11.1959182740854	13.9102865894273	14.0414504236564	15.0940097058403	15.1925454746728	16.7010935270718	13.5558494016421	16.0154594376808	11.5883883262514	16.635321998687	15.0569761904574	12.7816445733716	13.995060199942	10.1697140569438	7.35896928924153	6.13250267019917	7.1477723103076	7.08405575923849	3.96922927027402	4.21668222658526	6.49093113505297	7.16884711791234	3.6101065081241	7.05568834345736	9.84138857072517	10.5972883795809	12.5555371450209	15.2922553274525	14.8853500126803	14.2745305001601	11.1509070931472	15.3641308898356	13.358830001164	17.7131708341561	17.8159399134595	21.506021156876	20.7759865469729	20.7595226582887	19.1145580906282	16.3376676732023	16.1051594838424	15.6963334253577	12.8316277221559	11.2387775580799	12.5342331636203	11.3560170834673	7.88537589465461	8.11989605844804	10.1031862300959	8.668961817888	3.84917978275892	6.77992042726167	10.7904228832794	11.8891214982437	13.5280456829507	10.6849002335071	14.6905388260608	12.3723951197818	12.4637319451278	15.8680794679129	16.1334728437494	19.1372607496475	21.1504622644518	23.0437490439381	24.8849481815816	21.7118410320267	25.9769159254905	27.8840743256792	24.8944170648762	27.4007656279893	22.3591077863138	26.7252176230616	28.0232569841551	25.7792500666718	21.9147686503873	19.9981643907635	19.2807118385188	16.4404149278539	17.0967858090344	13.8673598785061	17.169626757737	15.0898279314245	19.4632100641184	22.6354155473232	24.8656547671683	23.3333022523603	26.5068313647633	27.8069013735799	23.7317470279792	26.0375308545184	28.7070564321736	26.1174246433296	22.91793865076	26.443017868617	27.4772235860904	23.7165000368941	21.3072025615753	23.9296255925579	26.1579136209293	23.6709907904169	22.0732132006194	18.9674008762403	19.5147228778684	16.2812235719555	18.9435787801566	14.3740729788046	20.1656964670204	21.2695312125115	23.9538595428795	27.0759621435693	29.1511858592408	23.778252522	25.3558947386993	29.015926402581	29.5803524319775	25.2586243093325	27.3595585856205	30.8168669724876	30.4185296981955	25.8226874860073	31.3124114370005	33.7557617155946	31.3476563876791	33.4989692378736	29.6197706101854	24.8291983559679	27.0803572539212	28.0148815275025	26.837891217456	21.0433636807427	24.3819243498129	18.667857134658	21.2504455012124	17.3879291751491	19.3422959857407
70	3.19193875254523	1.35146180116199	0	1.34641226970048	3.38054196838317	3.64024298639528	3.16522258301056	5.3065843063123	7.55392513862826	11.1531506310997	13.2919515873328	14.3372280445001	12.8977122002315	11.0017875365779	7.90414157261875	7.38245575672486	6.46161388509093	3.441003632663	6.77577183795322	8.85958526117335	7.25326822887448	8.08014461504248	10.6993600275904	12.3727910351707	10.8413964967618	13.534918913684	15.8240349468775	17.0037643479319	17.8298160113895	15.3614000989493	18.0526802719153	18.1542913108719	19.8430192259142	20.038549323741	21.2965582665369	17.6576330237096	19.6569895457061	14.2501310169416	19.3864547816252	16.5681586182653	14.3664221015533	14.750942749533	11.4593683071974	10.2445037947184	7.85829886171301	9.72132722420144	10.9432080762453	7.9980460738858	6.71679313363155	10.7102841232154	12.1158483813557	5.97896470971355	11.713506264138	14.6145118290007	15.5159103503468	17.2844528406311	20.236701954617	19.9374425140237	19.1545693765221	15.8642614703616	19.7906496356234	17.0932814286783	20.469200326344	19.1145832546776	23.4056382523528	22.3828476517176	22.6223022037988	20.1836615360048	17.762788547973	18.7975882495601	17.9568377227172	14.6986450395946	14.566379749272	16.4593230723502	14.4768727976728	11.4394499867782	12.5010095992284	14.2759191998274	11.9934053129209	8.11655222369696	11.3752541070518	14.8009838524336	16.4507566695274	18.227840601673	15.3960046765387	19.3990323985502	17.247950428964	16.499624298753	20.2822942242735	19.6700375444482	22.8693119704114	24.3317263259309	25.6214206085455	27.5164507340609	24.6592938463371	28.7479287775659	30.9087930045804	28.7975157956377	31.3176661965735	26.6114058629002	31.0944333281699	32.3807379316778	30.2184066588561	26.5422325737682	24.371167349965	23.5138090066242	20.3331791414919	20.039900947859	16.0246517902886	18.1297949795358	14.5136085795367	19.447848749926	22.0940234905279	24.5507737148954	23.6857248780779	26.5798446571834	28.8018899553484	25.590403670126	27.6145804603293	31.0214890841816	29.5096538441236	25.6811756934919	29.4780566693261	31.3689535209576	27.5862706613272	25.106455584172	28.1055678113786	30.0397965705495	26.9458186737757	25.3212943192089	21.3558021624101	21.2034819310414	17.2003183691465	18.4462362014586	11.7519504764103	18.3540508062934	18.881585791453	21.3582271033904	24.1263555888576	26.4541457431534	21.9102568218631	23.2370002151741	26.9260242516418	28.6321756944875	24.6205222730957	26.1834145405064	30.0871917433316	30.634505153503	26.1976070281238	30.8710147549445	34.2166685111219	32.7887252573198	35.116053608001	31.9378491135518	27.154745552113	28.3112205671179	28.0900080811665	26.2812936135191	20.7804807932829	22.0612971966745	16.6695425852061	17.1622526784802	13.1658588022202	14.583135019604
71	2.77317778009272	3.27614987447156	1.34641226970048	0	1.32811219405591	3.33857978787388	3.22698636501613	3.20013202852632	5.51257163218765	9.10583098898722	11.6151888490889	13.4248032015371	13.0665249014419	11.9007059454471	8.86301624730543	9.87558433714178	10.0003792428087	7.06910949130087	10.8074046375622	12.7965412514476	10.3986200526801	11.6412642784192	14.3804216210791	15.8291153574671	13.51636907605	16.6399055586262	19.1577806908838	20.1787616319734	20.7669223526261	18.1184152728653	20.8914427936416	20.9995537095434	22.65811185867	22.7470348397324	23.8979976776298	20.1324083258809	21.8667276244069	16.1083501948524	21.1804413551748	17.8804209402352	15.2209532224496	15.0706610671198	11.3779949463866	11.1283792620489	9.15069101215859	11.4976685027879	13.0072331416024	8.79306243580699	9.23958359451333	13.2594675986632	14.6434743486647	8.50347117358552	14.5357087890477	17.4143828199566	18.2373701229097	19.7922246602043	22.8292672462346	22.4878187692804	21.6278019456439	18.2938512347728	21.9966506541337	18.797447300099	21.4508526870146	19.6957181641087	23.9718422529434	22.2739484600284	22.0412924757148	19.4295411680256	17.415611157809	18.357547902702	16.9187561599545	13.8155264467193	14.1613754275494	15.617396517986	13.0626418843969	10.4983504418551	12.3394339416361	13.5554166664105	10.5150233475727	8.86864335735743	12.1806572482769	14.3489966199731	16.5843411988538	18.4286118033888	16.673077070535	20.9346800548754	19.4484969342106	17.0500063636352	21.9423657794687	19.8106036505706	23.7079943900786	24.2739315933781	26.4068784031737	28.4274796104051	26.6165606155266	30.1821158635375	32.1913378721668	30.7086105677219	33.0173543912894	28.7348097435845	33.4286321736322	34.8131488664843	32.7416022210276	29.0619695650518	26.781788607186	26.1485486212906	22.9378622587198	22.5657108241686	18.6623120218262	20.9203122586638	16.5603211925373	21.5335168748628	23.704131833923	26.4209604291744	26.4330899442347	29.4030925244268	30.6762810653443	27.8598991204204	30.4356671850643	33.4543065389196	31.6168367487957	27.9799261257066	31.8977228967837	33.6538322037773	29.6923580404117	27.5880098049859	30.770937018557	32.7069445072449	29.7260610744175	28.0417265695249	24.418478679066	24.2631009765858	20.7102809976108	21.7769480644098	14.9917047396218	21.6257333286065	21.5185118909278	24.4539571644346	27.5152117382367	29.7738220589833	24.5963936787489	26.9058734108373	30.4287940773209	31.9461500653835	27.9424720094697	29.8095752066345	33.545688605244	33.7227028721009	29.5162612977999	34.643208208825	37.517840702791	35.7224001853179	38.2669744035245	34.9305824314454	30.0638795400727	31.7039272803859	31.7428078940726	30.0135598188552	24.471070859282	26.0075025521483	20.6582468036375	21.1875612093511	17.1994726954055	18.1672092793582
72	2.98906306390481	3.12694787292657	3.38054196838317	1.32811219405591	0	1.3316069239832	3.17080589125225	2.98201961764171	3.18776175395841	6.02053162104477	9.61641653631954	11.3093372926976	11.069320575356	11.292498085012	7.37577731496823	9.44217273724644	11.0851613880899	9.02672936339625	12.8804178891836	14.4520754910843	11.2014401306261	13.3568872122213	16.2069931202552	16.2596128182685	14.0536885549666	18.1753503680122	20.7991758730965	21.1708081565159	21.1176282995984	16.9815743969751	19.9565876341623	20.2991638005116	20.7589479983934	19.9356576264742	20.8712803153041	17.6716400483939	18.7896904178861	12.808094979348	17.8328811749532	14.6956151623537	11.5002353454179	11.3277899433208	7.16623673904233	6.78339325116862	7.19180797852668	9.31300628153981	9.17311337551215	3.5563843999208	8.69178571986217	11.3462362041339	9.91981395994905	8.20899683274394	13.3252821733725	15.643645419147	15.9513270294355	17.0419064074416	19.6779016157719	18.4352899082168	17.4627469202299	14.4052893757814	17.242718898132	13.853469240591	17.0446565527147	15.6862658717746	19.3670347239839	16.9741671076963	15.8817228599419	13.9155721046603	12.1141103263921	11.6978585219689	9.84450440601252	7.39985337692579	7.25111694844318	7.47785403708845	4.68202605716799	2.66659126976745	4.86223086658789	5.32902814779581	3.40602921302798	3.38074474043812	6.06668121793127	7.57903701006929	9.13177326700571	10.5708139232511	10.0573024713389	14.6219958623985	14.2641548645547	10.2295772639929	15.9250625744454	13.0238243999219	17.5447696194621	17.676367669858	21.0118627922419	23.612499317099	22.9452072555469	26.1197989655357	27.7420481940321	25.7664865668566	27.7541706595603	23.7736744320267	28.5255877590629	31.0948959316477	29.3422731736994	25.2958899428346	23.0898734080549	24.3743321549535	21.3880882736162	20.9256917209444	17.6022569291554	19.4835010714194	15.1107216571546	19.9093523249753	22.0406046423414	24.7606551811538	24.9056927428249	27.8499635547338	28.0913178046171	24.9719555501767	28.4686526024679	30.6729253414147	27.9465635454522	25.2199119942953	29.3292613783573	30.2572207249774	25.6089878948778	25.6801646022762	28.849220110776	31.4883052894245	29.2623351426369	27.2544020297639	23.7583323278382	23.889867768575	20.8490652308443	21.544876351467	15.0179450325269	21.2662400531923	20.9639451678352	23.9663825806065	27.3378577982987	29.1880068178696	23.4984827169756	27.2292830974302	30.310978621615	31.2766668300828	27.530473479401	30.0328271396484	33.326061723522	32.7160444124897	29.3156894000465	34.8166967129278	37.0154492070541	34.0918536457025	37.3529721575138	34.014275267893	28.7825519021507	32.1430622996627	32.5943643441623	30.7492891625156	26.1144089536792	27.2815032393745	22.4521092327647	23.1086812691681	19.3118488239733	20.6508681173456
73	5.06630762982273	2.85453849159545	3.64024298639528	3.33857978787388	1.3316069239832	0	1.32509848690578	3.30452492803429	3.43470944913831	6.83829664463308	8.66431768808139	9.35299182080258	8.13671530778852	7.95561870629808	4.08612542636664	4.8590053508923	6.785033971912	6.25834371059947	9.23680009527109	9.85959192867535	6.68117444765514	9.30548703722701	12.1293060395061	11.4451285707064	10.513779529741	14.4924810160303	16.7809955008635	17.0749065590415	17.8529874530847	14.1638483824136	17.6294974120081	18.4804385499912	19.1978168029597	18.1878410208579	18.8301105679175	14.9587474743041	16.3003820814115	10.1246742663653	15.2571897805592	12.1639346019288	9.93920685970465	10.116061091156	6.77457135175356	5.18784753052747	3.45872144007002	5.64622546485703	7.07607588992656	3.93436678513837	5.76851419344704	8.53788908337418	9.80790691228256	8.78608411068321	11.3729610480297	13.7805443288718	14.8127195342381	16.8690443416336	19.2890929283883	17.9120570008026	16.3766822647324	12.885358590276	16.0954142848204	12.6820939122844	15.8078654789317	14.7112716309638	18.9870814239577	17.5664456564212	17.736998421379	15.1451276983722	12.89411962873	14.190456405627	13.3879543246905	10.1155769978781	9.77988108312161	11.9156962868311	10.635063281429	6.95766491001112	8.21433892653572	10.3044787835193	9.12935370111159	6.44129629810646	9.33313698602993	12.7423345192316	13.5609457266077	14.7753133976914	12.1503953022114	16.6137104826104	14.8288092576579	11.7133863165184	16.2852474651139	14.6184018620368	18.0265992910477	19.4701089108407	20.9586528431576	23.009933398426	20.7006999398571	24.4403375999596	26.4275097956656	24.5562852646731	26.9200952078554	22.662827140496	27.6019808890594	29.2444839414205	27.382682794058	23.6650137122293	21.2007238083986	21.5095535518523	18.4143324071224	17.5554815940777	13.4360053959501	15.1936103017025	10.7951163958523	15.7570813604551	18.2906999866052	20.8857126763728	20.5975313812117	23.7475790345037	25.1585981326464	21.8617424740115	24.9078457920391	27.6503824385848	25.8472947907513	22.3293122375052	26.477801287116	28.0730365475486	23.7473062682907	22.6811344072557	26.1440759637819	28.446135589918	25.8992274402153	23.8511930938475	20.2694954303258	19.6460857679081	16.2785516247607	16.6825644311659	10.3891183456538	16.4794130053227	16.9156018515452	19.6983110189681	22.9658602712809	24.9492474235196	19.3549908034078	22.3823245218185	25.5441579622426	26.5601312308505	22.7115654458252	25.1402960404208	28.4793688659001	28.1614301128334	24.5044945673238	30.0059131672409	32.3274991918645	30.2245244793032	33.1446067558509	30.2089219602421	25.1520427401036	27.7162844912517	27.8254738324435	25.8842136639304	21.6402718559634	22.5145398798199	17.8986029063723	18.74729241784	15.274224497499	17.6346364578349
74	6.83831485089711	4.85847105579523	3.16522258301056	3.22698636501613	3.17080589125225	1.32509848690578	0	1.33145259021867	3.75851300383543	7.11498742093055	8.45574041701849	10.0055433135837	9.45838654316898	5.86797665298696	3.86163359214724	4.22509952545499	3.67867516913358	4.04332598240607	7.85028515405651	9.16667366060339	8.01733029131269	10.1234794413779	12.6710376055002	12.43845251629	13.256388082732	16.1244656655655	17.9823274633736	18.5987218109202	19.9285698934971	17.4517410592754	21.4408926586558	22.7527318359796	23.7351377286925	22.8171670458889	23.2717040416038	18.779107247151	19.376834648621	13.1297638973441	17.0282982708197	14.1133664304446	12.3578478708876	12.3216494837339	9.013787050957	8.93862819452739	6.17651204159759	8.63764580195322	11.0818757888726	7.94275890355486	9.44883130339409	12.9813304788069	14.4430827041875	11.675287405456	15.7261639950752	18.2897132563635	19.3699435466395	21.3399615979036	23.897661161712	22.6365777227919	21.0365140410668	17.3117912129277	20.2188208113134	16.6567318823351	18.4583648788293	16.5544842565391	20.962117975052	19.808267592094	19.9397122095581	17.2667174066179	15.1194303133418	16.4095871367929	15.3880531907061	12.1351213426154	12.5285586162176	14.4378317624219	12.4541083181414	9.01519190034244	11.2036249044673	13.2815296558793	11.4660811090799	9.73424568212658	13.0417628793043	15.3193865412424	16.9599241743588	18.3159268670739	16.3351462497279	20.8589118843721	19.4060132175571	15.2792271401403	20.3258692803039	17.8308943690439	21.5153394814026	22.1132651139537	23.4384238804575	25.0172060190582	22.8368342158015	26.3844689353415	28.689687502655	27.855783421042	30.4230713275304	26.7243531072316	31.4875675942109	32.926051813116	31.2388863757977	28.0540608290493	25.2171472415101	24.9047920890739	21.6257086589087	19.7625414610571	15.2272041425864	16.2040254566574	11.3467423959478	16.3208478333694	18.3842724359709	21.047449322899	21.0174512489027	23.5630680090688	25.8403202186041	23.2929253851894	26.1206650183337	29.1805149714668	28.0235675280647	24.2379077479885	28.4272365522926	30.6513072804407	26.9002331216664	25.499696802119	29.3070984916624	31.3203481621773	28.189150554779	26.0973516089277	22.2654644910004	21.098062114801	17.5544355933194	17.0636869697027	9.00995393994886	15.9119084336229	14.7071995974761	17.5933403593519	20.6211943398049	22.9106335355441	18.116932687406	21.4463765937279	24.3934431354001	26.0044386403552	22.6359724774528	24.8637145656074	28.357948339046	28.5445712001424	25.099653722711	30.0404620137574	32.8165677211984	31.2623195076757	34.1325353585109	31.7401003621602	26.8435222912344	28.7616032411269	28.2703950273073	26.1259128070198	22.0966329788047	21.677230865588	17.2989514422117	16.6416151559877	13.2126783810097	14.1258643983298
75	7.2614933725784	6.84270487453609	5.3065843063123	3.20013202852632	2.98201961764171	3.30452492803429	1.33145259021867	0	1.32564625749104	4.0480056818142	6.69113846815323	9.24099350719391	10.3384960705124	9.65367101158932	6.88958772351438	9.13714063588823	9.85247222782181	9.16244148685273	13.2104733450395	14.7150308528389	12.4562099372161	14.7638708000307	17.5563482250723	17.122651371794	16.7249635575089	20.2950951710013	22.5662793565975	23.0470909227173	23.9663232265611	20.8391597479361	24.3347436600429	25.2011448351062	25.9968535019144	25.0104428389423	25.4949124728837	21.4525297342761	22.2416159035264	15.4876812015227	19.8410713924425	16.3861766437446	13.6413159555814	12.7076380574834	9.15711209934661	10.3673212065605	8.10989136795309	11.0783189157922	13.0791452320096	9.22951548024055	12.1029668263612	15.3521397205732	15.9831624217487	13.1889977632874	18.0761912193913	20.5960813748635	21.4769082039292	22.9512124516331	25.760496384969	24.4754120700755	22.9477006255529	19.1881584316995	21.8488496722367	18.225252755449	19.9338289598361	17.4067681089857	21.5872583947105	19.0797714346897	18.4716240217259	15.5741131368691	14.208207839133	15.4769025647899	13.4755898572196	10.4431061471193	12.128321977916	13.3865586690531	10.4988674151072	7.29487141764678	10.8241347922132	12.3920110555148	9.56253345092188	9.93870338625718	12.3208323176643	13.9349954431281	16.0159088721184	17.7017597430312	16.9929647207308	21.5878807667636	20.8638000853152	15.6836468654455	21.4960655237185	17.667027282483	22.104716826958	21.6069128058591	24.3329807668522	26.2818757892202	25.5490503541717	28.6491678762229	30.6292572224662	29.7458562660415	31.8894175864032	28.3607044693886	33.5072336518549	35.4045139636177	33.7505858467672	30.1248904728299	27.4827877406933	28.0497370041147	24.9063456572818	23.3738775559384	19.154803183536	20.2501344686893	15.0728309882384	19.8963291337875	21.7015012844734	24.488542586279	24.9685134919963	27.7478753060482	28.6284155691509	26.5506602177799	30.047447062937	32.6131874400525	30.748723323091	27.5545014289862	31.8861087152384	33.8518212803979	29.299298780005	28.8993265665482	32.4933966984063	34.8991974406289	32.1633619822306	30.0228731136778	26.3120060998777	25.4905065465557	22.1075914789468	21.8635980113064	14.3562102938066	20.8755174067614	19.7862686224563	22.8651403013408	26.1806418943463	28.0721127277588	22.8186396395578	26.8829614626068	29.6709999494456	30.9439748416392	27.4208939861559	30.0260363851108	33.2533218340664	32.9101421145519	29.8315740449612	35.2375086661926	37.4570187014397	35.3538470183939	38.5689123128978	35.9957684457493	30.861006464469	33.5638817778874	33.4181364830536	31.2439550153306	27.2649837337197	27.3408817341358	22.8391370239771	22.7434891122712	19.1723284970814	20.2221358169705
76	9.15313328866132	7.06130901462328	7.55392513862826	5.51257163218765	3.18776175395841	3.43470944913831	3.75851300383543	1.32564625749104	0	1.32391691582214	3.65480724525931	6.07734358087479	6.795973660926	7.75191240920587	3.9174454686696	7.5719125721313	10.0745444562025	10.8893155432286	13.87106264855	13.7212195522118	10.7224274770222	13.7058629060705	16.3763802471731	13.9969320567044	14.1629365952122	18.2630843233009	20.5029816612121	20.1831507451141	20.997114658924	17.1485725353453	20.9432253962946	21.83627527762	22.0882248494532	20.4202594008989	20.4468513223919	16.5402575856605	16.7758140488025	10.0019905018951	14.2793353836935	10.7343121810389	7.60874142023502	7.13253096733551	3.32617287584395	4.46929927393546	3.98719751203775	6.49224652951503	7.91763203236927	4.51138127406673	9.21833770264466	11.4753327184879	10.7601638463362	12.1930531041245	14.8773039896347	16.8902922710059	17.6141556993232	19.1127815871997	21.4431037632149	19.5777491300711	17.795994408855	13.6844284133463	15.8288511585649	12.1905404720217	13.7743057175307	11.7775641369512	15.9620445432282	14.2392877279729	14.256863084143	11.8701136051851	9.45485330399156	10.6123508234509	9.84784143860978	6.54476095820161	6.91858381462565	8.77395714600886	6.99253387549892	3.55790472047805	5.77463808389755	8.10410673671072	7.60596930049024	6.68384417831535	9.50386095226566	11.5179113557971	12.4322288428101	13.3525338793803	11.97552408039	16.5560240698061	15.7987578309182	10.0435203987447	15.4572538311305	12.2063022246707	16.1439942083736	16.3519770058547	18.4935865639956	20.4797574692671	19.7867811177058	22.7074527193166	24.5478875058527	23.5727728110208	25.645904253896	22.2705750936073	27.4647702702935	29.6904332403554	28.235899064843	24.6214862873873	21.8992640287294	23.3554355771842	19.9124940426859	18.5931366100505	14.7974729599347	15.6655206424811	10.9867511576444	15.3786517614517	17.39893700776	20.0819478387929	20.6785915139305	23.5643407928166	23.5615236137224	21.2066729828137	24.7936464845331	27.2358997281162	24.9164100343529	22.1538810595345	26.5380307106613	27.8134548195653	23.3776704143078	23.9806826633438	27.3868793768111	30.3876372724172	28.1349214144984	25.748126320181	21.9557772351607	21.0233987023982	18.2990805779963	18.3676165846307	12.8045714883396	17.9442712306742	17.831382251525	20.8082215962826	24.3706302134352	25.6071560701301	19.4513314197255	24.1973223725271	26.9164462921835	27.3026725431779	23.7372569603145	26.9806405409508	29.7240605570639	28.6176314358823	25.9135605619915	31.2523204578476	33.2979052043818	30.3838508750948	34.0667065329186	31.3248127847558	26.1108546202532	29.9969895322847	30.3391961824963	27.9940134671683	25.1267658284945	25.5740666691866	21.5504549835961	22.4369535810903	19.4096515424672	21.8591353900377
77	12.8454490384727	11.4310142157203	11.1531506310997	9.10583098898722	6.02053162104477	6.83829664463308	7.11498742093055	4.0480056818142	1.32391691582214	0	1.32298979587902	3.52607855839883	6.06974744120379	7.96963041803069	6.29544382867483	10.5957915230529	11.8543933206217	14.0886119614389	17.5989285185207	17.2206144199329	15.5849233876846	18.5512121975897	21.1117083628966	18.2342937620298	19.6684932569834	23.5462210343826	25.5416342664286	25.1801882042212	26.2548888018974	22.6255461370549	26.3508555079337	27.1318753314252	27.2297538365664	25.4717738879725	25.3550875959836	21.4731423177885	20.9398100039136	14.283336795021	17.0048622752435	13.4583130443604	10.5384637400335	8.35403046439262	4.83558703778559	8.39143903034515	8.90769212534874	11.5491029521777	12.6662885645322	9.56744239595933	14.7636519533617	17.1099620397007	15.2425202968538	16.7455927634706	20.2794967639732	21.956606181284	22.6677943788098	23.7024402330224	26.0166527824007	24.077948874437	22.4370106297608	18.4089909826693	19.6540284165868	16.1279108690493	15.9995382433369	12.6631769710448	16.6059098516161	13.0760869529076	13.0689602111262	9.92220393864186	9.08350488523015	11.1527635140354	8.68493281493875	4.72054287132317	8.08916596442427	9.6513055593531	6.3884775181572	3.52573978052834	8.34605523585844	9.99170761181491	8.30998874848818	9.22386394088725	11.9413351849783	12.8902486011714	14.0020304956103	14.9941265167398	14.868123553428	19.6100052524215	19.8262527473045	12.9705101287498	18.8619262536995	13.9869482733011	18.3153553337084	16.9495304359737	19.5693624321284	21.4024502335597	21.8682354569362	24.489056596774	25.8635583398727	26.1359707682726	28.0357188778886	25.6727455680143	30.9350724906214	33.4959978803439	32.4418610132033	29.0176226627889	26.1595548318392	28.2253078105448	24.5399600855421	22.8907819219877	19.0145187685621	18.7473520530234	13.5005508406139	17.2009796523338	17.848926270227	20.8914734042384	22.2598604892304	24.7919764036674	24.0394726439662	23.2211061321376	27.1351024689423	29.7190757931669	27.4691127450451	25.3014696411098	29.8426311172457	30.5483566333772	26.6580480905861	28.4248720841449	31.7726157563396	34.9804593023019	32.9797189951643	30.4187981846752	26.5434252122819	24.7570226198548	22.1055158727409	21.5829966640409	15.3510729592429	20.2301894701953	18.5253317109303	21.6847947188808	25.2941522688546	25.8915950068743	20.3075883846409	25.7369419317836	28.5911979986848	28.3561343980452	26.1850856404939	29.3511596704457	31.9989555767059	30.7047217704378	29.0347063184734	34.0922241574233	35.8990364912486	32.6999062078166	37.1019410812965	34.7370589140762	29.8797152094862	34.1462013846343	34.1401031779343	31.3243568808683	28.8056704487155	28.7696435327239	25.2983011287319	25.2456692523688	22.6198735849695	24.3436767559874
78	15.8628103752141	14.1378635585438	13.2919515873328	11.6151888490889	9.61641653631954	8.66431768808139	8.45574041701849	6.69113846815323	3.65480724525931	1.32298979587902	0	1.31837627405836	4.80006645787326	4.33082544095234	6.19014644414815	9.69819416180146	7.15947211741201	12.8129317878462	16.1297537798938	14.4663202301069	15.7954540612165	18.5384140098337	20.7340111893478	17.6440429890657	20.7373782576294	23.9572635123463	25.4635346132465	25.2673844115294	26.7537510267252	23.7206203966085	28.1287805281352	29.7423130573263	29.8295666244081	27.2775421546737	26.6453695977369	22.7304845746852	21.7315909449815	15.2884648019348	17.0391156167214	13.6832987250882	11.193621219248	8.36610476864831	5.2224061504253	9.65055962107898	10.3051907794082	12.9002502688901	14.0144249257684	12.8320338995812	17.0915580623886	18.8644831098019	17.9418794444729	20.2576585764495	23.0375422517247	24.4185282521285	25.7962671912042	27.2207171837922	29.2271097955306	26.536305187422	24.0788103734383	19.71267249766	20.3232990678187	16.7602865428966	15.8651385748754	12.0469385737622	15.3708560919683	10.4957450426351	11.4984582009937	8.19274343550437	8.29723007997247	10.145362290229	8.75326847526111	3.08835198771124	8.27577525069404	10.7575599463819	6.713639102603	6.27101801942874	11.5343291525775	13.6686248759705	12.9248806184042	13.7295157234332	16.4343515235619	17.5199662385519	18.4672493349714	18.4865413747407	18.1502576014777	22.7754732332832	22.6585625978348	14.0671297001201	19.4078535649876	13.994751230372	17.8144582011354	16.0608379607043	18.6282332495597	20.3454491717435	21.2008405022065	23.8261841888289	24.6302853008243	25.8150279488518	27.6418086419829	25.9282186622992	31.1717886236898	33.7168619239691	33.1100580488769	29.8765235427417	26.9480074402543	29.3281606821839	25.5202635762251	23.2123131764157	18.9691664023488	17.9061870033796	12.2849697191324	15.5335907310576	14.9246594936032	18.6756600151106	20.1738740206238	21.7491772258171	22.4443194817753	22.6228375320162	26.2865589227651	29.0702824891675	27.1858553111724	25.1991828042101	29.746104719778	30.2973088078793	26.7980075005587	29.0810382723864	32.5219941270519	35.6454713112339	33.3276170915354	30.7131872165687	26.8113920936605	24.3174364397237	21.4447577277059	20.0238608914465	12.6487670940689	16.5783732314121	13.8758871788437	16.8102119558321	20.3355197868164	21.0668032221313	16.7817579830005	21.9172833626798	24.7299408207945	25.1862998076335	23.6165807855413	26.6660949897056	29.1888492065035	28.663063705752	27.4554603130233	32.1900176762921	33.9555268108153	31.423071969494	35.8034394716485	34.1197813885142	29.5186608605472	32.8818554525136	32.4428190051358	29.2710992960633	26.6458678597639	25.728234471102	21.9888728678848	21.2523328366558	19.0679272339707	20.2726729860667
79	17.4353320014274	15.1636381848157	14.3372280445001	13.4248032015371	11.3093372926976	9.35299182080258	10.0055433135837	9.24099350719391	6.07734358087479	3.52607855839883	1.31837627405836	0	1.32644977289003	3.35039176813697	5.60260876735115	9.08424449252661	10.1317767938304	14.1272842754721	17.1268825242658	15.0875081110169	15.5104682392248	18.4072927395638	20.4764551619659	16.4883419724362	19.9173005198998	23.3035450307459	24.7177496346249	24.0119541270593	25.5186434004631	22.1880870063194	26.5646452827814	28.392868981489	28.559631825358	25.6945181118463	24.6396380655236	20.5624202369274	19.1928055270719	13.0110156790314	13.912391814494	10.7726946025588	8.92238381824051	6.2800465762604	3.65599958971551	8.25245842158566	9.48352408126853	11.5199946180543	12.4305729956426	13.2502999588689	16.1759320287889	16.8252711716632	17.4646349231812	20.3805058082473	22.1584711340832	23.2707386431974	24.9415548833668	26.8245010578016	28.6559139794912	25.6782745915686	22.7461759863059	18.0880697145937	18.4712664969135	14.9913725188857	13.3693160258855	9.36648877648396	13.2106381753494	8.86896775278837	10.9627119819869	7.79036391961249	6.13723203080998	9.10002961533642	9.02215040885486	4.31500046349939	7.9086799783529	10.6671624624358	8.19263065199451	6.58211576926447	11.8754562859707	14.2914661599152	14.4861574615217	15.1579055611255	17.7431929764628	19.0347828461477	19.2045473000537	19.0119964759096	18.3425768091618	22.8315591670827	22.0016437794997	13.5345923100772	18.2310363117405	13.3478824163236	16.1358202146653	15.098495123687	16.6118851729718	17.9452804659052	18.3740323554739	20.8262791203806	22.1826655071026	23.3015259800726	25.4809796907419	23.8659723036796	29.2455475072702	31.3097464218412	30.684075951542	27.7598339152092	24.6651513273282	26.8950068600103	23.0255652265042	20.8100825082459	16.9766951141852	15.5955237808802	10.4240069551013	12.8656602628859	12.4510216849863	16.0852589037292	17.7962519930462	19.7831141633465	19.208466726941	19.2257101039207	23.1990305185368	25.8900944957719	24.0835825408098	22.1174316999058	26.6795562744211	27.5726493105033	24.1150524569199	26.4554277606695	29.795885269614	32.9709166690888	31.2787672711058	28.533431479582	24.6482077441748	21.928376820914	19.4657655128176	18.39265508294	12.2780428815019	15.9696019674881	13.8422140208855	16.8910000296016	20.5073811346061	20.605916965765	15.3631258538098	21.0797980540611	23.9550612814912	23.1406428173463	22.0136344114278	25.1325500098975	27.6562760689143	26.365037322181	25.4763732308977	30.1923889415859	31.8153128697487	28.5611981716454	33.3538168580449	31.4063675868446	26.9635557373281	31.1046322273709	31.1293380751985	27.8860111525474	25.8147667430872	25.445580598603	22.2048658181039	22.2922316065485	20.698750904342	22.4103971852353
80	16.4537888037983	13.640262864036	12.8977122002315	13.0665249014419	11.069320575356	8.13671530778852	9.45838654316898	10.3384960705124	6.795973660926	6.06974744120379	4.80006645787326	1.32644977289003	0	1.32124373224625	3.30598411974407	6.42744817170858	9.06861406169653	12.1389871488522	14.8938695106409	12.9736617421605	12.7458155094133	15.6999966878977	17.7738699781449	13.7125353235643	17.0875062253098	20.4163814864437	21.8818632890346	21.1875486548114	22.682124635933	19.462839618103	23.9212395581834	25.8553467971327	26.2319946820672	23.2239919049245	21.816259097288	17.7740848146958	16.0203876669699	10.327943938655	10.3921607474096	7.46761554982579	6.26042762117733	3.68894673314755	2.61838614417354	6.52974769803551	7.03262859818432	8.8556265165148	10.3154911662024	11.706844536424	13.7065293929572	14.2940904222689	15.7316903732561	18.1112977999921	19.6866584772531	21.0870371555608	22.7054416605359	24.8442080574125	26.5269860519434	23.411683173151	20.2423778494524	15.589367819126	15.3941133229556	11.9979185278114	9.88117614456903	5.76022751286787	9.61427594777683	7.24134870034581	9.01892172047191	6.49721278703414	3.42119014379499	6.42798708772817	8.02214597224458	4.54444386036399	6.45949061459183	9.25323786574192	8.61197567344451	6.59746496769782	11.1820566086923	13.6647789956516	14.444689993212	14.8191823323691	16.7688068150361	19.0032931093534	18.4832710579053	17.9794931519217	17.1565261052464	21.3406934517133	19.6354474866248	11.4634643105826	15.2287322518981	10.4431324802475	12.6289500355334	11.9397811537733	12.9883259121413	14.3631001528222	14.7935707657077	17.2995491559751	18.6675341703183	19.6832013148268	21.8727453466637	20.4620783157528	25.7792090452752	27.8614136755478	27.3870765508113	24.4500883842983	21.5054916939837	23.842397132	19.9255807694531	17.6217219079181	13.6686324114741	12.3187001343486	7.69545690651309	9.49631554867466	10.1644262504088	12.9185035124042	14.5824556573987	17.0504687912092	15.9902150392044	15.6401419430899	19.6094673053604	22.2841638837987	20.4988483822872	18.5386213619028	23.0935305659399	24.0215292810429	20.6571062349013	23.1761692045946	26.4564004732314	29.6327344165199	28.1947477555661	25.3819471475299	21.5374075970159	18.5759946974583	16.3466635739529	15.6612578358189	9.83626417904684	13.7717323892094	12.0730808412766	15.1094807984921	18.7669070706923	19.0498496057056	13.0492835052351	18.9643489210677	21.8119722400337	20.459071191039	18.9915939826019	22.3223801150325	24.8263818950728	23.0734757893127	22.2986743327939	26.965566450568	28.5127258781057	25.0361730302377	29.8891424768259	27.8641391397617	23.5118853986659	27.9878878445659	28.2932076124288	25.0803380758713	23.2440856563557	23.0385255170551	19.940395432388	20.3079479514795	18.7501181062947	20.8631398883294
81	15.557223691906	12.9826035139336	11.0017875365779	11.9007059454471	11.292498085012	7.95561870629808	5.86797665298696	9.65367101158932	7.75191240920587	7.96963041803069	4.33082544095234	3.35039176813697	1.32124373224625	0	1.33240571899103	3.74635089120066	3.56060809413224	8.12086879588631	10.9494906730861	8.99051533561898	10.3049911208113	13.051355216988	14.8082956818129	10.5018999233472	14.831799486239	17.6710578630709	18.8429377221281	18.2439651665969	19.8962885232397	17.1071080256132	21.8011805872985	24.0864971508935	24.8106687938878	22.0979550411345	20.9089053754614	16.3436601163876	15.2380813752913	9.18974324994991	10.4037024659493	7.57257479329191	6.96195669334419	6.14568987177192	4.79547547173375	7.26814680644248	6.40425702170049	7.49277652142382	9.6552069889775	11.6309959590742	12.3828403849844	12.5978967292163	15.610783260298	17.2375247933107	18.3463815233413	19.6864566136215	21.6784492065277	24.2419309668186	25.775603310107	22.8632309177859	19.8347876469601	15.1895094720007	15.9093266985124	13.1213465010265	11.8717922404328	9.15350173430912	13.2327927891281	10.4702153750532	13.7089291339623	11.1745807080176	7.02407082823059	11.0357849290388	12.4984842280974	8.96961258918132	10.2441312955272	12.9057437213049	12.9827159331166	8.97283260737656	12.5302644824441	15.9294837957794	16.6070360389806	15.6548178846003	17.2893233239476	20.6312686958413	20.4587405526342	20.3932212757083	18.3700041916163	22.657944390434	20.1305906768778	13.4230782609653	17.1095923095789	13.5531776716754	16.0600155043512	16.387556773357	16.1549420611774	17.2927679103144	16.2992958743622	18.950626216566	21.2608274062888	21.4617655145144	24.099789086214	21.6726847898455	26.5411032551399	28.217752869426	27.1794966288929	24.5630320196836	21.2961554746391	22.3178413382657	18.6631107267786	15.8991799159579	11.5889531451292	10.4926114004093	4.78335969795289	8.83264190375677	10.2300017595306	13.0290674263356	13.7462931003234	16.3754779166899	17.4760208857737	16.1992369573385	19.6180361147593	22.3987122174468	21.2897501159596	18.209572565	22.68912115971	24.9605573856034	21.2157564795602	21.8575458366213	25.5074182739061	28.3798768496271	25.953104361521	23.3150360068347	19.431781724793	16.8583252430365	13.9188773613392	12.6585262175342	6.4136186353727	10.6112271203664	8.51127928104818	11.7201040097774	15.2303046259751	16.4540797372567	11.4480484799812	16.2495081771726	19.0663939694951	19.8707133742098	17.0535611823455	20.2099342156277	22.8845840906056	22.0543221160842	20.1759220854959	25.2031390703619	27.1060156053965	24.7261312178028	28.6401750518393	26.8396532950782	22.1033602422799	25.4948028233207	25.3405987695634	22.3009269986698	19.9439306306455	19.69882557413	16.1020314246371	15.9150898835036	14.1963838353293	15.7386997239289
