3	4	5	6	7	8	9	10	11	12	13	14	15	16	17	18	19	20	21	22	23	24	25	26	27	28	29	30	31	32	33	34	35	36	37	38	39	40	41	42	43	44	45	46	47	48	49	50	51	52	53	54	55	56	57	58	59	60	61	62	63	64	65	66	67	68	69	70	71	72	73	74	75	76	77	78	79	80	81	82	83	84	85	86	87	88	89	90	91	92	93	94	95	96	97	98	99	100	101	102	103	104	105	106	107	108	109	110	111	112	113	114	121	122	123	124	125	126	127	128	129	130	131	132	133	134	135	136	137	138	139	140	141	142	143	144	145	146	147	148	149	150	151	152	158	159	160	161	162	163	164	165	166	167	168	169	170	171
3	0	1.32877236575721	3.17930778629563	6.13175447975537	6.34161722275951	10.6475130429598	13.1177603652453	16.5877875559099	20.1620055302046	23.4023969926159	25.2614214960283	24.3943523176985	20.8448018460239	18.1683022321845	16.236104058548	17.0473027191987	16.7478415027131	13.5552288435128	12.1247833382704	13.2793075497181	12.0345546656285	8.81877281712144	9.45501448967689	11.1658293467167	9.16465716761953	5.71616331117298	7.99775255931315	4.37682773250216	9.58151204142645	12.3104376039197	13.9983911218397	17.2856360600355	19.1341906805592	21.9134075396776	20.5598139583023	20.6848654576238	24.1551722618573	26.3495069024071	23.5657948306438	21.8817711577468	29.4000613264666	30.7038018004286	30.1714218756757	30.9611443748451	27.5722614233943	31.0473431069391	33.5797458745596	31.6869647647104	31.8978477643869	35.3245628564601	37.2931348373933	32.787056806002	34.4053843024606	31.9735349781659	32.7940053210949	31.4962218369124	27.9546878716254	27.3395399558954	27.63790373744	25.7413693885931	23.1005827848563	22.8837355560669	22.5032691402827	19.9470082719189	17.9692729402166	18.3970396259833	17.1541344287609	14.1135859723884	13.4327946087179	14.0973149925793	11.2347098760938	8.58619968321259	6.52697272860857	7.79131343227828	8.30414131623493	11.6726328649538	15.0406049080481	16.7514799644688	20.7129529763383	23.3236820635165	25.2199905035668	21.2416527370165	21.6049197637945	25.6938366150328	24.4120698835637	23.3300159665612	21.6664357244102	19.6548865679759	18.7488685525287	17.3946076701948	15.608495315052	14.0179041942795	12.7446696308692	11.6869108835483	10.6421471987565	10.1227988718536	7.68203234827868	12.1789974135805	11.6194772257619	16.25996980317	16.836124999536	21.0847577885068	23.393458423243	27.4263753711642	30.7114816640292	31.4304308751885	26.6735359673216	28.1846782844864	31.3803341282403	30.1476927475387	29.8167823046015	28.9975533795526	24.1470446638921	27.9453033621036	28.8406624403809	31.2433144368519	34.0222486323288	35.2164633942706	33.5846451968753	34.6311715799509	37.408832767142	35.9155989230306	37.6545647033663	34.8775708156402	32.2285922745627	34.1598780150047	34.0757474312743	30.6177959526809	30.0583274817479	32.0961791339717	29.5991484505889	25.9376715416014	25.4027915591968	24.9687874355164	22.6797255935781	20.5100454899544	20.5571752193729	19.7159035298918	16.2871338485321	15.8360388039434	12.0197238737003	11.8333382441304	16.4644435375144	15.8332295189579	19.613291488172	16.4072914888473	15.8675566802202	16.1367646385513	14.3744176577697	11.5181891371865	11.9116477449596	12.5104718136448	9.87726414550102	7.94611162770823	10.1137003119531	9.7832731741478	6.05105875033452	7.2527259013422
4	1.32877236575721	0	1.32998571420899	3.4497276704111	5.95835086244508	8.74060604306132	12.3943485911927	15.6744982694822	19.2395834414366	22.6242525843397	24.288451247455	24.1609906460807	21.0737633089109	18.217903117538	15.748198214399	16.6814732562805	17.2009570373279	14.2315621419435	12.054927747606	13.676495494095	13.4550001858045	10.1813923409325	9.2650237992139	11.4726741433722	10.9918911020807	7.01710182340259	5.29961838248755	4.15628596225043	6.07978075262587	9.80250360877261	10.2044269314842	15.0470314015755	16.6776972331314	19.4993331680855	18.1550510051611	16.8135304442583	21.2324311137467	23.543660909043	18.8749839999932	17.9562885641772	25.6843175692873	26.8858897193305	27.4259215159673	28.5774995582189	25.1787292769115	28.8143783205538	31.2322924070584	28.763530798565	29.4725111926351	32.8172725405388	34.6079464574251	29.6456156960856	31.5590631831808	29.5169623606495	29.6959281552202	28.2960157266001	25.3643316884163	24.5088095590137	24.2418382760054	22.3711057840242	19.9105719907792	19.4498535984207	18.8266732589696	16.4095341493901	14.4938736713137	14.6095884610074	13.249012038639	10.3736148472941	9.69394548158798	10.093186464145	7.21436081714798	4.05387333299895	3.06807187008388	4.62350570454931	7.31528352150482	9.74658596637818	13.2714871811715	14.5499634707445	18.6038182371254	21.5698414690512	23.2056360826416	19.0053144935831	19.8545982079719	23.5125991757611	21.883043389803	21.344649399791	19.0341824095494	16.974793960458	17.0803284804479	16.0783212121166	13.1147517323051	11.9201874565797	12.5387020460652	11.1598520151479	7.63587172495715	8.01955291771306	8.1376349143962	11.4649234624571	12.1221411887504	16.2929449149011	17.3848267463326	21.4446782908954	23.4968538532289	27.7801326490714	30.8204878936074	31.6947691110063	27.0834224757507	27.860931750392	31.2025003164811	30.0488919263257	30.5153078142758	28.8338020038981	22.4871988028745	26.2855033050539	26.9480779463026	29.5680412100633	32.4876627968218	34.0199380069982	32.9346302393089	33.668856306682	36.6114772851356	35.9606242715557	36.7785896820419	33.8099479739322	31.3756638176788	33.4320578188062	32.9508732964697	29.4840888785799	29.3114305860359	31.1390380551487	28.2913477409614	24.8786885707426	24.8332704451105	24.6628639456167	21.5355982735563	19.9291715332073	21.4277726560648	20.3871564961865	16.1655313862551	16.8652222932282	12.6090350542775	13.8681203124288	17.8906144109139	17.7558920361665	21.3438510817519	18.0746959587153	18.1231591341024	18.7418099712915	16.5989621964748	13.8889991360069	14.9653124925609	15.5370518117177	12.6077725629867	11.0640654372613	13.4053331178304	13.190734210043	8.98577681672542	10.9218030104924
5	3.17930778629563	1.32998571420899	0	1.32885138371452	3.70500134952742	6.91251169980927	10.1066743788449	13.2350285983824	16.828663672437	20.237192814222	22.1360358239681	21.9529703001667	18.7308882330764	16.1961197204763	13.928629832112	15.3155141604845	15.7027474347644	12.4966133412217	10.833476311877	12.9237330133364	12.4622918437982	9.30512493199312	9.45941546819887	11.5627562890515	11.1564448190273	6.73965681618879	9.41676643015	4.16739259009755	8.54698081195927	10.7639122999029	11.3942599584177	14.3839134452346	15.7612304405462	18.5453473949667	18.2941935597063	17.8303831983499	20.8739381286809	23.2186810564252	21.1153648796321	18.3242049213602	26.2500968569642	27.7761803889592	27.1562111863934	27.8518720555729	24.17469027723	27.7830777632717	30.2913348170727	28.074817523895	28.1373558459213	31.7178877134024	33.6782978489115	28.8508415301876	30.1425269179609	26.7795976818174	27.4759763793755	26.8936641609134	24.1544255365347	22.3811611405664	22.4130031231872	21.4559262209768	18.6024757760896	17.3728037173048	17.7522622220381	15.8359263701244	13.064229330504	12.9949416697421	13.1582790288092	10.117292226678	8.09792349926819	10.1218255764462	7.37919406168452	6.24338578016768	4.97545274321845	4.75473553418063	6.49021209206602	8.38328014562319	11.8072985055854	12.8475222903095	16.9999826764618	19.7076449379422	20.8504263025963	16.9419662672312	16.40616240929	19.6261766781001	16.9576032209744	15.2719974135671	13.6974503831918	12.3104164429966	10.94528583455	9.22518867015738	7.89064927620028	6.74723335894054	4.90454014154233	3.69745939801913	3.85321229625361	3.53907826983241	3.64307905486554	6.80235679746365	9.27396856798642	13.0478231134546	14.7833385606905	18.6952997568908	20.9443835192158	25.1371509125438	28.2217494142372	29.2550665868324	24.6903962908658	25.4424487225581	28.9193901733768	28.0135185937076	28.5314442852093	27.1635026828279	21.5631524596938	25.0855725467847	25.3795338609676	28.049257904622	31.0059865187354	32.2138714221063	30.9047644385134	31.5983193698652	34.3425628193354	33.4221015796434	33.9756867921754	31.2914859985907	29.0576402861623	29.9289486283765	29.3598776053307	26.0435984264848	25.2486740443929	26.4633313284628	23.6414644639455	20.6227746678278	19.9666684501947	18.9689873477737	16.3063005614394	14.8960694144462	15.2962134856964	13.5295938224324	10.2409365294391	10.9443505517687	6.25007407956098	9.9088712777995	13.7319208780127	14.9918801355934	19.3252613177675	16.2202015400549	16.5095557783969	16.9200106973961	14.309624733025	12.0233109416666	13.9167060398645	13.8825734645994	10.0205595652139	9.99188500734471	12.6006897033456	11.5284914884819	6.71183864525958	10.4966850005133
6	6.13175447975537	3.4497276704111	1.32885138371452	0	1.3314165388788	3.60995346230391	7.48636240105967	10.554941307274	14.100080177077	17.618011522303	19.5669892676416	19.8562960795814	16.9040233376554	14.6105283614249	12.2243822747818	14.1160669097309	14.9408098174095	11.8398828541502	10.2800261672819	12.2724738337468	12.6943028560059	8.67468327952093	9.9587391772252	12.2985879677303	12.7851131398983	8.13867415492229	10.1388664553785	5.6888883799913	6.89413156242322	8.98784573743898	7.796202857802	11.6380241020544	12.7853013261323	15.5762369332262	15.7730191466314	13.7307732484373	17.0980067259315	19.5878127671264	17.1665104491274	13.7040838438766	22.1655549671106	23.8243779771897	23.7333866314945	24.7115604120824	21.157690091312	24.9295430764384	27.2636766779538	24.1473261666794	24.7872333671993	28.3745463047429	30.024779249813	24.577709026677	26.4267114488352	24.367349814865	24.1273323017693	22.8798942960845	20.4514531024082	18.9571387345243	18.5444350143109	16.9869573791188	14.5113372919245	13.6321394505778	13.1926164577009	11.125007595503	8.76467426662281	8.74848021087091	8.0787390724048	5.32617479998544	3.75189098988763	5.28240286233453	2.81308602783491	3.52547159965869	2.92445499196004	2.70679367518103	5.24442351455334	6.34175945617618	9.55471700261185	9.72626058667975	14.0223180323369	16.8906156193313	18.1357391357507	13.9490893251137	14.5493050005834	18.2737648556612	16.5800810914784	16.0582268946481	13.4175378143682	11.631267901652	12.0983213298375	11.1899502233031	7.87370116273154	7.01588804072585	7.96304232062093	7.49391393065066	3.27173807020061	3.49305153125458	2.89971619300924	5.65899549390172	7.21529548944463	10.8342465358695	13.015005301574	16.3367692338479	18.7561264924291	22.8926064046888	25.8470419971029	27.2280339723602	22.8494469954964	22.9215395861622	26.7243941184828	26.0965354213926	27.1991011983852	25.5448696023292	19.2781084393672	22.9180000436338	22.4431092988472	25.5509789636327	28.6165928964299	29.7418909452644	28.5991435885762	29.0499206539364	31.7271590912266	30.9158224053639	31.5641065294109	28.7035106912029	26.5235537777274	27.9613815824612	27.5033184361451	24.0546456427859	23.6735801474978	25.4215142939991	22.6718940320389	19.209480185575	19.0303127404675	18.8542332116689	15.7891516238207	14.0939593443432	15.6392301920523	14.7490399687573	10.4051212871355	11.1781757456215	7.17498222994315	9.48945720260121	12.8041627996523	13.376314365325	18.8468796886912	15.9481826237349	16.8028979940961	16.9787639715028	13.9797874089701	12.3405903019264	14.4093515121257	13.6608120549256	9.24373852940465	10.9876944351397	13.0656306774683	11.5993509301167	6.5936219181873	11.4574371043441
7	6.34161722275951	5.95835086244508	3.70500134952742	1.3314165388788	0	1.32596606291413	4.05628573944193	7.36754043083579	10.9272640217028	14.2437130692808	15.829059700437	15.8592976200083	12.4967494173485	10.3881252399073	8.27623223453765	10.1957329309864	11.0210838849906	7.74980857828114	7.03164091802191	9.01390459235065	8.72944139106278	4.26236026163908	6.81568441170804	9.22279025024423	8.86055540019925	3.80413288411433	9.06513965694958	3.88035307671866	6.85939370498589	7.3149951469567	7.12338557148215	9.24012256412219	10.1085444056006	12.734624493875	13.5689759746268	13.5015445783066	15.8901818743525	18.0984061452936	17.6327471767731	15.4533147900378	21.7621262977679	23.1677352799103	21.7986547520713	22.1187752373408	18.2076488048292	21.725721460978	24.3083186172964	22.6497631554946	22.0641664923015	25.6928319575714	27.8238559692937	23.8216305277368	24.8581049559294	22.2872046699446	23.6741478832924	22.5150647567357	18.2648878726369	17.4984190714476	19.2560607601866	17.340204295221	14.3664578097734	14.9996007280194	15.3352088019694	12.5259278299055	10.2221584315642	12.5962092710466	12.0849815473587	8.77681570958397	8.09849424275896	10.2471015414116	8.05885171721133	7.79114202155242	6.17782720703647	3.04011068877434	3.18955341701625	2.83930290740527	5.63819926927029	6.98874595331666	10.7877438790509	13.3811369472104	15.3236689470897	11.5536075751256	12.256322694838	16.4027408685256	15.9075101760143	16.2871423521746	14.7212102763326	11.7435366904523	11.9055577357804	12.668371994854	9.91816540495267	7.55817339044296	9.53593356730216	9.84650542070637	6.1437503204476	5.12937169641663	3.54389094075989	5.78017733291981	4.04916546957518	8.0265919293309	8.51258380281804	12.637602660315	14.68025643509	18.894242297589	22.0079485640984	22.960285385857	18.4136822227386	19.3208777750909	22.7505534877726	22.0310912121937	22.6907420989266	21.5541727050704	15.8698480459014	18.9661764992315	19.0552352386424	21.6536407562331	24.6437869046135	25.79210679646	24.658185537464	25.2447909478371	28.1494327118683	27.1924680380432	28.439783262184	25.4504180908684	22.9114630480029	25.18560164062	24.8042119608747	21.3291061462969	21.2313465187679	23.2162479526731	20.579651527662	17.0103112552358	17.196237873442	17.578181532798	14.3701282179388	12.6603836434762	14.8098529702357	14.4565264154291	10.1670523260186	10.7677118274961	8.01926966749467	7.92379240010741	10.4015489711869	9.41241446176272	14.1707139199124	11.4848793637548	11.9029277490876	12.1511752929501	9.44640402481283	7.34577899204706	9.50705869341302	9.54471377255494	5.37577399078495	5.97269461800953	8.92486167960042	9.20234323419856	3.57550346105272	8.99563927689411
8	10.6475130429598	8.74060604306132	6.91251169980927	3.60995346230391	1.32596606291413	0	1.33304013442957	3.84282786499734	7.37909621837255	10.9161137315438	13.1385625165008	13.8406945634964	10.6619299378677	9.89758036087608	7.25804532915027	9.58616805611085	11.5930742255883	9.14396576983969	8.12629860391556	10.3978710320911	12.170931681675	7.17348820309896	10.0566167770279	12.7656856063433	13.9655112688365	9.54778078927245	13.3550664543461	8.00926794407579	8.52068876323974	8.85280836797002	7.93003909195913	9.55903243011551	9.46637929728151	12.0766374045096	13.7477312310068	12.2291434287116	14.754526119127	17.2568426138735	16.7497636401234	12.8225299765686	20.3017931227761	22.108520913892	21.1995057253701	21.5932492691582	17.2999960982655	20.7179522395434	23.3274398509566	21.1355282167255	20.1554703244553	24.2182640583507	26.3826738978444	21.8456881100138	22.6651200967478	19.3718291082696	20.9137248236654	20.1509744429395	16.4508856296553	15.0401872661214	16.0742813836265	14.6401702858949	11.716266427493	11.2084238856317	11.6185531371165	9.41513467774094	6.62410892120593	7.80748141208162	8.26132634629573	5.37862166358631	3.64126969613623	5.85926872570289	5.95101176271733	7.83606572203169	7.72126686496458	4.34456637652137	5.40204017015794	3.59819246289022	5.79780941390798	4.74275668783462	8.97174542661572	10.9105943926076	12.5884340567046	8.66460172194891	8.98492437363832	12.981229987948	11.8464150273405	11.7917502093625	9.76979395893281	7.22766760442122	7.57311719175136	7.70787979927035	4.5308340291827	3.28793400177072	5.23800362733742	5.83892370219033	3.50586779556788	3.47054131224511	2.9208870228066	3.43146411900227	2.77339250738153	5.22842614942585	7.19252570381225	10.2759691027173	12.3718648958029	16.5507959325224	19.2932834426906	20.930105088126	16.9339164105649	16.2079139620125	20.4509025228717	20.3158262199695	22.2599426324508	20.5019292019068	15.8411015715448	18.1056323004749	17.0115854640301	19.7562258035284	23.0325697003179	23.6515830125596	22.3868052656023	22.6499420749811	25.1163436232267	24.1658244014145	24.8753986299717	22.0581573119787	19.832489379803	21.36411893807	21.0682825356031	17.6023258406382	17.2955636219234	19.323995316704	16.8283629922818	13.1349668823336	13.2181610294322	13.8217543748976	10.7260025638632	8.83335972323102	10.9167940806814	11.1972686848177	7.17070659000911	7.45676350704513	6.96939409131095	6.90778444944542	9.11165160659691	9.41853428087407	15.8657008984791	13.7507829958879	15.6939423664037	15.2173387292259	11.3626008906412	11.7555233826487	13.8357829557998	12.7797174460158	8.03485942627498	11.3069564870481	13.6940001825617	12.0128318476536	7.78315128980543	13.3303485700862
9	13.1177603652453	12.3943485911927	10.1066743788449	7.48636240105967	4.05628573944193	1.33304013442957	0	1.32703466420437	4.48677946861666	7.75419892703302	9.42474498328735	10.4276146361476	7.68496382554921	5.28496773878517	3.23795815291057	5.3961261104611	6.54143516363191	4.37554510889786	3.31645473359731	5.68480298691169	7.50654261294772	3.94565913378234	7.49440091001276	10.1010279179893	11.059954159037	9.37898048830468	12.9173009564692	9.14607374778926	9.11531815133186	5.47120571720713	6.96933375581913	8.48889415648469	7.53782793648144	9.76910425781197	11.2638172037724	12.972042668755	13.147406436252	15.9904654091118	17.4717732929431	16.108441172255	19.6122628220203	21.5325399105633	19.0376743852814	18.5541071194493	14.1012387399122	17.315009096157	19.9436507440338	19.0664452114179	16.7511308871968	20.7727857303733	23.2189589775252	20.3081233992705	20.154478336092	16.7924578605992	19.5954232666712	18.933548373192	13.562972093166	12.0861392925946	16.7029383343171	15.1636709275821	9.84701421751792	13.4162111641104	14.8998164418224	12.1394715288599	8.69585447210336	12.5409209390698	13.6181736293822	10.3352338144814	8.76798602872974	12.6057103726843	12.4807109973751	13.2450093997702	11.4642074736983	7.64571520526366	4.07315553348998	2.75950937668275	4.09184823765496	2.77284727311116	5.76408891326288	7.18918653256403	9.13565700976126	6.58261262721725	7.25214933657602	11.4163000135771	12.7149453007081	14.4147934428489	13.7459652989523	9.49633418746413	10.9018459446096	12.8280832940857	10.8328407170049	6.70187033595846	9.7632706610029	11.8650662450742	10.1215347650443	8.34207905740529	5.41346524880321	5.66628458515807	3.31411737872997	5.56475129722794	4.48682437810976	8.83575497623152	9.84180014021825	14.2349071300097	16.6941678738415	18.1092672408356	13.8464451033469	13.3449752341471	17.1900956949053	16.8977980222276	17.9693305662732	16.3341673800656	12.8942174248769	14.7284479155137	13.3116202244505	15.9056989472327	19.2743629207297	19.8265640492749	18.7614489046022	18.8971959030963	21.5966670345218	21.0451009263439	21.792539296741	18.7690157973187	16.3769364045905	18.8628755231009	18.4314008420413	14.9848469127983	15.1914698762167	17.1086173608506	15.1124465590453	11.5058903175721	12.1844972813818	13.3805875057861	10.3770672157407	7.21606714214883	10.5522517976023	12.0816515841171	7.42814068256653	8.88401513956387	9.18087408692658	7.57152884165411	9.23232159318554	7.15465296153489	11.4870714283494	9.24863525067348	11.1649145540841	11.309428853837	7.37297036478515	7.96902992841663	10.0964994428762	9.97582482805307	4.60733567259864	8.99868823773776	11.7287336059781	10.0344388482864	8.14140387156908	13.2795768757894
10	16.5877875559099	15.6744982694822	13.2350285983824	10.554941307274	7.36754043083579	3.84282786499734	1.32703466420437	0	1.32678031339028	4.78741913769831	7.64313266926592	8.90445674929133	5.30608207625928	7.70472913216292	3.93732472625767	8.5386273487019	10.8911032958098	8.67149099059672	9.17793451709043	11.4243817775843	13.3710085633059	8.95279112902787	13.1248256750328	15.8473840428003	16.3262372884875	13.9485215704031	18.1057627842629	13.2525800129635	13.3044818388391	9.97028916330916	9.79262625652588	10.6903314261065	9.16263782979552	10.9590355871308	13.8492328307383	14.9717740097825	14.2298506668201	17.7774199477877	19.5604256855519	17.2855075424472	21.2257500691966	23.396870773674	20.6418698038719	19.8561858875263	15.2362610570966	18.2258964388586	20.7954554169896	20.0881022000586	16.6470337598024	21.1477946367937	23.7053641397891	20.755109973209	20.0351987012857	15.683889727998	18.8065568619032	18.7527531312072	14.0863783138179	11.7654837979575	16.1534283977117	15.3409709601446	10.1198441193528	12.6281244054689	14.4908623621923	12.9557241403173	8.42045165059452	12.1137464890099	14.2234751731073	11.9359331432444	9.00862830846073	13.6502170312417	14.7887073133523	16.4660257196447	14.9274933595698	11.1056962861407	8.84903960890672	5.4324301192008	6.19385445421508	3.39953908640569	6.04815459458503	6.62758492967084	8.41517070533926	5.70080494316373	4.44884434432134	9.07953401888004	9.93943308242477	11.3523013525893	11.2369267150765	7.60845877954267	7.75523236273421	9.76827175092913	9.3399569592156	4.22251607456976	7.87300889114194	10.6088741155695	11.0451213211988	9.28108560460467	7.34728174224999	3.65464882033828	2.8903143427662	3.48160322265476	2.93205235287503	5.40042720532367	6.63131721455097	10.7250363635747	13.2180026100769	15.0626484391026	11.6319776478465	10.066407601523	14.6602454617922	15.5066926518842	17.6654202893676	17.040328899408	13.9113800896963	15.3743317578359	13.1864705664556	15.0042080764031	18.9766848790825	18.61661282296	17.0404247012802	16.9359900212536	18.984467545865	18.0032201008597	18.7830388915106	16.0054573505414	13.7172481934242	15.4823383569795	15.3981863217718	11.9615412886467	11.8079324608502	13.7516226678891	11.8867775700566	8.18056843990685	8.36320811650649	9.3865762128691	6.52808026911434	4.08540879227526	6.45159003657238	8.01194164981248	4.00872610688234	5.51503671791947	7.02643871388629	6.40111779301084	7.58617914367964	7.38331998493902	14.3331472468541	13.6241123380571	15.6330371329438	15.0982644366828	10.1985568586933	12.7862526566622	14.8937935395923	13.8960642269673	8.91933029997208	13.4220341602903	15.9355468371813	12.6125336074874	11.6191129609794	16.7377731792494
11	20.1620055302046	19.2395834414366	16.828663672437	14.100080177077	10.9272640217028	7.37909621837255	4.48677946861666	1.32678031339028	0	1.33736644192981	4.05573778738222	6.43036593048949	4.40641350760457	7.27255690936826	3.11556190758585	8.76537141255292	11.2996722961332	10.0099287210249	11.1393431134874	13.4679131271329	15.4586553425581	11.8347651434238	15.977481841642	18.5735830145936	18.6347300221924	17.2460151049453	21.2540417097549	16.686570947921	16.2758941382647	11.9642802123655	11.7883572222766	10.0754875316284	9.21908612607562	8.60324781695843	13.0006957506127	14.9668972736503	13.3523626748228	15.7974616315407	18.7752966687613	19.3072340328696	19.6845491185346	22.1291730979718	18.6410670027228	16.8800201421681	12.8497114753601	15.1474651674793	17.6404196095218	17.8420690504213	13.419134808176	17.6030080952092	20.6098851282582	19.3589745854474	17.8048852284984	13.6510339901416	18.0008583406459	18.1341832735858	11.8630263002322	9.64571915411184	16.5412582955469	16.0901963630032	9.07082388760801	14.273772696803	16.5961230713682	14.6384167859779	10.4643733687211	15.335574687634	17.5120481098014	14.0919231121944	12.8720522450773	17.5047944289557	18.5580379620261	19.9166699525799	18.2967860839001	14.5050999651847	11.9207558904627	8.24123643636075	7.68539517526588	4.78210351205408	4.82975796495021	3.49248078019049	5.68078814954404	6.99650155434843	5.83443441989025	9.74610204132914	12.2275428848154	14.3626733583968	14.8221611784517	10.7273162533786	11.1874646815085	13.5362361090519	13.7042406940334	8.19811216073555	12.2326370828207	14.9927073272308	15.3440879168493	13.3518271783303	10.7646076565753	7.4026160240823	5.50882074495077	4.09729288677292	4.16111102952084	5.92844878530632	5.75431777016181	9.47322701089761	10.821248125794	12.7421909026666	10.3531194815862	7.14943389367298	11.7272084487315	13.012413073677	15.4167182305444	14.2112478692056	11.2973946554062	12.2748671275904	9.7352849983963	11.1928742510581	15.3435477318644	14.8816941575884	13.6792342256429	13.3133323401769	15.4244134734518	14.6294920280917	15.4943029852911	12.6420886723674	10.3053662719964	12.6709780601183	12.6228278131328	9.37859397777727	9.20524274530552	11.4008236983123	10.6569536923081	6.98291250124187	7.11077119586898	9.9607671391314	8.13881692876797	3.2970552012364	8.18906258371494	10.3910309883091	7.33560685969471	8.67988421581763	10.6811655262897	9.06033570018242	9.43776038051401	8.47222290783239	15.6069017104613	15.0325773239322	17.1353255294436	16.8981559348942	11.9921456378748	14.8575643360545	17.1022280712193	15.6202464769286	11.1566148091614	16.1246606786003	18.5603422921023	14.8262830810692	14.71681164519	19.6857391022029
12	23.4023969926159	22.6242525843397	20.237192814222	17.618011522303	14.2437130692808	10.9161137315438	7.75419892703302	4.78741913769831	1.33736644192981	0	1.32558402223322	3.30047299640521	3.07468778902834	5.12619088602834	2.90357262695459	7.93521102428915	9.94377332806817	9.67681507521974	11.36996468772	13.4812928163437	15.3418038378803	13.7125301093562	17.1899253634214	19.3640856742579	19.0484185957785	19.6342090495136	22.8659368712502	19.3109135464897	18.1496088663089	12.2537950039977	12.9111698153188	10.4713005877971	10.9874733674307	8.67718808140056	13.4708555778763	15.8152413196891	14.4333781562045	15.2744451945071	19.3095000712085	21.0294461410661	19.9925074965598	22.3926535497694	18.4433384450863	15.7936185214155	12.4982594388179	14.3629076791574	16.7871366825912	17.6967787181735	13.2658706838262	16.4908748706671	20.0999220147741	19.9768857683073	18.1071422924767	13.6360432310843	18.3453911650856	19.0550587508934	12.5044029445632	10.1583076346407	17.8049957034536	17.7249246260739	10.6139885999562	16.1576005953854	18.6449517296238	16.5038090754832	12.5950136959036	17.8927400081709	20.1498030015184	16.024146435926	16.0676658230124	20.6939712476847	21.4661838713824	23.1955459948672	21.2155333894767	17.6224473045034	13.9839648526446	11.0294218343483	9.20332097669097	6.78017802126168	6.71018695715701	4.6576081844655	6.55770005413483	8.6985013651778	7.7631453676973	10.7277604839034	13.4738434383067	16.0314557043333	17.2977582940681	13.2210538914264	13.6670345722838	16.3535590621736	17.014312592638	11.3426514096132	15.652751068103	18.4556032412923	18.970967028594	16.989975956428	14.3209052786477	10.9027806544936	8.64127386442531	4.46568404614567	3.91189902732675	5.55641161182287	3.83393974913535	6.06168458433792	7.4087415260623	9.15035157794497	7.62572645719737	3.61276929792092	8.62627584766451	9.9400433097648	12.2811542617133	11.3281628254541	10.0436046318043	10.7662246400491	9.22034467902366	9.4405039060423	13.1931904784248	12.225090061018	10.5740719687356	10.2177929613004	11.91101083032	11.0687792009779	12.204876279586	9.52288748227133	6.8849306459833	9.28814841612686	10.0204477943852	6.95957908209972	6.83694295719951	9.28142774577273	9.88513904808627	6.41708446258891	5.60760269634003	9.74551142834485	9.57412664424281	3.39113078485629	9.2362941702828	11.9104211092639	10.3789563059105	10.8238082022918	13.5093977289885	11.1598314055366	9.9296852920926	8.48194258410183	14.8163635214583	13.7789852311409	16.3623718329587	17.069593580399	12.5574338939132	15.3284984913722	18.0205538483144	15.910675252798	12.8866638041038	18.1346428693812	20.4055416492677	15.8644199704874	17.6410334447844	22.1516811551629
13	25.2614214960283	24.288451247455	22.1360358239681	19.5669892676416	15.829059700437	13.1385625165008	9.42474498328735	7.64313266926592	4.05573778738222	1.32558402223322	0	1.32956872706904	3.333659550704	5.64405510249501	3.8535238418881	8.54369627269135	10.1927241206657	10.8888892454648	12.557386750435	13.5979374906638	16.1389037422001	15.5369179376091	18.4755310072539	20.4153754067859	20.1313857943262	21.4545274709093	24.1647044053926	20.908516207517	19.0355879867158	12.557953256801	13.3210881687646	9.78000746420983	10.7672284734745	6.92240608459226	12.1356157239754	14.7204460869907	13.110708676498	12.4881321661808	17.4065403225339	19.3198753101566	17.6498740222133	19.7363666362378	15.7269992687734	11.7510968849721	9.62911865125776	10.6768643805192	12.9614402749077	14.9261576100482	11.1437338446321	12.2415253951458	16.7162264581454	18.0389352790014	16.2950790424594	12.6436686922744	17.328442976794	17.7047737347869	10.9246902473251	9.66556118391478	17.3943872844087	16.9616375978265	10.2157765735161	16.0730943504977	18.5795783052253	16.1194717965571	12.9352286025412	18.4617265714775	20.5928405519977	16.0823620466647	17.3360601637166	21.7533067601227	21.9142599236205	24.3529596969239	22.4293451308771	18.6605998295875	15.3817568242383	12.2700407904782	9.81686961306913	7.13917481225947	6.62970632833763	4.773942919642	6.7271914644969	9.12753553813952	9.72815444984299	11.5275803185231	14.5858124902249	17.5913924690458	18.9216627440614	14.5348487780231	15.8609789735691	18.6235415267881	18.9599519250445	13.3601101791864	18.2125270349834	21.0144028228261	21.1212012205746	19.6396458725711	16.8670916580186	13.924164140084	11.4812170522118	8.92432837809098	7.73509334138897	9.04940732865971	5.63722715525993	6.79219000028709	7.30064024589625	8.40850224475203	5.82305675740843	3.70602158655343	6.00243034112017	6.95039984461326	9.21958355892499	6.63088440556763	7.40945861720005	6.98924108898813	6.22024782464493	4.92540252162196	7.01711258282208	5.56865199128119	4.85631073964589	5.35278824539137	9.69151737345603	10.6073582479334	12.0605635025898	9.16876594749806	5.09297948160014	10.2927860659784	11.6772229575357	6.38279084727049	9.41143825352958	11.8882914247591	11.5556701666325	6.66929996326451	9.18076821404396	13.0817947545434	12.4551173820241	5.36254724920909	13.1396382370292	15.5999996794872	13.2533169810429	14.7875999743028	17.120072955452	14.9429764103407	14.3703890343999	12.2099597460434	15.3279071957003	14.1539634378502	16.9425606388173	18.1720514527117	14.0442066703677	16.6573881806242	19.4539450497836	17.7785207483637	14.9008543043679	20.3810442077927	22.8786101194981	19.0010089732098	20.4430024702831	25.116322242717
14	24.3943523176985	24.1609906460807	21.9529703001667	19.8562960795814	15.8592976200083	13.8406945634964	10.4276146361476	8.90445674929133	6.43036593048949	3.30047299640521	1.32956872706904	0	1.33223158647436	3.26294912617405	4.61358710766362	7.64493675578811	8.48580214240233	7.97762928444284	10.9133608480614	11.865504161223	13.999753854979	13.8583900219326	16.9614257065849	18.7789782469654	17.3877942821969	19.8134738751184	22.6586909816079	19.9620303576565	18.8282435187141	12.1199560230225	13.4800794508044	9.87186557850136	12.1120740172771	8.58152917608511	12.5964939963468	15.7145727272491	15.2880249541921	13.9311509215858	18.7239241880542	20.83834995867	19.7195904115679	21.4574740591711	17.560160392206	14.4920874272825	11.696975720245	13.6702390249768	16.1146072245029	17.6878491908994	14.5901689160887	16.4739709845562	20.3052661888486	20.8921829161052	19.5156991675933	16.0774852200212	20.6055131700232	20.6826335847251	13.6668610148783	12.7462376409668	20.1484249508491	19.2881585694436	12.5141648542761	18.4142477717663	20.7563749484345	17.5401964071102	15.0680564771971	20.3491606952228	22.1940590924689	17.0472874381821	18.8672692512722	23.0275602268239	22.5058308889052	24.6125130370712	22.4225888335848	18.9912228410916	14.7762566639863	12.6695563458236	9.88168351041461	8.57751549109648	8.99610365658378	7.73820147062611	9.86412317441343	12.0945967274647	12.9436447726288	14.9434427425543	17.8079840801816	20.7743313249789	21.6869913542658	17.0724954239268	18.8768907397378	21.2808145990702	21.1637352327041	15.60106102161	20.2611107790269	22.9764207177706	22.4333566815134	20.6959948057589	17.3364826882502	15.4453426637288	11.6482202073965	9.99394366604095	6.98684606957961	7.70929075855879	3.99225500187551	6.65610959945823	7.96046192127065	7.57549377928594	3.79277853294916	4.85654197963942	6.65515454366013	5.93672721286737	8.19707563707936	7.48489452163489	8.16570511346081	8.92859233026125	8.8883479342339	9.38690119261943	11.4250886211005	10.8852840569275	8.35507324923007	9.94654161002707	13.3388876597713	12.6618956716599	15.35065291771	12.884628865435	8.45636689128375	12.8666608721921	14.5876099824474	10.0217235044677	11.9419352702985	14.6032138243607	14.9597448507653	10.0597211193949	11.3597277256103	15.9183708651357	15.5294534675242	8.58972770231979	15.3200081592668	17.9883045615756	15.6415696782644	15.7859981629291	17.8731321541581	14.6777536769085	13.76693578833	10.2238646802469	11.4886874359084	11.0077909227965	13.561251749009	14.6164683148837	10.6839569448777	13.6322805502234	16.4908081669759	14.2321221186441	12.7243974710003	18.0490550168146	20.3499270023261	16.3377879163613	19.2471548287013	23.3893166424331
15	20.8448018460239	21.0737633089109	18.7308882330764	16.9040233376554	12.4967494173485	10.6619299378677	7.68496382554921	5.30608207625928	4.40641350760457	3.07468778902834	3.333659550704	1.33223158647436	0	1.32786369782444	3.45618358887372	6.17700728508555	6.96323753723798	4.19340446415559	8.0495116622066	10.5148970037752	11.2399040031488	10.1976876300463	13.8853697466074	15.8809139850325	13.9975464992977	16.0987001338617	19.453899711883	16.6662438779708	16.7489189203363	11.0625456835215	12.7192894062522	10.7102949072376	12.5082061863402	10.2417978890427	13.3519001643961	16.8085838487363	16.782094267403	15.9524453611351	20.2206649247744	22.291345630087	21.6337222178709	23.4285675618464	19.6074406794972	16.8575960623097	13.899444089603	16.0745238187637	18.5951144390133	20.037885766717	16.6994444817784	19.0245614666935	22.7427307067555	22.8424164220863	21.5406286119974	17.8398131156131	22.3961915958942	22.4374022337703	15.5437360052209	14.2217038008812	21.2385578371037	20.3436492793206	13.4369309367876	18.7942460875663	20.9657090030364	18.0273090892679	14.7123601437703	19.6525416676826	21.4330799933187	16.8482905364313	17.1433145569928	21.4627232428692	21.6025339948812	22.4061462326746	19.8564128935717	16.4943103523609	11.990758024412	10.5816254422466	9.07384571171452	8.03760181895073	9.21049260354733	8.08257390934348	10.4209385853674	11.5953479033619	11.1656302106061	14.6286511339904	17.1403224590438	19.5803478263283	20.1604269052022	15.7996654078496	16.6426703085773	18.9765449173447	18.7688645900598	13.4023425564339	17.2764883295188	19.9147543796051	19.5101258581281	17.3323817751629	13.9754699742084	11.8681313187881	8.07974523113198	6.76510421205764	3.73262307231791	5.81038182910556	3.12516415568847	7.4188040815215	9.13654880138009	9.33339772001601	5.55608864220146	5.70770531825181	8.18334467073213	7.95818333541016	10.1210268747791	9.73749608472322	10.1833434097059	11.3489512290784	11.3779809280909	12.0283848874236	13.9338437266965	13.3616561099289	10.5640201154674	11.9774608744926	14.7897224788026	13.8347397517987	16.4679628976993	14.0875396716389	9.93318710183192	13.5513024097317	15.1703871407423	11.4953667623091	11.2779246761095	13.9591949982798	14.331695154447	11.0492132299092	9.39254880210904	13.5318298836484	12.8014004702611	7.53455220965387	12.073433770059	14.6763433456703	12.6595321003582	12.1540742551623	14.1934957639054	11.1026404967467	10.6438324394928	7.45526853976435	8.9722025723899	8.49071516422498	10.8179345071044	11.327572643775	7.14674562300912	9.94494972335205	12.755844386006	10.9525291143188	8.62204111565237	13.9822323324997	16.3346036682865	12.5523437652097	15.3459931578246	19.3056562437023
16	18.1683022321845	18.217903117538	16.1961197204763	14.6105283614249	10.3881252399073	9.89758036087608	5.28496773878517	7.70472913216292	7.27255690936826	5.12619088602834	5.64405510249501	3.26294912617405	1.32786369782444	0	1.32730026746023	3.28935343190725	3.39151367386304	2.79254758240572	4.16024326211822	6.38581341725547	7.63724989770532	7.5443860585206	10.1774185823322	12.0358825600784	11.384508158019	13.2990619969981	15.85249570257	13.519032842626	12.9901920309132	7.43046216597595	9.73806330848183	8.79289156080069	11.6148276784462	10.6703235658531	10.7504854774098	15.1189815133163	16.8093935940592	15.78355463766	18.8985327208225	20.7770881501716	21.4090479937806	22.9018917340904	19.4724094297547	17.2986939680428	14.4734748419307	16.9437429158967	19.5592798691567	20.8741510246525	18.2916922672562	20.6467356015424	24.0715078879575	23.737491527118	22.9903709626443	19.6436410066973	23.9788507230851	23.4661366654164	16.489765947399	15.7300772725375	22.5332988042142	20.5033322413699	14.504866148986	19.5171731815855	21.0727056876899	17.0934754219263	15.2523294614298	19.4811623113201	20.0719210341213	15.1993883429564	16.5841997696603	20.0724788952436	18.7285889217528	19.2375736775717	16.3724699724874	13.352907024315	8.64477645749154	8.76085503817978	6.66541739128166	8.54970467326211	10.5988930554091	9.9542714951924	12.3635456483971	13.1213370507734	13.6985191170433	17.117404885087	19.4835618406902	22.0242234142319	21.6460178554856	17.0669743657158	18.6574153086648	20.7102284391071	19.3693856123523	14.6291212654759	18.2410137327946	20.523533662603	18.4868204134729	16.5944217735961	13.1023051788607	12.5590561747291	8.92291958946174	9.19014874743603	3.88617717043369	8.19935326717907	5.62007855816981	9.57275999908073	11.3814083487062	11.0780841755242	6.673277081015	8.26656059071728	10.2807907283438	9.04651988335846	10.9031221675261	9.65990962690645	10.3373878228496	11.9589614933739	12.4610318192355	13.5311803254557	15.2590425977517	15.3328599745775	12.5778117731186	14.3730324218656	17.3710790395991	16.0594838024141	19.1361818030662	16.7531391088357	12.5679583863092	16.1970521083313	17.8934647846637	14.0387398651019	14.2515760882788	17.0425418585374	17.5082859812147	13.3344405956905	12.701907297725	16.8901687380559	15.9211245205859	10.3872533905744	15.2294985800584	17.7479855194892	14.8588492824983	14.6106763703807	15.6207014567208	12.4080790616437	12.5135211271648	9.57891439569224	8.59311614026018	6.38401589910301	9.01740988310945	10.7306656829854	7.2323186461881	8.56212421073182	11.224093727335	11.7497427205875	7.69428261763239	12.7427926687991	15.3733906800029	13.0761646517624	13.7949769119053	18.3292603505979
