11	12	13	14	15	16	17	18	19	20	21	22	23	24	25	26	27	28	29	30	31	32	33	34	35	36	37	38	39	40	41	42	43	44	45	46	47	48	49	50	51	52	53	54	55	56	57	58	59	60	61	62	63	64	65	66	67	68	69	70	71	72	73	74	75	76	77	78	79	80	81	82	83	84	85	86	87	88	89	90	91	92	93	94	95	96	97	98	99	100	101	102	103	104	105	106	107	108	109	110	111	112	113	114	115	116	117	118	119	120	121	122	123	124	125	126	127	128	129	130	131	132	133	134	135	136	137	138	139	140	141	142	143	144	145	146	147	148	149	150	151	152	153	154	155	156	157	158	159	160	161	162	163	164	165	166	167	168	169	170	171	172	173	174	175	176	177	178	179	180	181	182	183	184
11	0	1.32959768351182	4.32220695941321	7.14427868997284	10.4137897520547	13.2787998704702	16.3758888919045	19.9014058799875	22.9667480937115	26.1656109043913	29.7728618375863	33.2678042707961	35.0049838023102	35.118139273031	32.1497916011908	29.2475516069294	26.4971625084649	27.1275630309838	27.7890688760887	24.860220011094	22.4747582411914	25.1022390435594	25.0920392953622	18.3225725540929	18.8140651907024	21.7653221432627	24.1303381658857	28.0743956479921	31.1789750472975	30.0860718771993	34.3219970281451	35.5369502490014	28.1361963314162	32.4827296574657	32.970794242784	31.806035307784	28.256790245886	26.0272815714588	22.5358171806571	18.8675667217583	16.3647742117024	10.9137994300793	12.6232574639037	9.14769424499966	11.6261134520527	13.1033638810803	12.7437283790891	14.0261850123261	12.3638805397011	7.5774047008194	6.98155956789026	8.16832057402255	8.66713591678358	11.6180076605242	13.6302712372131	16.8604361450112	19.6940790086767	22.7425910573092	25.2464805666057	28.5641003709201	30.6192902269141	33.4265194119878	33.0548761909646	28.6795262338833	31.1316284347607	30.1918670340209	27.8302494958274	26.2833600211236	26.1247398647336	24.911133474814	22.077545991346	21.3155823987992	21.9126742092333	19.8413863678927	16.8876600214476	18.1171063086796	12.6351117921449	18.06805794766	21.2266921351397	22.7490525956577	26.6382631565949	27.7791525608684	32.1485002138513	35.4201557026504	37.0034019382002	39.8894773467891	39.8476814381966	41.0067720992521	39.4343583312826	36.1113037427341	36.9535970373657	38.1187823257774	35.0944324644237	32.8037172436296	34.439597108561	33.0320436394723	29.7876489337443	28.0500870052127	31.3962408737097	29.2638764691214	25.5166013802779	27.5307014258627	29.5195027397143	26.3044924490095	20.6416472453145	26.741706863998	23.4047652626554	27.6064515829181	23.1087493387245	21.7405568235958	19.0434784900238	22.9252777736716	23.6259128289258	28.0433248563718	27.2362027456105	31.9363590598553	31.5425108226977	34.4180600847869	35.0411380522951	36.482019530174	39.7881632021384	41.1279834054625	44.6185688475101	44.0993794740924	39.5237828781608	43.3228060148463	39.6659265995388	40.100428102453	38.4114153084731	39.9696284070793	38.8835272576962	35.4975934536413	35.5191798610272	37.0030013107045	34.6302215557452	32.1238948292389	34.0980564548773	34.2944200854891	30.1468765380429	28.2239967403626	27.6650118742067	26.0281413281855	30.05969434309	27.9671318872708	31.5037142095976	28.7478598159933	31.4196747755288	30.7883869340373	32.9554287637105	32.3449215488305	24.3149806292335	29.8314566355718	26.2294825339731	23.7455085016093	21.478935308809	22.2461596011536	21.5226386161177	18.188846390027	16.8098631166348	19.6598491601538	17.7517323380001	13.9234561083087	16.4245743019416	17.442933325562	14.1033354920033	12.1300856138776	15.1822313248086	15.9540188353907	10.4965467178496	13.8751989895641	16.7932530797341	16.2928358796129	13.4833221425582	13.7495845028132
12	1.32959768351182	0	1.3279265792957	3.45261364765883	6.72136072532936	9.48661725801142	12.5559952214072	16.0806164371892	19.1419246942412	22.3441690156515	25.9500741617437	29.4456729588576	31.19340484782	31.3643508620854	28.3862087112739	24.9971488974243	22.385223184056	22.5198206475984	22.8582047195312	20.0419577137564	18.0843814934324	19.8551879870224	19.6050211425543	13.3405626193201	13.7150449871665	16.7891397635495	18.3587402073236	22.4414487277448	25.6838364930164	24.8651306250339	29.2396373780524	30.9632780725814	23.912074794965	28.6118257718727	29.329944936873	28.3770066427028	25.1005703720055	22.6831000967681	19.0519266479797	15.8193329189318	12.5508315660756	8.71527635821149	7.38067266582118	4.55222967346771	6.73684184169407	8.64009137683161	8.92359977811645	11.1970773418781	9.06344421288066	5.84799461354061	2.94704546961869	4.01397570994145	4.32527756334782	7.32648169314576	9.96582525433795	13.1972514562692	15.9497066117217	19.0522040982139	21.4864166858972	24.8687888526965	26.9074164683271	29.748770697291	29.648608028034	25.028270855175	27.6772858495915	26.8357987397432	24.6674045858092	22.8588744036096	22.6021639671957	21.6099706154358	18.7849324193621	17.7224317180234	18.4456949448916	16.6803136661155	13.4712815277538	14.5503333982421	9.12581771678571	14.4609491735501	17.5800594424479	19.1368972145434	22.9401355052667	24.07793064198	28.443439120472	31.7293097781846	33.1957251615325	35.9845003994776	36.1193374385522	37.2706623096505	35.6483544360746	32.3450884834158	33.2578993173051	34.4052537993836	31.3425294926877	29.1239034128326	30.8308039142673	29.3753359470151	26.1409884281371	24.732587854893	27.9606566446498	25.805026390221	21.9791984612724	24.2480198366795	26.3362910258829	23.044190591123	17.3778790420465	23.9618732364563	20.6385877908349	24.7739264146804	20.4385591224039	18.4422761610383	16.0370993013076	19.6464771905805	20.5128630132412	24.6277055772559	23.7207371091204	28.4234323754187	27.1291353529743	30.0572789520276	30.5357046095223	31.6302221459161	35.1200506975716	36.9514813099556	40.0989480660029	39.6586120029433	35.6253186512065	39.5466861443535	36.1147384041474	36.7913518234924	35.2772944824288	36.9192220530173	35.6230517923437	32.2827923513441	32.7493461461447	34.0257681911812	31.4924067355926	29.2218415573009	31.2282978882936	31.4301041360031	27.2455705390803	25.5805659632464	24.6227231028577	23.3925373784034	27.0536046766415	24.7847700412975	27.4509187642235	24.5831796153386	26.4262879913165	25.9199506943976	27.8585727739236	27.0112114870844	18.7795039604352	25.1599490659262	21.9428585649181	19.1851037526514	17.0282902547496	18.7183593565248	18.123305244905	14.657476351678	12.4868754298263	16.7427526410683	14.6917169520788	10.2784760543575	13.7159490739795	14.8799144150765	10.913628315093	10.4064409381882	13.273041324429	14.1906909627403	7.3245784861656	13.2158045158061	15.8956351556017	14.7077835515757	13.4620234363189	13.7830146920041
13	4.32220695941321	1.3279265792957	0	1.33044391088087	4.13398935654169	7.27193598706699	10.2462770799935	13.7861061580129	16.7190444104919	19.9060787449462	23.5296744346368	26.9587494146149	28.7659073557571	28.7710948522992	25.6082211213509	22.6533161810804	20.0427638812615	20.8726506462404	21.4225594642657	18.3664909549974	16.290789391555	18.9244458307238	19.0455136974564	11.9590702815896	13.1013332909288	16.8841003609905	18.6421819806588	22.3688801239579	25.2483753932803	24.3275858646106	28.3030528565383	29.5777863945225	22.9315019569151	26.8139458304816	27.2167093161536	26.6963503498137	23.6977152063232	21.0190495027725	17.1399398773741	14.4678082652487	10.8356866879769	7.90740943672452	7.19060372986858	7.6325866519811	7.18354988846044	9.42742223516057	7.60531222238771	10.8498442385133	10.6975318181345	4.50672652820204	4.98486439133504	3.64358257762878	2.87286285784755	5.327129151804	7.4353373158183	10.8399013833153	13.8142571642488	16.9164339327176	19.6324674455352	22.9925707349135	25.1348338964076	27.9256503057673	28.4262100709891	23.5733225065963	26.5143256750007	25.7339562446197	23.8695604693509	21.8110719819086	21.2376080103198	20.5087729520808	17.8528262748507	16.2476712792941	16.8619894437163	15.5951581588646	12.226106739269	12.7620575927238	7.22608808415729	12.0916536916999	15.0162480000831	16.0422279313068	20.2280368053847	21.1242039850026	25.5189985892864	28.7450500956252	30.2993208834786	33.1578955604845	33.2403742608293	34.5292860771838	33.0723179109055	29.6935825221545	30.5687989296276	31.8886608216777	28.9337458515139	26.6350921530225	28.495466832463	27.2236640443567	23.9536633106504	22.1322478975815	25.9859101437683	24.0293809533246	19.8827065813485	22.0973995302615	24.6745063172498	21.5542663526273	15.8284640442464	22.503593513037	18.4425130879715	22.1946480711004	17.6396404158361	16.2763499593736	13.1891031158301	16.8014918682836	17.3333267724347	21.746220959054	20.5894221628486	25.2728501162809	24.8259829614056	27.6905006996984	28.466941476035	29.8731614664401	33.1220679608022	34.6026169241576	37.9319168115718	37.3573696209998	32.976944825135	36.6088285253708	33.1019536885665	33.7001579076419	32.2122118768643	33.6775865673299	32.5958350406919	29.2044381729901	29.3534945108755	30.7759819339692	28.4307102092086	25.9274950776198	27.879179292081	28.3196145100882	24.1539340688013	22.1888883452957	21.5204674205743	19.8696997712598	23.7811946293705	21.8057998248172	25.0442047188566	22.0818742184625	24.9099937775986	24.2415005517398	26.486611712335	26.185219246743	18.4216301667361	23.4177732715986	19.8151532671337	17.1826564011505	15.2511167132115	16.1344313193865	15.0421599512836	11.6818363282491	11.4963507688309	13.4333124358812	11.4595221977184	7.44092487530952	10.2598645702563	11.3827684242455	8.18076903475462	6.74502876198464	9.66188314977986	11.1867126985545	5.40765032153522	10.0804311911743	12.9520329292355	12.7913660724725	11.9780837365582	11.6473168584013
14	7.14427868997284	3.45261364765883	1.33044391088087	0	1.32950404286712	3.5950394990876	6.92487191217282	10.2927893692623	13.5317025166828	16.5332213739489	20.167705099986	23.7345918439732	25.2906323566652	25.3918207499974	22.7429000129711	20.0268578164424	17.0335817137794	17.8822853405262	19.0633181267061	16.33551352116	13.139552846273	16.2370530577442	17.4704378308044	10.9753871002348	10.7273965154645	13.854283850131	17.9906213622543	20.7178445307421	23.2969549512377	21.5981748302953	25.4725594512997	26.114418737548	18.9970707215613	22.7681655167912	23.1191904702565	22.2223169359093	19.4572508335582	16.5302324847535	12.835841421582	9.8181051634213	6.9179481061945	4.00468051160139	6.44155850706954	8.2129864239508	9.14345372383981	11.4318100491567	8.97419890575198	13.0478256426119	13.3644012585675	7.77988496058907	7.35265353460913	5.40092556882614	3.23740482485586	4.34396477886274	4.04212233857413	7.11935938129267	9.8543946034244	12.8724858904564	15.6058844670848	18.7623751428224	20.9189928294839	23.649735241647	23.4479782923816	18.9517429805282	21.7880985402582	21.2490516494266	18.9670024252648	16.9515763573775	17.064318035011	16.3511106044819	13.4331262928627	12.1158680250323	12.6381586475246	11.4891222467167	8.06005086832583	8.5629715636571	3.19056154932012	8.34334519242732	11.5526060263475	13.6805635117856	17.1300199941506	18.5591265688879	22.841559272519	26.200580298917	28.2076218246062	30.8888912879695	30.4789108401203	31.4422217249354	29.7504027871893	26.486756030137	27.3084571698952	28.3244027827596	25.2539929714095	23.0121842944124	24.6733117760871	23.236325053674	19.9890977785392	18.8463991255624	21.9261232779532	19.8543677058727	15.8651182472744	18.3283504440525	20.5890083782585	17.3420695996758	11.7105706948893	18.5482877646429	15.4195256087858	19.3081989320599	15.2361815754473	12.5610858607049	10.6334977312265	13.9633397151255	15.4212107501324	19.1100981159177	18.3305111221701	23.0578542800496	23.1314306518209	25.929784302998	27.2257439935073	28.3401257936517	31.3538453463048	33.1138758075825	36.3497768356286	35.2173199434596	31.0531046595989	34.3223767825015	30.5534294147155	31.4024108947068	30.2241966146331	31.615303667686	30.0611141011108	26.8157081204282	27.5358483798847	28.5461430144249	25.8412229199781	23.8250162224499	25.8853718343005	25.8837577835986	21.7206183613635	20.4019342465365	19.0810998372735	19.10975261483	22.0715256382517	20.243130143335	23.6044718220934	20.5908665189205	23.7146148608827	22.2628166456987	24.8693303086352	25.4448880720667	17.9618625426207	22.5422974871684	18.9008591868201	16.3348455150332	14.8211425335566	15.2554929451657	13.4509472157168	10.483379083101	11.6137515471961	12.6206470911756	9.81998253562602	7.09728638283676	10.1559772055672	10.4895474640234	5.71353699559214	8.08724168057317	10.4470426915946	10.686450580057	2.9146594998387	11.2417458608528	13.7241660584532	11.241700093847	12.8299448946595	13.3285309017911
15	10.4137897520547	6.72136072532936	4.13398935654169	1.32950404286712	0	1.32931975085003	3.35763979604722	6.87356777809021	9.8310121554192	12.9352595644618	16.5587504359478	20.0079881297446	21.8987571565146	22.1275858601882	18.8849517341189	16.5522247749358	13.9053265693403	15.460459436899	16.4041118320987	13.3826721173314	10.9975111729882	14.1161836556486	15.2850236179078	8.69987637843206	10.0305192786814	14.2292065133654	16.6550610326111	19.1522665238347	21.3572476457057	20.1246943082373	23.442794074086	24.1033052297812	18.3033332756632	21.0623328242624	20.9985875001153	20.9226626651581	17.9212993111549	15.7296487246219	11.7535766471317	9.90217531656555	6.91719892731155	7.25387696338999	7.50448432605465	9.38973279705019	6.77000354505077	8.66779383695759	4.36007924239915	8.8945395046624	10.7402073536781	5.97498359830385	7.2026659647661	4.01527358968227	2.96876725258144	3.60834047728316	2.9898344435771	5.34679315103923	7.57062282774674	10.7797191985691	13.1358917854861	16.6474897206756	18.6675475625482	21.5164653463342	22.414939170116	17.3698779212751	20.9734043016388	20.4157884491391	19.0439532923183	16.563663694968	15.6157715147219	15.5396726477748	13.2001800745293	10.6587670018628	11.5061386224919	11.4466718307113	7.83993966813521	7.37846013745415	3.67949167684885	6.29490675069933	8.89160131809788	9.84952212038736	13.6119354244722	14.5636733347051	18.9216988137958	22.2151739583556	24.3394371750869	26.9025607888915	26.5717965896173	27.7953956258946	26.1925321227254	22.8697905543536	23.9758978559719	25.2791639893411	22.2404758492259	20.2026159444761	22.3128812572469	20.9440074006862	17.7219467327943	16.88450443454	20.2389308512085	18.3180713777406	14.0223703060503	16.8575227717479	19.3572814723556	16.2959521354231	11.1701792286427	18.1106822897427	14.4763588654053	17.8143452868748	13.3859685865461	11.3083555833729	8.54051649491996	11.4494840495107	11.9499223010026	15.89482031984	14.6422257187902	19.3220217886224	19.1794808323896	21.9598891162956	23.5386570135171	24.7091167587998	27.6364590170304	29.4423688754828	32.4605997171956	31.2262006974912	27.373486095125	30.4284957400132	26.9020986727802	27.9295429966192	26.7814342595762	28.2798732140015	26.9342793851998	23.5955769372143	24.2786956198227	25.6127247671934	23.0967916603151	20.8950766689189	22.8904157673031	23.4588154006122	19.4366776224745	17.6507532700449	16.4645494927739	15.6289619936834	18.5885003698523	16.6728527852914	20.1349998261733	16.9157413671408	20.114696318861	19.0246922182725	21.7041744141536	22.3872141634461	15.8456073723919	19.0425387488118	15.5735947038569	12.9325902277927	11.5368268601033	11.7265630514657	9.94801301768348	7.05920979997054	7.53183237997235	9.02570290891518	6.41557955293206	3.85428307211601	6.13301255501731	7.11160010124304	3.46836142868646	3.87401471344651	6.38308279752034	7.95635714381903	3.24305319105314	8.40126401204009	11.0217311253723	10.6557340901507	12.0462281648656	11.3846492260412
16	13.2787998704702	9.48661725801142	7.27193598706699	3.5950394990876	1.32931975085003	0	1.32981540072297	4.15724945125981	7.58931973236073	10.1201119064959	13.834760026831	17.4387606784427	19.6396469418368	20.4002006362683	17.179301353664	15.7928779834456	13.1445847785314	15.0423666023668	16.4902554558745	13.8438186567146	11.1444661603865	14.5359302763875	16.4357710497561	10.6402400818779	11.6495240246115	15.3014282666684	18.6221512183743	19.9718953782559	22.0542808089495	20.6231569115885	23.4497663954249	23.4652132528132	17.8705093659918	19.914838638563	19.3362877771303	19.2583404009795	16.6199981648615	14.5943299606388	10.9378784963081	8.99624732874769	7.57586272314909	5.98979423686657	9.44850173307916	11.6628293736983	10.3959352633614	13.7007250538065	10.0942741195194	14.8710947142435	17.1165131086913	12.3990574641785	12.2857649741479	9.05435613392801	5.6570743321968	5.71831627316993	3.58399525669329	5.73392221781914	6.3215602504445	9.46792353158811	10.6433730085908	14.5886623787104	16.293030350429	19.0499850918577	19.5582247149377	14.7070975382636	16.5944368991539	15.4356679803629	13.3836221180964	11.8646535136935	11.4889466880128	10.1692425479974	7.32261278506518	7.03348832372671	7.82309938579333	5.92655380469966	2.80423857758216	3.93309674429704	2.90364202339062	3.11468794584626	5.73067709786549	7.97937290769143	11.133250513664	13.1115189814148	17.0437470352033	20.5181150450035	22.9600582098565	25.5182239977629	24.4237719240907	25.2009930955111	23.3787517630861	20.1862366230063	21.0938387449985	21.9942979201428	18.8444489704528	16.7536056417716	18.5525816532363	17.0403941268974	13.8278064059344	13.7360424431493	16.3690386400668	14.3831416943587	10.1519082442662	13.3668168985739	15.5672923143365	12.2599748776252	7.78848945560049	14.4680988730379	12.5198299509219	15.4504531972366	12.2796835871288	8.17867397565155	7.41514639100268	9.41273998366045	10.7606642917619	13.9352752394777	13.5176031529262	18.0526567850829	18.6276740630708	21.3613290785007	23.3928401225674	24.579506199271	26.9376320600011	28.9569833028235	31.8730329589137	29.963631906029	26.2200923339335	28.6818500972305	24.8819732738382	26.1732896098293	25.3807545987112	26.6079287055569	24.6977201579417	21.6384915832874	22.8745681926457	23.637963089065	20.7268210780139	19.2541211692458	21.2839580200676	21.168421315724	16.891748340536	16.6085366302995	14.5296643113322	15.7259035034557	17.8275606014957	16.7448256186799	19.6254933441175	16.8160018434823	20.1781285058848	19.0338673421877	21.9625551564475	23.218706122435	17.6032861420815	19.5214027672194	16.1919681941387	13.8243158962749	13.3850915574007	13.3851432192562	10.5841952457426	8.66254847028286	11.0742704500116	10.8739601341922	5.98099164018811	6.88014193167553	9.80759037684588	9.41731713387629	4.06756806949804	8.41459690062453	11.0430890605844	10.321766370152	5.12316981955508	12.7873210251405	15.0064690383847	11.3582765417998	14.1445990045671	15.7064685400634
17	16.3758888919045	12.5559952214072	10.2462770799935	6.92487191217282	3.35763979604722	1.32981540072297	0	1.32841070456392	4.25633187145927	7.27321689488221	10.8226832162824	14.1678926097003	16.2996147500485	16.6098505712725	12.9552518308214	11.2759888701612	9.08639482963403	11.163462321341	12.3035260393108	9.55333643289087	7.73723012453423	11.1103899571527	12.7676348632	7.73475125650463	9.80920113974629	13.4051939560754	15.6591098086705	16.2956342926564	17.7651178155395	17.3205167648081	19.6457575572947	19.78841600533	14.2973156221719	16.1559476045201	15.5808005570959	15.699398396117	12.9281787580463	11.2237112400489	7.64887410015356	7.1300167601486	6.77373205847411	8.89441116656971	9.64757197433634	11.809600204918	9.34807498900175	13.0256541102549	9.46870645864576	13.6554483631992	16.7907709769385	13.9417021557628	13.6151799473969	9.70036607556642	7.60066740490597	4.01587761267696	2.65325630122686	3.48139311195964	2.95367990818233	5.79971283771878	7.38887799330859	11.012864886123	12.9071063759465	15.7301433559901	16.9323364306288	11.8267077413793	16.1387862616741	16.2762986578644	15.3598707351332	12.2839731764605	11.4052288885406	12.5462005404027	10.8009146834886	7.26938333010442	8.83018029261012	10.3401613623773	7.17097580528619	5.67207105033074	5.09039517130055	3.41647318151336	5.10540047400789	4.22389157057801	7.7918273851517	8.50022570288578	12.8102625265839	16.1319065829182	18.3789999183851	20.9301575006019	20.4459753007774	21.7274415889216	20.2014342807633	16.838781666142	18.0982246090604	19.6023283310937	16.680771864635	14.7136300415635	16.9489872853808	15.8545829336504	12.5992544620704	13.4374457766348	15.7870232152867	14.1850187521906	9.55993336796863	13.9462568813284	16.0807036537584	13.1195296409589	9.98176206889345	16.2971257895373	14.3316328797524	16.562253620809	13.6616720060174	9.57124176896603	7.95478679789723	8.73562213010613	8.1360637903104	10.8231567021826	9.11852893837597	13.6258985024842	13.7670480132816	16.4704799565769	18.4984942900767	19.7471035597629	22.1405718760831	24.1942123037722	26.984777301286	25.3118195711016	21.7810437077749	24.4598982213745	21.0128497115456	22.342528505073	21.7849112231379	23.4482936905865	21.6750810379108	18.5857600059831	19.9848678254323	21.3959190735056	18.397436886697	16.7312164829698	19.2616629084822	20.0849613392707	14.8584862620659	15.9864194239986	13.4773107851678	12.8691388212265	14.7044909466462	12.9996868039195	15.1939296431173	12.0768158883043	15.3747920961553	14.4448374861055	17.3628498524868	18.8090056621821	14.2670639936884	14.9453169253783	11.8952879746562	9.71427887184632	9.59346902845888	9.67058814136969	6.90792885024158	4.61291209541217	7.40166832545203	8.0003096190085	3.30075627697653	4.88042795254678	8.07464135426459	8.99845642318725	4.19669739199766	9.10123777296253	11.6694802797725	11.8224977902303	8.26246779116264	14.9334909850309	16.2635291065623	14.242807623499	17.9069456357024	18.4820969860024
18	19.9014058799875	16.0806164371892	13.7861061580129	10.2927893692623	6.87356777809021	4.15724945125981	1.32841070456392	0	1.33050403982851	3.77755066147365	7.31181489098295	10.8592473035658	13.1280127208957	14.0082511756464	10.6057437740123	10.6108453009174	6.91463925306303	9.92112019884851	12.1856774124379	9.6790076454149	7.72881679172174	11.87044818025	13.9868402793483	10.9304144935131	11.9464999476834	15.3426017350383	17.8048574552003	17.3252255973768	17.9772229779797	17.0447535916481	19.2784528684228	18.5639363821362	14.1274498760392	15.0838638617564	13.5975490806248	13.8594208031938	12.004087178957	10.018241861724	8.57163397491984	7.7334317091444	8.97034597994972	10.0610131696564	12.37441966316	15.0721948302163	13.6454766864335	17.3941825045042	13.8821261339897	17.9768933356128	21.3385890348917	18.2343380466635	17.7178853422185	13.9580135406153	11.0869202215945	7.91734810400554	5.12168116930369	5.51339650306416	3.67765319191465	6.15715023367142	4.2360128658917	8.56730657791584	9.57782501406243	12.1183651125059	13.1090307040605	8.17954344691682	11.9088592652697	12.1167297980932	11.889747852667	8.81706878730114	7.35017149459793	8.99220162140507	7.36662982645388	3.83875839302241	4.95518364947254	6.95321120058926	5.54888844724779	3.57054673684577	4.94948350840772	2.86759603152187	3.47132035398636	3.08788179825588	5.52014175542621	7.0172111269364	10.6628612013849	14.0600661093752	16.7690707255948	19.2105049907596	17.880474406458	18.8260290289801	16.9582377032521	13.7627525226606	15.1247456507539	16.2317181160837	13.0663743632272	11.4891789959074	13.6133828639321	12.0548596424844	8.97083903545259	10.3945316873826	12.6885957457868	10.6057501384862	6.5814315312096	11.2090109287127	13.1650917961099	9.73192067374164	7.57088898346819	13.5055362351889	13.3507357849671	15.4017434727371	13.4938425216837	8.69522915166702	7.41934121064667	7.90573595562109	7.65620800396645	9.84826939111639	8.80172647836775	12.6585877174351	12.9325968776576	15.8906048028387	18.1818390158972	19.7001084768587	21.1619218881462	23.7476369350721	26.175353502866	23.6709851717245	20.7359667727357	22.5086110411105	19.0359344924277	20.8594983880246	20.7030500651474	22.0779859588686	19.8766706216107	17.115479718664	18.8104650128592	19.8212425443008	15.9141342522928	15.6608931418358	18.0991739314257	18.4126638214029	12.3407466143666	15.4340525786327	12.4997753979822	12.5222037597222	14.3209297533365	13.2562178618187	15.314612401233	12.7100767110195	15.902716780475	14.8153235199236	17.9387517402968	20.0962433554135	16.5473275485802	16.1667561062818	13.665199193572	12.0497057640425	13.051123821342	12.5659575838851	9.32868190046161	7.14757700203362	11.3224932766595	11.3180589325202	5.20501085493585	9.36292966971343	11.9578229205822	11.3159104803812	6.61385674172037	12.1944433657301	14.5731199816649	13.2013524307171	11.2407179930821	17.1927789783967	17.7837542436911	15.1811836495051	19.7152133643032	20.7896486261793
19	22.9667480937115	19.1419246942412	16.7190444104919	13.5317025166828	9.8310121554192	7.58931973236073	4.25633187145927	1.33050403982851	0	1.33028342844673	4.56542462428195	7.91833770434174	9.52158379682708	10.6366040163202	7.70926423207818	5.03945512927737	3.38231547907643	5.44588743915994	6.77643726452182	4.0194619042852	3.74170188550611	7.13039479972883	8.69359034001487	7.70483387231678	9.30312420641581	12.0535767720623	13.10244835899	11.8187069512701	12.0771995926208	11.7638841799807	14.0054159167088	14.1359118559787	10.8745849116185	11.9550001254705	10.4978048181513	11.8055023611873	9.58734212386311	8.89469218129554	7.04014033951029	8.45643524187349	7.59590225055589	10.9633039727994	12.0756923196975	15.1495322039989	13.3807964635892	17.2266259609942	15.1327938596943	18.5530649489512	21.69357298833	19.3733468972194	19.2554990587105	15.4611741145361	13.4852423411669	8.1099147960999	7.30296884835202	3.73243432628091	3.08111765435856	4.22576253473856	2.74606718781606	6.41801924272591	7.50855225725971	9.94696667331302	11.9317286677162	7.73906596431378	12.8250994538054	13.7922332491877	14.1597374622554	10.9248895188922	9.72287529489091	11.7099052515381	11.6803882640946	6.12777904301387	6.44938803298421	11.1146427293008	10.3010446557619	8.17298066803048	8.90114026403359	5.65710853705318	5.71705151279923	3.57683673096774	6.0672743468546	4.3633814868746	8.66517864789872	11.2700657052211	13.5307303941805	15.8254158871102	15.6779551600328	16.8156147672335	14.6598516022503	11.7302754443363	13.7002400343936	14.6116359795883	11.4147929459977	10.553468292462	12.6265410940606	11.4265278628287	7.38877188712711	10.1392101270267	12.6657147054558	11.6121327067856	7.20263403207465	12.841347826455	15.0233088565735	12.7713964780677	11.3289853914638	16.9207111552677	16.2397108656528	17.4703383195632	15.6469300822877	11.420273770799	9.64400793238993	9.14936167172334	8.63404910803732	10.2775337995066	7.21586938629019	10.2968154785837	8.30771123715792	11.1593746688603	13.5588509100145	14.2830126373955	16.2418093203928	19.250005844155	21.7852454886329	20.0588748687458	17.8905850658943	19.7451416302846	17.2871335680615	19.3880233391648	19.3785215380328	21.4936411294131	19.7169310492277	16.4953103032347	18.4173816271478	20.2772491477518	15.2231182745192	16.5814775578053	19.1520503341026	19.5286835705841	12.57054819807	17.4562124757921	14.2835362918291	13.0501928338243	13.4275390150243	10.9287976465849	11.8480397112771	8.14937040512946	10.8159398112231	8.83002950164948	12.0245719258525	14.3187431361834	11.3571444034141	11.5248342721273	10.0355803519278	7.94362920836566	10.3298101628249	10.7218308604454	6.75508023638506	3.76799402865769	9.92706980936469	11.3625349724434	6.63187100296741	10.5263528821715	13.3362269026888	13.214024368072	9.80431022560996	15.3426014417373	17.6506105843396	16.0624339687359	14.7045737442471	20.5222681251367	20.5675636136126	18.9175663339659	23.2880492313118	24.2226737582786
20	26.1656109043913	22.3441690156515	19.9060787449462	16.5332213739489	12.9352595644618	10.1201119064959	7.27321689488221	3.77755066147365	1.33028342844673	0	1.33120584433813	4.79172766337988	7.5525330849987	9.16064239013836	5.23741902085369	7.57808062770514	3.47561476576447	8.47203924684016	10.8011444301055	7.70273107410612	8.23878911005738	12.3085099423123	14.2581286289611	13.2778317507039	14.1022009629703	16.9700637889196	18.7511771363827	17.1380041720149	15.4227676828772	15.3634485061135	17.0898131645726	16.2797152616377	13.5215514642366	13.5746559809079	11.4336019696332	13.4287342664899	11.4676062454202	11.0639614062957	10.3253462895924	11.884914513786	11.9478457890952	15.2631819094185	16.8477694666089	19.724037999355	18.2183874698064	21.9072761656944	18.6892868777811	22.0205986748771	25.8376005464904	23.4723311368939	23.2504931775651	19.3611023962996	16.9555747174786	12.4606915137162	10.673745265838	8.25744427774115	5.80974853156314	7.10535495242849	4.54522892712788	7.85701737302394	8.35282970016748	10.454855761798	12.580172097392	8.59451132991283	11.8701583392978	12.2194134474614	13.1819832347033	10.346204908081	8.12858228721343	10.0851719866346	10.7784988750753	5.66730579729028	4.00200262368729	9.64386877762239	10.9005455368069	9.03240272574247	10.0604433301918	7.20859688150198	4.18854927152588	3.09994387045959	3.56410676046608	2.89191182438192	5.48524657604378	8.56042475581673	11.6741844254749	13.8632804559383	12.022987731841	13.1222809755012	11.1683727552406	8.07383440503953	9.96078365390996	11.1664781824889	7.99323295044002	6.70227409167963	8.73197497705989	7.74114952704054	4.06227485529968	6.02346752294723	8.66279342937369	8.51997916664119	4.05087916383592	9.59920939452828	11.7188853138854	10.0026689938236	9.5459195471154	14.1401262370603	13.1598658807755	14.250768505593	13.5789939244408	9.6351628943158	8.72410625794986	5.43757225239353	6.63470609748464	8.21660027018474	7.05476278835794	9.24846300744074	9.06162044007582	12.0209396471324	14.5205540183562	16.2714020600562	16.5034322793775	19.4629583054581	21.5589729811046	18.2825265212443	16.4697223109559	17.0121384899136	13.774946460876	16.6775142632228	17.3524636003076	18.7630469540531	16.2883229339303	13.6217606424427	15.7728399789004	16.8133882962358	11.5139623501208	13.5098631377227	15.8086696151194	15.7014139809127	8.6458355871483	14.5649636456807	11.1651454983802	11.743913700296	11.5933031099855	11.0316448003006	12.9803002276527	10.431329589271	13.6426002653453	12.6589713642144	15.6475240533447	18.0600156699821	17.1054877159349	14.9843649181405	13.8150647483101	13.1867793641965	14.9283534925992	14.3876130056379	10.648752509097	8.87975393803229	14.0559377488661	14.0455308194457	8.54749670956357	13.3822402459379	16.0799023939824	12.5396333279726	11.9216399459135	17.234540260767	18.9490263865983	15.1576492240717	17.049575243976	21.7345734487705	20.0376545034592	19.2284450229341	24.0607232019322	25.4389453790836
21	29.7728618375863	25.9500741617437	23.5296744346368	20.167705099986	16.5587504359478	13.834760026831	10.8226832162824	7.31181489098295	4.56542462428195	1.33120584433813	0	1.33292385378911	3.86532301366911	6.14962608619418	4.28265069787393	7.39481074808544	2.96534888335251	8.65818237276161	11.1632829400674	9.37801236936698	10.5128362490814	14.1978712841045	15.9669081540541	15.7816847009437	16.8257102078932	19.1808376772236	20.7983733979367	18.2193711746591	15.7012322446361	14.992399574451	15.8466143702685	14.4282888105277	12.1634350822455	11.5533263175589	8.88038422592176	11.0119446057452	10.6499826290938	11.3053159619712	12.6805329540994	14.63132546969	14.3239839430237	18.468149717825	20.1941291468585	23.1074352319767	21.5522100258883	25.2243146388559	21.9852512380459	25.0043747772265	29.0296634840985	26.8887603470298	26.7939976300663	22.8804751261856	20.5750957713445	15.9038600660343	14.2579902510838	11.4885174848629	8.74143066093875	8.26370092634045	5.63113683016138	5.60809370463797	6.76783724686107	7.65569291442649	10.5784828307277	9.29931922239472	13.0649299270987	14.7479078177211	16.1763087569445	13.4622309443866	10.7622257920934	13.2948966900838	14.7571211962225	8.57346773482002	7.63880540398824	13.948169019624	15.2848635257237	13.3510743013437	14.2159872678615	10.7223108050457	8.30057943760555	5.15825454974839	5.27797896926466	3.24455929210733	5.48775582547183	7.70172902665369	11.0915823938697	12.840493059069	10.036249349234	11.0316791559581	8.50194095486436	6.16801572630939	8.20942586299432	9.33974828354598	6.37064408046784	6.08026257656691	8.54550220876456	8.41955919273687	3.32213560830981	7.99615670181619	10.6443173101895	10.3489035651126	7.28484735598489	12.5084784046662	14.5453927757211	13.7664922547467	13.6770678875262	17.7451658205834	16.5015966803216	17.2817557846418	17.2030732428831	13.2774704292648	12.3030876205935	8.48588651821364	8.78741850602326	8.76368906340247	7.88169258471807	10.1266261903953	9.66186239810937	11.0204977655277	14.9228167917454	16.6368561032426	15.6807133766293	19.2574285406957	20.8619580576704	16.9402359192545	16.3377477946013	14.7668453299952	12.6439270007383	16.3825394246435	17.539431262159	18.7554518207373	16.064567656803	13.6543736949008	16.0795118396051	17.4294750638107	10.8417351932244	14.9001182881211	17.3361330174869	17.7929080815925	10.14226315967	17.3805149233272	13.6445198889518	13.6317534455403	12.2365626300853	12.3821589797579	14.090414969049	11.8322826622761	14.8273558667754	13.6761008332053	16.5294012293247	19.0516824978793	18.724169540997	16.596398103203	15.9350341700293	15.3780383014219	17.4694981610806	16.6421316543284	12.8828093209517	11.7055637198727	16.9221134022911	16.724654256516	11.731166352925	16.5088334536393	19.1243696105257	15.7854524483779	15.2606137163615	20.4172133994823	22.258510686926	18.8425497478446	20.8263566905016	25.2792293592981	23.6363606547201	23.2452463097297	27.9935679933802	29.2230809464026
22	33.2678042707961	29.4456729588576	26.9587494146149	23.7345918439732	20.0079881297446	17.4387606784427	14.1678926097003	10.8592473035658	7.91833770434174	4.79172766337988	1.33292385378911	0	1.32455464213449	3.52877797544702	3.10145062833507	5.43318074427861	3.1295998146728	7.99834939221837	10.0452134372546	9.81462714523583	11.2902574815635	13.9148148748016	15.3855015517857	16.6135301486469	17.6725238152336	19.0025037560843	20.4402463292398	17.0332005506892	13.712016810083	13.2514839923686	13.7609134144504	12.3519328851804	10.5932491710523	10.6521531156851	8.25613160021084	10.3191197783532	10.7233126877845	12.2764109168763	13.5247659499157	16.0044846839878	14.8757629048059	20.3597144871926	21.7302375504733	25.2246556567181	23.6833079404039	27.6871756775587	25.088934373544	27.8874733348147	31.9200786183242	29.987842519928	29.9314209652666	26.1035175215908	23.8919491879587	18.7872712494391	17.5279507644219	13.7565888940536	11.3815303891876	8.68173104858703	7.29117754549977	6.40866366725545	7.99483195570739	7.03381582073344	11.1050814494987	11.1577938231534	14.2788733799274	15.8539292921345	17.996854975245	15.5424022917952	12.005898758527	15.5411012801539	17.5236348683713	10.7056873670026	10.2060741227957	17.0777285960399	18.6815788679651	16.913016170985	17.7964152008206	14.3103887438462	11.8034224697755	8.18312623634757	7.16664810075115	4.22267711292256	5.85024426840453	7.10136782598958	10.3018333805202	10.6417318139483	7.16100335148644	7.71999099740408	4.7564753757378	3.69475005920563	5.73861777782769	6.70490469730928	3.35113920928391	5.65155598043583	8.19501854787407	7.17350855579054	3.38433774910248	9.60516158115	12.0244453510339	11.743101677155	10.2823328092413	14.8850365468144	16.6231962630536	16.4456547452511	16.9003619783719	20.3947656274839	19.0541314155225	19.2398922554156	20.0798665832221	16.2854089908728	15.5505082875127	10.6766918565631	11.0263958300072	9.99350444038527	8.92475708352893	10.8732623439334	9.32459119747347	8.57605095600533	14.2211288229873	15.1180365457952	13.555916088557	17.9137451695618	18.9295357048185	14.7260077753612	15.2994634219635	11.6676695616563	10.7308550917436	15.3640401587603	17.4714409537393	18.4630956775943	14.5164000013778	13.8998537402377	16.6402144817908	17.8531137340241	9.89921638312851	15.9564839798748	18.5232087123155	17.6738889325468	11.1017751283297	19.0163024797146	15.3777425521433	15.3633450459202	13.080209707799	13.6008277689264	14.9941138117596	12.2836841786168	14.5581604950625	12.4584675622646	15.1332908846688	17.867186404132	18.2075171838447	16.9677761064908	17.1859880716821	15.7209099927453	18.6176311328805	18.7632464941438	14.7316769581742	13.4613150174862	19.5670176828254	19.5311808398776	15.0110800743984	19.6425557654802	22.2256195864142	18.6320091777564	18.7567384691476	23.8077334074456	25.568501618202	22.0157776605779	24.4250614328808	28.7121046250532	26.7039256664634	26.7028592663782	31.4759165394751	32.7185520614834
23	35.0049838023102	31.19340484782	28.7659073557571	25.2906323566652	21.8987571565146	19.6396469418368	16.2996147500485	13.1280127208957	9.52158379682708	7.5525330849987	3.86532301366911	1.32455464213449	0	1.32754623271658	3.4089156633745	5.83581202575956	4.309628406255	8.70765180746221	10.2642874082909	11.4482744988055	12.5629576931549	14.0173066599829	15.9528212865311	17.5904839330815	18.7400918887822	19.4260563676728	20.7542118376006	17.02927872812	13.1288388671657	12.4052740800032	12.17146026572	10.3845846330029	9.03173122939339	9.31171692009588	6.63613419092772	8.41612078097742	9.99369846453254	11.7235075809247	13.4774354385395	16.3893825387047	15.2843847439143	21.3431213743445	23.1081992807748	26.5970872653379	25.3707117164655	29.5310824217468	27.4179079800046	30.4666256254282	34.0979452313479	31.9972391934054	31.7753052699734	28.0454447103268	25.5869116151207	20.6752222962656	19.103254932079	15.26676802732	12.6099401267413	9.38685730156798	7.50702950573661	5.80792992381967	7.68440635312839	5.31394702645783	10.3592614601621	11.0688683251722	14.1755806230292	16.2273024560461	18.4889084859004	15.535815041381	13.399740333305	16.7657155230548	18.7621350863914	11.2865435807425	12.3284632051201	19.1129017681774	20.5872829921775	19.0439839844503	20.2239579954073	16.8925009397661	14.5557379064065	11.0395090923465	10.6059704883617	7.23911320535879	8.07178604770964	7.10400204110331	10.4472088617008	9.77395738685206	6.64648847136591	10.2499719999618	8.18616912847517	5.98206026382216	9.14508753375275	10.9810397959392	7.55295266766581	9.59286510902765	12.060647785256	10.7104640889179	6.02992960157911	12.9584176117302	15.2067836836065	13.9477181287836	13.3384589064854	17.9284369926661	18.3912596632205	18.7792370984553	19.6798711631962	23.2017676266271	22.3322101458857	22.6402155908463	23.5152701451631	19.59305034955	18.7651289896979	14.3021724573577	14.3774476524869	13.4483748088756	11.5735572318972	12.5704192849722	10.0536040303963	7.02454389978453	14.3981742592594	14.8121088977904	12.1221672154776	17.0576601267583	17.6589528568372	13.8633322473351	15.14109127507	11.822146209551	12.5821388881223	17.1662265509925	19.2116728319009	21.2125614907771	17.5555705119486	16.6189658523026	19.6356213550781	21.4331998077749	13.9672767925605	19.3898583027314	22.011176002204	21.654942299623	14.6585328392715	22.6689180597575	18.9824845054592	18.7106976085875	15.5915019802455	15.9729575846178	16.5058646850142	13.706757019806	15.1515323317478	12.7826445229459	15.148839823564	17.9322528144123	18.6611963978733	18.1499559503598	18.9162267643418	16.8252897151877	20.1943612426836	20.9648887666975	16.7888916549009	15.3472177608842	21.7940144305724	22.3505065043278	17.6646587569644	22.2700182981514	24.9592642119114	21.986996202301	21.3620124052019	26.6123821181043	28.5469294495923	25.2694922782394	26.7522708942624	31.6732025851507	30.0673130824821	29.5994103488566	34.3700865579358	35.5889483547913
