4	5	6	7	8	9	10	11	12	13	14	15	16	17	18	19	20	21	22	23	24	25	26	27	28	29	30	31	32	33	34	35	36	37	38	39	40	41	42	43	44	45	46	47	48	49	50	51	52	53	54	55	56	57	58	59	60	61	62	63	64	65	66	67	68	69	70	71	72	73	74	75	76	77	78	79	80	81	82	83	84	85	86	87	88	89	90	91	92	93	94	95	96	97	98	99	100	101	102	103	104	105	106
4	0	1.33081967223212	4.03685632640053	7.17963320790136	10.3599027987718	12.3923178219411	14.5420708635325	14.216950200377	17.0106086016932	17.6302518700103	19.5948394736982	18.2999359561721	22.6520092486296	24.6223179046978	22.9627290625483	26.6236495432163	24.4021006677704	28.5104932787912	29.5876495517978	30.5400488048071	29.0299955735443	28.8988698913989	25.755601817857	24.5975958581322	18.9437500511382	22.8315976225931	18.2601731919497	16.3237726338001	15.0900709408538	12.8722774208762	14.3743615510394	12.8407789093964	14.8425625146064	17.1849930171647	12.9983772064054	17.0918278425685	19.7572446965664	20.0443213155248	17.1198437784928	19.9731328038443	24.8180117455045	24.9687658085056	25.9269109999629	22.538862016526	24.8687114865246	23.1147154211338	22.1077111207832	19.0520297343879	23.4095166331986	18.3678880930824	21.1088969157557	17.1633439049621	17.6044973231274	19.7226746157817	18.9664620053399	11.5815743316701	17.1405424651614	19.4195102409922	17.8552737307497	13.9235379842912	19.3349905870161	17.208473813793	21.8525056915677	24.6839311293805	19.9004233874559	24.819025081578	21.8462568418482	25.0691932259497	26.0283796844905	26.2257352423149	28.1573092997183	24.8631555921609	30.0525523375303	32.0235780948975	29.5240937710203	33.8419000944096	35.3507977844914	31.0154666094192	30.9020057763246	35.6653026904301	35.7250447725402	30.4990178366452	36.3546161718151	33.8587516160889	37.1205042665102	34.5921316197773	31.2253364273309	30.570688673957	27.6832430181148	25.7240346757658	19.8201475776544	21.3694059112555	15.4963752535875	18.3236196478753	18.8288277117828	15.7774070746748	14.2255546816284	11.0760853644237	13.7173216409035	16.064894397412	13.3252005613424	9.85876442562657	15.3234545387129
5	1.33081967223212	0	1.32964694562129	4.26108389966685	6.55349479285672	8.972520716053	11.9388726435958	10.5845140181305	13.7100234135467	15.211390666208	15.7502592042163	14.7199021056527	19.1278038728966	21.1209842810415	18.7686099112321	22.8354871417275	20.5444257403316	24.8054046731756	26.0138342041307	26.9104801517922	25.031057928102	24.6335034658085	21.4692654042936	20.0893405566236	14.4447690185756	18.308892538873	13.7419007055065	11.8664638793534	10.9108457050771	9.07007596440074	10.1336676973345	8.56003977794496	10.5090972971041	12.9058806363611	10.1931021284004	13.4108457973388	15.9540300864703	16.6639700551819	13.4554132229375	16.2278668345535	21.3157505380411	21.2609175954379	21.9019213084149	18.2460770030163	20.4272880480988	18.7616449172241	17.7012655197305	14.8373834283542	19.3404860590421	15.1668022338264	18.3223138822584	14.8691576425835	14.1108056821714	16.4016988449368	16.5454003880233	8.93821486651557	14.2246286770516	16.6055364562546	16.1679931655107	11.7955727287826	17.1928598551841	14.0754916788011	19.5056510785977	21.2024082830229	16.3134925138672	20.8551648519018	18.3022213132723	21.0113110014582	22.2200189018822	22.0075420935642	23.9209309392423	20.5208984208782	25.6808606164202	27.6241160582561	24.9751005803781	29.3132321998104	30.9169328685754	26.6818622101232	26.4235198450169	31.2147503914415	31.6070310690517	26.3521980107922	32.1803607499978	29.5160805494226	32.6320273810868	30.1879987080959	26.7491763050753	26.2897319119081	23.2628724365672	21.2783520508521	15.4208510141302	16.9838399957136	11.1691155424232	14.7699471901561	15.1520175554281	12.1062821708401	10.8993755784449	8.06105433550724	11.05999421338	13.4348733525851	11.7388173595128	8.62055903059657	14.1163432233706
6	4.03685632640053	1.32964694562129	0	1.33022253777329	3.54143897307295	6.16980550746943	8.89511349000112	7.8123822871132	11.0899479710231	12.2823207904695	12.8017752284595	12.0237060010631	16.2384376403643	18.1366485603046	16.1028528528333	19.9964319067178	17.9778906715999	22.3275499103686	23.8395742831117	24.8738323143017	22.975524825344	22.4997361984535	19.2191696230612	17.9057934758558	12.5088463097122	16.6884590660732	12.2135404776829	10.688580120858	10.4587223885138	8.74090493026894	8.81478990106968	6.78547279119148	8.29911501306012	10.9051805578816	9.39439284892855	11.3742203688868	13.7423447780937	15.421007295245	12.5656193241718	14.2817265062737	19.5140720763248	19.4486539637066	20.1158258344021	16.5628245779517	18.8006070380719	17.4450301232185	16.573765564892	14.1759772502639	18.8007662875746	15.515906580023	18.9603431930965	15.729123592877	14.2107803093285	16.6181238712437	17.3115046717494	9.87250348189353	14.5069192111902	16.8538552562908	16.9369599102082	11.9248897688826	17.4549119161341	13.4205736837141	18.9424339777126	20.01292434903	15.5258533420872	19.8104510044572	17.8273425108736	20.2943276311387	21.8083489517203	21.1865087496737	22.9627657088601	18.9602836476673	24.3024491358381	26.2716429634692	23.1975541167598	27.6375947940482	29.5699190056381	25.6198909248264	24.7342149461025	29.7016252417271	30.4470827009748	25.1310720821854	30.812459330602	27.6764330613611	30.6057460454732	28.0959432302957	24.5189438801919	23.7785979401646	20.8990916070532	18.800566534017	12.883838791292	14.7177822038512	9.02995714275544	13.0874383666171	13.8993646977119	11.1045365054107	10.3714938653986	8.32339053511248	10.9036038537724	12.6364906916438	8.79683931875534	7.32052791812176	12.7606249455111
7	7.17963320790136	4.26108389966685	1.33022253777329	0	1.3413355284939	3.29537387863654	5.64911577151681	4.16564448795141	6.62071899418786	8.33492351494601	10.1075625647334	8.6304093761536	12.2297881011896	14.3583883148493	13.8982499617758	16.5470043512413	15.1075729685479	19.2634106274045	20.8944748677731	22.5688202172821	21.2543558123976	21.1350918379836	17.7844987278247	16.6104675731901	11.7525851198789	15.9857757084228	11.9167167458155	10.9696137580135	11.4802003902371	10.0495803892501	9.1320055847552	6.79642332407275	6.7343974489185	10.1537026743942	9.82989643892549	9.70368084800814	11.7135098924276	13.9271048319455	9.82386446364159	10.5142682579436	16.9790360444873	17.9908070691673	19.1024893142229	15.9418493594689	18.2350000274198	17.2822322921549	16.5934006761724	14.7373239768962	19.3185685805134	17.0889978933816	20.5587543153762	17.6149172578244	15.5009526804	17.9695844136697	19.1306868930522	12.0020057490405	15.82998603916	18.2721231935427	18.7203885109257	13.4040091390599	18.8206627141554	14.0863143866662	18.7523798223052	19.8225258229117	16.0085145157194	19.9032810862933	18.5589507785327	20.6837923747073	22.4633570287257	21.3804706683459	22.8028306576179	18.0063780089167	23.6554040548878	25.7386644758426	22.3138591462795	26.8096244845018	28.97746079283	25.5237776592729	23.9792361846661	29.095385355757	30.2483656748592	24.9296949239256	30.3830565118126	26.7129177365559	29.3705404444658	26.7831807483727	23.0644166195462	21.6237662075782	19.2906671994517	17.0254185557947	11.1573741086333	12.9890562397735	7.65659513099655	11.775831223315	13.5192450232992	11.7370103944744	12.3176163684375	11.1866056514029	13.9804203441814	15.6976924737364	12.3476691727629	12.1368471194129	17.5255534006775
8	10.3599027987718	6.55349479285672	3.54143897307295	1.3413355284939	0	1.32779139927927	3.38015339888591	3.39266311324894	5.95192095041592	6.86788009505117	7.52597515276259	7.5326904224188	11.1508549448013	12.688536913293	10.748718760857	14.8147015494744	13.0547212149475	17.5804745669734	19.3033940538963	20.3628632073193	18.3392236749542	17.6981574182173	14.2995911829674	12.9996063401935	8.24036510113478	12.520930197074	8.95427685522399	8.13680189017774	9.22419178031333	7.48458388956928	5.8255452105361	3.45762939020364	3.56325146460364	6.54008463247992	7.17871708594231	7.18378236028904	9.19347551255781	11.2549457128855	9.3914998269712	10.1469207151727	15.3025357702572	15.1142980319961	15.6701083595488	12.3406454450324	14.7286780805339	13.9340034448108	13.5688294999974	12.3394569572571	16.8389801947743	15.894350222642	18.6158028029951	15.8631003590093	13.5361313897287	15.6813708903272	16.8814594748203	10.8511376822894	12.995280181666	15.5020565409884	16.3303629782072	10.7764493224809	16.0117079039058	10.8715028399941	15.6043815962056	16.2091325184292	12.5965783449316	16.435863500285	15.3377517583249	17.7433118949085	19.6598517797058	18.5626745917715	19.8798734905431	15.4965666197387	20.7789590932751	22.6587353795396	18.825711566897	23.3710431731234	25.5492378751304	22.3420781038828	20.4062846691895	25.5606590095013	26.8323938924577	21.4876343974855	26.8841119808708	23.1075157037705	25.7519648570745	23.184628204912	19.4680369323669	18.4974905595327	15.7335566544885	13.5629281867892	7.63135446693442	10.2624536052544	5.65372947707971	10.4639454318149	12.3738571189423	10.9244183369184	11.6625184672951	10.9485853424084	13.6069244136947	14.9769786672747	12.8756308194977	13.2710404264323	17.8922185879784
9	12.3923178219411	8.972520716053	6.16980550746943	3.29537387863654	1.32779139927927	0	1.33372598385125	3.07362066625015	5.95576796055723	5.86855254726411	4.9799699798292	7.29914590894031	9.77511969236183	9.99395907536148	10.0684284771756	13.4242118949307	13.1553106006662	17.6818658800478	20.2446347460259	21.7874460641903	19.4458882286205	18.1798977719898	14.7370494672441	12.9523742225123	9.89975100696982	12.7264435723418	9.69449560317607	10.1714799808091	10.9035810631187	10.246394292628	9.6261625271964	7.54570884675523	2.87538484380787	9.53104742407676	11.4185271379456	10.7361616045959	11.0026733569619	14.1347321516893	13.1419490563615	11.142922821235	17.5603225767638	17.5008672642244	17.1784339798481	14.4750667701396	15.9661128957552	15.7605288616848	14.9001482207393	13.397054116484	17.3520286710229	16.0772186649308	19.9749457320915	17.870709694917	14.9874861467826	17.6553782457358	19.7159659666982	12.7802856384355	16.0440768821394	18.8511837559343	20.2374495181582	14.760304603903	20.1901052498495	15.1797465723246	19.667909929629	19.2061407107206	16.2420727125574	18.960804492426	18.42633943571	19.4179125036653	21.2925588880247	19.4463898191927	20.0257907958712	14.5718943517993	20.2826919810956	22.342162160364	18.6501069970121	22.9883042436801	25.4541524117382	23.0363749101285	20.8909127852279	25.9840916331512	27.6947450069503	22.9770627800857	27.7274991479578	23.4926043894669	25.2465818082369	22.8851683410894	18.952027991748	17.5239636212816	14.9312196420788	12.0245236496087	7.11179787395564	8.21625815076425	4.84979391314724	7.64717764930304	9.72140221367268	9.29890348374473	11.0898117657605	11.0060169452895	13.6085567934296	13.786140504144	10.2431503454748	13.0863971359576	17.0839367243033
10	14.5420708635325	11.9388726435958	8.89511349000112	5.64911577151681	3.38015339888591	1.33372598385125	0	1.32410195982032	3.50384431731777	3.38037364798627	2.8516011291904	4.73807323708699	6.72809259746029	7.39590447477521	8.75114855319003	10.8174661543265	11.2443994948596	15.5144539704109	18.2085046338243	20.1702228792842	18.2598018061533	17.2735035820762	13.593361982968	12.9840598042369	10.9469996346031	13.6773225815581	11.5711498996426	12.9493737686423	13.99043015779	13.5172850824417	11.8905240002281	9.1284271372455	4.40754058404458	10.2082305028834	11.8697676893863	10.0279521837711	10.2447303039172	13.4482923079475	12.2623535669137	8.69864380234068	16.0526455763528	16.2465158726417	16.5603385533026	14.3632754272833	16.5223002635831	16.8062800464588	16.7010322435471	16.2024890371819	20.2204683674736	19.7129234260168	23.178421969582	21.2605580594678	18.1830705052804	20.7850406061667	22.967958072062	16.3035433265287	18.8634245300264	21.6523954563924	23.0967998865644	17.5116495510846	22.2312855228842	16.7174518393205	19.6559159542363	19.1554223654818	17.1808540532769	19.8234223584123	20.2871145804424	21.2012324877588	23.4001461747571	21.3865595643619	21.6719899870778	15.9769201662899	21.6235961394029	23.5824227126901	19.1849785509393	23.5142136802403	26.0627117161664	24.3306980993148	21.0895994272058	26.2714688017248	28.1625301420167	23.5308633288284	27.5572158971112	23.1183408141674	24.6689317563611	22.0325790365086	18.2779488455351	15.8460157768443	13.9618681056655	11.3749501097807	7.09031720023864	9.07235570290319	7.36734511204681	10.0552400766963	12.7378955090706	13.4050248787535	15.0132652344518	14.9791021426519	17.6227359964337	17.8124120208354	14.8914493921848	17.132231786898	21.468920652888
11	14.216950200377	10.5845140181305	7.8123822871132	4.16564448795141	3.39266311324894	3.07362066625015	1.32410195982032	0	1.3320469210955	3.30563881874593	3.45145925660437	3.03309248128045	4.91136518699231	6.8937767587876	7.35698722304178	9.14666452866836	8.76123199099304	12.9882773299618	14.3083364861189	15.7587779031243	14.8789601115132	15.4809292356757	11.8190365089545	12.2744616582561	8.71831778498582	13.5083888380517	11.2230991263554	10.1418580151765	11.8806152618457	9.52416180038957	6.52337910902011	3.30413286657785	4.09067745000752	5.92333267679607	4.31073740791526	2.94707906239381	5.30585591587258	7.20115046364121	3.56054911495404	4.74114258380825	9.99676517679594	11.1597406779907	13.0777541649933	10.2969733902735	14.5075230828698	14.1900261099126	15.2760794053972	14.8855999543183	19.2598027508072	19.0085354775164	21.065923312307	18.5365016656326	16.1812681208859	17.9127760550954	18.7804540946166	13.9540621325835	14.414538979794	16.6835799515572	17.0627285039644	11.8742505026633	14.9411776309634	9.94407547236041	12.5183184973063	13.7929626259191	12.3936939207002	15.6615537543374	15.9228238701557	18.4319977756075	20.8599957094914	20.5995768888587	21.7836337189184	17.2966956959993	22.3928230690103	23.9828319637194	18.9822384875968	23.4557655385622	25.8829354208521	23.3493544236238	20.1192284643323	25.4304235316677	26.512542503502	21.1267113626329	25.730530931172	21.8498121273388	23.8796862625957	20.8635028938096	17.3821118394745	14.6026684547722	13.0606868502388	11.369891995969	7.16968820800459	10.6118706173794	8.23933140491387	11.8851002940657	14.5808324179383	14.7947253438514	15.3787108692504	14.7732442611635	16.9155858899419	18.62586709391	16.8630741266235	17.5037924176448	22.0883680021861
12	17.0106086016932	13.7100234135467	11.0899479710231	6.62071899418786	5.95192095041592	5.95576796055723	3.50384431731777	1.3320469210955	0	1.3245429400363	3.3648219863761	3.6165589999335	2.90754346485139	4.82633556645205	6.78344278371978	7.78968272781376	8.90961665842027	12.3360849948434	14.4174921883107	17.3924095225475	16.5567140761686	16.3388662091346	12.2833728674172	14.0897009904398	12.0941125346178	15.6443562347576	14.0400510326708	14.2296949721349	16.0904870653439	14.7249914770773	11.963468393405	8.80950174527481	6.16390679682943	10.3790506791325	9.99082434036351	7.79311189448734	9.33623634019619	11.45551770982	7.22349555270854	3.43164188108259	12.0428229248794	13.6174007064491	15.8214279380845	14.3031354604506	17.6429827693619	17.9240434612283	18.5274240249421	18.4370284210878	22.5230936818191	22.7895487888637	25.6252148869039	23.2395925308513	20.3938369366826	22.4521841476503	24.0334263058766	18.5472113537319	19.5216367397818	22.0597567302996	23.0358981808828	17.542482321496	20.9014392566636	16.1010311160497	17.6035201593318	18.5320397150449	17.4591506379892	20.4493767386686	20.8363316109146	22.5709594169145	24.8531907408284	23.5412442109588	24.1065037904712	19.2982527188344	24.3506939942171	25.93426817938	20.714624278514	25.0158612883906	27.5225070624026	26.0650624975272	21.8326082042435	27.0394620878449	29.036964114728	24.3971185593709	27.3886335183046	22.92206083667	24.4814061891878	21.3570200636699	17.9257871514754	14.3041153868388	13.5347609140317	12.2925940712284	9.27713511812779	12.4636525144117	10.8609096304131	14.3406980652965	17.2722172867296	17.5922684722579	18.690035286216	18.5568066487745	21.1248226974808	21.7046495940386	19.8264863503345	20.8833319659483	25.507448990442
13	17.6302518700103	15.211390666208	12.2823207904695	8.33492351494601	6.86788009505117	5.86855254726411	3.38037364798627	3.30563881874593	1.3245429400363	0	1.33397038947647	3.40349614367344	3.4683152970859	3.06756858114045	5.06249997530864	6.97039704751459	9.11287748189341	12.6837446757651	15.7569699498349	18.1313789326681	16.5462157002742	15.4426205353884	11.5634217686635	12.7626703318702	12.4586482011493	14.5075190504786	13.3974048233231	15.4439992877493	17.0375099999971	16.7590050719009	14.0590066861069	11.0499189137296	7.29850792970728	11.8313923102905	12.5893842978916	10.367694584622	10.125053135663	13.6186586711027	11.99902721057	6.91869279560814	15.039689990156	15.0495757083049	15.8067462179919	14.6151492979032	16.9783302771503	17.873238402707	18.35849204047	18.9899974723537	22.4507959324386	23.6491759898733	26.4515003355197	25.0211532507996	21.6331821515005	23.6617118991843	25.8153958133514	20.4166958394349	21.1356914246968	23.8705690338542	25.2886359458157	19.7911447622415	23.5746058503636	18.2229451242108	20.2408080372301	19.3689376838277	18.2859013997123	20.7123306752282	21.8806091779914	22.658458045507	24.8814122388581	22.9144040725479	22.7903343547215	17.7549608560537	22.4532547751991	23.9988932661487	18.582720172246	22.9793932469941	25.605087482764	24.6347850203731	20.197365793588	25.5392030415986	27.7083006516098	23.6068683649484	26.3641996085601	21.702690455333	22.6251683529648	19.8425633928684	16.3538383567895	12.7405887226611	11.8719035120742	10.0039453717021	7.62101226872126	10.5224036702647	10.8791069486424	13.301288734555	16.7260240643137	18.0280759927398	19.585242428931	19.5767832137969	22.2108499612239	22.3713906139069	19.6004151231549	21.6364345953764	26.1567039590236
14	19.5948394736982	15.7502592042163	12.8017752284595	10.1075625647334	7.52597515276259	4.9799699798292	2.8516011291904	3.45145925660437	3.3648219863761	1.33397038947647	0	1.33054800740146	3.3379724384722	3.15984967996897	2.95428654669786	5.18789417779507	6.67074868361865	10.5053195096579	13.6695011247668	15.6414435075539	13.6186181751307	12.3273340994718	8.48493028845847	9.67473560362246	8.92945804626461	11.0256498674681	9.71079698068083	11.843749828496	13.3521015948801	13.7549882224595	11.3931722535912	8.99197069612663	4.1243881970542	8.79338762934968	10.8457167121403	8.7572193646157	7.29160743594991	11.1703513821186	11.9180297029333	7.13157724490172	12.9473459056287	12.4577335819964	12.6943326331084	11.6426658888761	13.8192128574677	14.4423010978168	14.65010429997	15.2521530939078	18.7133852095232	19.9566179749977	22.7197675604307	21.4532577945635	17.9746604974892	19.9947906715724	22.2184173378753	17.6894989188501	17.6875695899691	20.5228300679999	22.4735175929359	17.1859021584553	21.1293801849463	15.7389451679584	17.698504287086	16.4005818799212	15.1709536944781	17.4824228870028	18.5006616638433	19.0286395992987	21.256965940604	19.2586406062318	19.3174908826172	14.3983047960515	19.2427183370749	20.9570446628335	15.8465887180806	20.1775846175899	22.7302459731522	21.5384635013735	17.1474936360974	22.4407820050906	24.5683166700529	20.4087476587859	23.1868315213614	18.5574342515338	19.7668844788449	16.8929572011534	13.4485793301746	10.1110474234868	8.94685833128031	7.35317849640548	4.23188303241003	7.39794356561335	7.36814671406589	10.1215026552385	13.5467276122317	15.1652227481168	16.5186865700636	17.1071115621545	19.7970434408777	18.9725119844474	18.6435805573929	20.7772006536011	24.4910173533073
15	18.2999359561721	14.7199021056527	12.0237060010631	8.6304093761536	7.5326904224188	7.29914590894031	4.73807323708699	3.03309248128045	3.6165589999335	3.40349614367344	1.33054800740146	0	1.33080915235806	3.23669167515227	3.15282064190147	3.18254693602466	4.20619661927494	7.66771106654391	10.6617727419037	13.051434020827	11.8190488195963	11.6150069737387	7.36311652766679	9.12334878210847	7.43676952715357	10.9014579300202	10.8553963538878	10.9005281064727	12.8718619088304	12.1660661267314	8.76141912021107	6.09635505855753	4.03410572494079	5.95743518638685	6.11134093305225	3.79625736746075	4.06331428762286	7.1649190504848	6.35721346188721	3.26624953119017	9.27701509107321	9.55878888772003	10.5114996551396	8.46734084586183	11.99528715788	12.6391004822337	13.8948378903822	15.1540448065855	18.8002962742612	20.1320156218894	22.2792537352578	20.4471638620127	17.4319903051832	18.9059716491906	20.6224700993843	16.7835153647858	15.6179642079242	18.0904023725289	19.6621667422489	14.458847464442	17.2444032659875	12.1228527995682	13.764669302239	13.1526925760469	12.1786826052739	14.8750252436761	16.0264953748473	17.4156387766857	20.0149733199922	19.2925569585786	19.8632220447741	15.9296158145763	20.2752285067271	21.2583467137028	16.043466022029	20.5695732819133	22.852217529159	20.7611607093631	16.7113791172363	22.0438417931176	23.7870012401732	18.7071767244553	22.4361770362065	18.1896113757276	19.9884141191841	16.6514994520013	13.1838539509508	9.56579954839112	9.08878754290141	9.00889860082797	5.11121913050106	9.40584142966487	9.55606352009027	12.9345473055689	16.0819671371384	16.7263780000334	17.3794551698262	17.7147152954825	19.4005662288501	20.1104678463729	20.6179271024029	21.36489384481	25.2613652243896
16	22.6520092486296	19.1278038728966	16.2384376403643	12.2297881011896	11.1508549448013	9.77511969236183	6.72809259746029	4.91136518699231	2.90754346485139	3.4683152970859	3.3379724384722	1.33080915235806	0	1.33163170584062	3.21524493623736	3.00073774262264	5.28122750882784	8.68722527623176	11.8370061248611	14.5590059413409	13.1318896203098	13.1161084548733	8.77457355089123	12.333676864585	12.3556026562851	14.6834975057035	14.6774333587314	15.951050937164	17.7795413045444	17.3213381988806	13.9603222384012	11.3524910922669	8.42578340571368	11.2462133182685	11.3335203268887	8.38562567731233	8.17872514515557	11.1761088935282	10.718166634271	3.98232520018142	11.8070096129376	12.0523089074252	13.6862114918629	12.7199245673864	16.0699342251299	17.2472197469621	18.3687466638309	19.8846585587985	23.275999699261	24.7871872950523	27.2861315323371	25.6062982096202	22.4258665830331	24.028713615173	25.9048010415058	21.8907627550983	20.8857123890951	23.3503447940282	24.8838390526864	19.7103757701369	22.2185840007864	17.2437975805795	17.9240830727823	17.1732010993874	17.054747960612	19.3864407769967	21.0944800836617	22.0981293325928	24.6789538068371	23.4775390107226	23.4672469199095	19.1806012940158	23.3237338563104	24.2946701356491	18.5664625332884	22.7938408786233	25.2658117027734	24.2592482158867	19.2351472310456	24.4604521626236	26.7045759561915	22.4826119701426	24.1563822622511	19.763254413178	20.5951501815355	17.4127774349757	13.7692896330929	9.76703542534785	9.95751700977709	10.1909609458579	8.77318380065071	11.9769950738906	12.8960931293163	15.6863237248248	19.1754823928891	20.6268635764141	21.7272344765734	22.1199573688558	24.384123072196	24.3347462489339	23.9868742440527	25.4533930744017	29.5444927355336
17	24.6223179046978	21.1209842810415	18.1366485603046	14.3583883148493	12.688536913293	9.99395907536148	7.39590447477521	6.8937767587876	4.82633556645205	3.06756858114045	3.15984967996897	3.23669167515227	1.33163170584062	0	1.32826126947977	3.11819835802664	5.93089824562857	9.33250646932538	12.7902068005173	14.6249859487112	12.4918700361475	11.3026284111263	7.56104509972001	10.6943928298899	12.4377774943918	13.4311443295052	13.8638359049723	16.5230691458942	18.3655503865253	18.9305934666613	15.8157021658857	13.4161109864223	9.74780262418152	12.8343324719286	13.5621159484794	10.6684621197247	9.15589034447225	12.9961567011175	13.5539895602734	7.53601731685908	13.5453021007285	12.6628956009279	13.1749198859044	13.117034497172	15.0994678383048	16.798596429464	17.6155643395266	19.9647897559679	22.6673686827563	24.4717546162918	27.3615398323998	26.6295692417283	23.0470618517849	24.440491750372	26.6690619632562	23.3860333960251	21.9102729558534	24.4685368790208	26.5496466266502	21.5875490271591	23.9913939986821	19.1649685885472	19.3241112344139	17.5083518641819	17.530230260895	19.2203025210323	21.2521533497196	21.3670133383213	23.9663481156391	22.2665673376028	21.6021635259064	17.1912337253613	20.8567209311531	21.4134532012004	15.4482172757895	19.6406219351629	22.1860324754112	21.714850885972	16.4123278361115	21.7443336527013	24.1340036255902	20.8863246647178	22.0012832807543	17.4051130705893	17.6244841342946	14.8223524448719	11.0599938969242	7.28595601139617	7.27468384192744	7.45801454812204	7.65549854679628	10.156607455248	12.0708172465662	13.7125523882317	17.2851742253296	20.1163945576736	21.8839079005556	22.7086345912739	25.4477511973062	23.8961390605261	23.2236693267881	26.3215374550956	29.8515888689363
18	22.9627290625483	18.7686099112321	16.1028528528333	13.8982499617758	10.748718760857	10.0684284771756	8.75114855319003	7.35698722304178	6.78344278371978	5.06249997530864	2.95428654669786	3.15282064190147	3.21524493623736	1.32826126947977	0	1.32824884716683	3.24556636043695	5.8173232676206	9.33306814504212	10.8067771791594	8.70062492008476	7.95068066268543	3.96628239034993	5.83432875316433	7.06433429276956	8.60271991872338	9.90780142110247	10.9644920538984	13.1743328483836	13.9230507432818	10.9532705618003	9.64308254657192	6.41619747202345	7.56078864934076	9.34337551423467	7.45006348966236	3.69301083128659	8.49026177452733	10.52841650012	6.96981534906054	10.6557937292348	9.22676178298757	8.60616767208263	7.70660054758257	9.77189874077705	11.1983287145895	12.2432835873388	14.9258629566267	17.7092082544647	19.5377548607817	22.1160092919134	21.2028905812392	17.7941868316594	18.9181896332604	20.9873613396253	18.4579164858876	16.1663219379054	18.685121433911	20.8141352450684	16.327269888135	18.5741874115666	13.8190803601397	14.3857282401691	12.4297487102516	11.7895957945979	13.6539422512328	15.5990657412551	16.0285741412017	18.5750282368561	17.4941447061581	17.1266097929509	13.4507036618907	16.7626626166609	17.2053868308736	11.5664254201547	15.7645376081888	18.2436152393104	17.2889533806995	12.4254859462316	17.7450238095078	19.962826478232	16.1941114606514	18.5082432715804	13.8175570561514	14.9483018768019	12.1272630877705	8.59567618049913	4.85754711763046	4.1551406715056	3.69904541740163	4.0298928025445	6.95195066150501	9.42660670655141	12.340275888326	15.7250311923379	17.4507535080867	18.2269526525967	19.0870063393923	20.679254846343	20.304886924088	22.1010549295729	23.5530305056483	26.754108581674
19	26.6236495432163	22.8354871417275	19.9964319067178	16.5470043512413	14.8147015494744	13.4242118949307	10.8174661543265	9.14666452866836	7.78968272781376	6.97039704751459	5.18789417779507	3.18254693602466	3.00073774262264	3.11819835802664	1.32824884716683	0	1.32352143919167	3.52272877184719	6.91718938587054	9.25679950090742	7.59462072785731	8.67887780764311	3.70844724918664	10.8130240451041	12.4765358573604	13.9884793669648	15.4048067173853	16.4251380816114	18.8798464241635	19.1410889188677	15.6943263952296	13.8231163635412	10.7663093490759	11.8964817488197	12.4659803465271	9.16380063074268	7.93696705297433	10.4590703219741	10.61937225075	6.21193770091104	9.25147804407491	8.42451672204405	10.1124878739111	11.2540864133878	13.8390713561279	16.2454143991466	17.6312728411763	20.6618982671002	23.3368311902023	25.2464122995724	27.8429852925292	26.8073495892451	23.5039528590405	24.5214977111921	26.5115961232062	23.7621412755669	21.5111099202249	23.7439902712244	25.59172882007	21.1191657268937	21.8205259560809	17.8336753643213	16.2678575725263	14.6661135274482	16.2469004428537	17.4769816043847	19.9831165987691	20.6515857502517	23.836670593856	22.8664884492569	22.4531256176061	18.7958076708611	22.0835116093433	22.2441099844431	16.4624467804759	20.4711750761894	22.6270170813565	21.2178011584613	16.1466672102945	20.8806052833724	23.0103242480413	19.3778408239928	19.3785019286838	15.4742394966602	16.6398986775761	13.1163537997418	9.72913511058409	6.11836791963347	7.31664431279805	8.33591518670866	9.35797889503925	12.0051690117216	14.4613828176976	17.1054850852	20.6994137356593	22.7463063594949	23.7154863749407	24.4591140068482	26.2048550845068	25.9212621992063	26.9279116902889	28.5178304048537	32.0909409491215
20	24.4021006677704	20.5444257403316	17.9778906715999	15.1075729685479	13.0547212149475	13.1553106006662	11.2443994948596	8.76123199099304	8.90961665842027	9.11287748189341	6.67074868361865	4.20619661927494	5.28122750882784	5.93089824562857	3.24556636043695	1.32352143919167	0	1.32267834336243	4.4304325973882	6.64685594849173	6.04319145816182	7.18040479360322	3.30523176191928	8.74015640592318	10.0659863401457	12.253030849549	14.081624551166	12.9982142235001	16.225099599078	15.8612559717067	12.1191274025814	10.720076958679	7.40366537601478	7.81665849324378	8.52472175499001	5.5847529936426	3.98448039272375	6.0323289863866	6.59410236499253	3.69422522323694	4.74500168598496	3.82214507835587	6.07836408912793	7.44599395648425	10.7446009232544	13.0447848199961	14.9259346106031	18.122501317423	21.0973907391412	22.8673953042317	24.8354150961888	23.533909789918	20.2726630712396	21.1072881488836	22.7785354665308	20.4362115862995	17.7864957200681	19.8143606003323	21.336524107736	17.1394454110978	17.1785545375622	13.624484577407	11.4534402255392	10.2929981540851	11.9912862946391	13.5254375529962	16.3332127274459	17.8497657687713	20.8467839486094	20.8178636271833	21.0337996092004	17.9238426683566	21.261684481715	21.1018688508862	15.5451447725648	19.6448755913597	21.7318653134056	19.6863817396697	15.000315863341	19.9693568248955	21.4204997840853	16.939125892442	18.2848293401935	14.6964756659548	17.0364775115045	13.3855567683978	10.2034051179006	7.0159470494011	7.46290546637166	8.43421638328067	8.51858609159994	11.7460802398077	13.8952818971045	16.8236826527369	20.1104160822197	21.2671691816283	21.7255783352251	22.2888324952206	23.2100018526496	24.0220850052613	25.7342504456609	26.3489604538775	29.91287202861
21	28.5104932787912	24.8054046731756	22.3275499103686	19.2634106274045	17.5804745669734	17.6818658800478	15.5144539704109	12.9882773299618	12.3360849948434	12.6837446757651	10.5053195096579	7.66771106654391	8.68722527623176	9.33250646932538	5.8173232676206	3.52272877184719	1.32267834336243	0	1.34380578953955	3.2460648483972	2.88174808059275	5.65643209099164	2.91327049894101	10.7955688131752	13.1152306498971	15.6219541351266	17.857077560452	16.3946972829632	20.204042293561	19.8108873349984	15.9791207830719	14.8730812544005	11.6267098097441	11.1618997486987	11.5089625075417	8.66746041236993	6.86437433419827	8.19604404575769	8.5709882744057	4.31921022873396	4.30571376196793	4.21428119612348	5.90530498789012	9.21307554511521	11.8053296438515	14.8413483551866	17.5990869649536	21.1313736893748	24.4616196111378	26.2939508442531	27.719184060863	26.872487454644	23.4130440139679	23.44819056985	25.0368005543839	23.2900744739041	20.3102140313686	21.8341678568248	23.3364112065245	20.0851046051545	18.5554092113324	15.1418555666074	12.3297796411777	10.7921073938318	12.7964983491579	14.341242414798	17.4279913070899	18.6814867181389	22.5578767396225	23.6394349763272	23.6036438076836	21.0084931634803	23.7421507239761	21.3835303446367	16.7956962939915	18.4868643906964	20.3794027881094	18.7681526794727	14.1839092636692	17.4911190322403	19.4126439724217	15.9385084935825	14.0606051434495	11.556071477799	12.247898431976	8.83477566212069	7.29681697728537	3.05034522636373	7.48219339498786	10.5992125179185	12.4744229926678	15.5725485069079	18.0935000759941	21.0634946768099	24.3693827783963	25.6885221256498	25.98434492151	26.6451391814717	27.1468574608554	28.1069188279327	30.3082812445708	30.7580999900839	34.2431142713393
22	29.5876495517978	26.0138342041307	23.8395742831117	20.8944748677731	19.3033940538963	20.2446347460259	18.2085046338243	14.3083364861189	14.4174921883107	15.7569699498349	13.6695011247668	10.6617727419037	11.8370061248611	12.7902068005173	9.33306814504212	6.91718938587054	4.4304325973882	1.34380578953955	0	1.32663333291456	3.19914754270571	6.79436479738908	5.66362092658045	12.6890723459203	15.1127894844069	17.880914685776	20.068356434945	17.4760359349596	21.7842678095914	20.5646614122382	16.8945063852129	16.1961116629887	13.2315906073306	11.8921352582284	11.6990559020803	9.55778190795334	7.18915419225378	7.41341250707122	7.76497321308967	3.848227773924	3.30432322874141	4.46566490010167	6.43480768943408	9.98266467432418	12.8973357326232	15.9950018443262	19.0287370836848	22.5585092814219	25.9711178619635	27.4582515102473	28.6027130531354	27.6304185455089	24.2143734381049	24.0858998171129	25.3851817602317	23.5431288065117	20.533867463291	22.086861909289	23.1808771835753	19.7342356831979	17.8756957906539	14.8337179762863	11.7550010208422	10.9153873499753	12.8339794685826	14.5945439462835	17.9500009470752	19.4922056986889	23.4836128821781	25.1233609415619	25.2771080228732	23.2019284543333	25.9315889216222	23.8451660719736	19.1143904166468	21.7445820838203	23.0911233377677	20.3842436700507	16.4324029587885	20.210671883933	20.9957489268661	16.9828126645736	16.5004874473453	14.3831054018247	16.6114187232759	12.7696516397277	11.4704035674426	7.3841119980672	11.0637961839506	13.5687746314839	15.297693028689	18.4680927548028	20.833818517017	23.8473082967449	26.9933785584539	27.8560922959413	27.7134421174996	28.1246909671911	28.0421400574207	30.0212059884342	32.4724296134429	32.2876228607806	35.7780147856194
23	30.5400488048071	26.9104801517922	24.8738323143017	22.5688202172821	20.3628632073193	21.7874460641903	20.1702228792842	15.7587779031243	17.3924095225475	18.1313789326681	15.6414435075539	13.051434020827	14.5590059413409	14.6249859487112	10.8067771791594	9.25679950090742	6.64685594849173	3.2460648483972	1.32663333291456	0	1.33132152390023	3.87399083633403	5.63060502965712	10.5570454673644	13.3317833015692	16.2347817355208	18.7149943628097	16.6003401772373	20.9964417461626	20.5556465478466	17.0610702477893	16.9269157556833	13.9402048048083	12.0696858699802	12.3633809696215	10.9560336344865	7.85251539317179	8.04495985073885	9.40374957131462	6.0157058604955	3.07420721487671	4.52567000564557	4.56050852427665	8.30315566516731	10.1841473378973	13.6973698205166	16.7258372884588	20.3112157440169	23.7481639500825	25.6737385279199	26.8507278858507	26.6091099625673	23.0922742708465	22.5289210127782	24.2723993251594	22.9806599992254	19.8320932077277	20.593434172085	22.5709340746013	19.3136975745195	17.2580257851239	13.9565111328011	11.0506319728783	9.36796760242049	11.5256706963196	11.7059592088816	15.562904420448	16.315526929891	20.66309710571	22.4473190381391	22.2579270822779	20.7002439599151	23.0633855277147	20.2807812719333	16.0712649471036	17.771476415875	19.0308992168	16.4528155037367	12.8074051626393	16.0544583838883	16.7974560276251	12.7218969497477	12.0372972880128	10.1611459983606	12.4838713947237	9.0462083769942	8.82390440791377	4.89417337249101	9.49866043187143	12.5461207151852	14.6538199797868	18.0704765294112	20.6728141770781	23.7249769862902	26.5941852667082	27.6438884023214	27.0786501879248	28.0678316583237	27.5902814954832	28.8329890750161	32.8652560768968	32.527629947477	35.4076680960495
24	29.0299955735443	25.031057928102	22.975524825344	21.2543558123976	18.3392236749542	19.4458882286205	18.2598018061533	14.8789601115132	16.5567140761686	16.5462157002742	13.6186181751307	11.8190488195963	13.1318896203098	12.4918700361475	8.70062492008476	7.59462072785731	6.04319145816182	2.88174808059275	3.19914754270571	1.33132152390023	0	1.33048299500595	3.42180551755941	7.66116198758387	10.2412699896058	13.1882072701334	15.5871619931275	13.5277343631519	17.8440996690783	17.9850062274107	14.7545174438204	14.9891191869302	11.7234867253731	9.99740276271792	11.4682198269827	10.3425376963297	6.13772742959477	7.89903525754886	9.95931589016033	7.2057153704542	4.67289749513083	3.44556004156073	2.76360073093057	5.51659052314017	7.78251283326921	10.9738609887314	13.9469291960632	17.5167640847275	20.9370841809455	22.8465692172807	24.1867890593191	23.7662017158822	20.2450847861895	19.9633311098123	21.7875474985139	20.4722517325281	17.336311545424	18.5469607752861	20.3589874257046	17.8561509010201	16.0800500932055	12.3535551967845	10.1196959440489	7.27509560074643	9.4943994017526	10.2059751126485	13.372440353204	14.3209762935353	18.4002516558878	19.878927888596	19.9340992773689	18.0339637905814	20.5778991639088	18.3441182126588	13.6658705906356	16.3254230573054	17.7697023891792	15.1664877278822	10.9662500883392	14.9535885325229	16.2065603074804	12.3976777260905	12.177406045624	9.20505171088137	11.869557152649	7.99199049048483	6.81982235839029	3.27942494959101	6.78877323232997	9.61796428564798	11.663377898362	15.1109695916576	17.628838787623	20.6743811515605	23.459221577026	24.4841691098555	23.926190858555	25.0948663076734	24.6081463340903	25.7112891547662	29.7831628441306	29.7783418443674	32.3378356882461
25	28.8988698913989	24.6335034658085	22.4997361984535	21.1350918379836	17.6981574182173	18.1798977719898	17.2735035820762	15.4809292356757	16.3388662091346	15.4426205353884	12.3273340994718	11.6150069737387	13.1161084548733	11.3026284111263	7.95068066268543	8.67887780764311	7.18040479360322	5.65643209099164	6.79436479738908	3.87399083633403	1.33048299500595	0	1.32849802408585	4.41801539155309	7.52059286226824	10.2389253830663	12.8683048223144	12.2323566413018	16.0454611962386	17.21476380901	14.4935746798366	14.8479239626286	11.4464152030232	10.3488161641803	12.4261738680899	11.4128503451154	6.4766639560811	9.01993641884465	11.8446983076818	9.54073760251271	7.01558400990253	5.48576867904581	3.21816360677949	5.50691728646799	3.8733217010726	8.27753731492646	10.3704698543509	14.4424420718935	17.7916120405094	20.0434682378075	21.7203123366125	21.97686504031	18.4951412808878	17.424695434928	19.925752934331	19.5397703671256	16.0198454736617	16.5856459325526	19.3520494005157	17.8564322584328	16.4345989303055	12.6996489321556	11.377331541271	7.44664870931884	9.27315636663159	7.69907169728923	10.839880534397	10.3253995080094	14.7650605823342	16.1779217762975	15.7957313854092	14.4588666568303	16.7458581147698	13.8725997923965	9.82723160406836	11.9029975216329	13.0461921264406	10.3409234597303	6.38554014943137	10.3502795131339	11.5492656476505	7.93434471144278	8.52936210979461	5.11873666054428	8.3262765387657	5.34323076424741	3.5806482653285	2.79216833303438	3.670162530461	6.22453821580364	8.49895458277075	12.0455100763729	14.9697777204606	17.7604523591039	20.7368732696132	22.3571780195981	22.0314430530549	23.5025024199552	23.2954865370955	23.3794492236237	27.8868863267307	28.5710189702782	30.722433806585
