32	33	34	35	36	37	38	39	40	41	42	43	44	45	46	47	48	49	50	51	52	53	54	55	56	57	58	59	60	61	62	63	64	65	66	67	68	69	70	71	72	73	74	75	76	77	78	79	80	81	82	83	84	85	86	87	88	89	90	91	92	93	94	95	96	97	98	99	100	101	102	103	104	105	106	107	108	109	110	111	112	113	114	115	116	117	118	119	120	121	122	123	124	125	126	127	128	129	130	131	132	133	134	135	136	137	138	139	140	141	142	143	144	145	146	147	148	149	150	151	152	153	154	155	156	157	158	159	160	161	162	163	164	165	166	167	168	169	170	171	172	173	174	175	176	177	178	179	180	181	182	183	184	185	186	187	188	189	190	191	192	193	194	195	196
32	0	1.33171918961919	3.9270993111965	7.17630608321579	10.0886913422901	13.4637036880644	16.1056985567221	19.6450954184499	23.1792736944021	26.654241895053	28.1840781648079	28.2904813320664	25.2762625006151	22.5164477216101	19.6394482101713	20.1472214957795	20.7847597291862	17.7644541711813	15.7544489272078	17.8543016105363	17.9046447884341	11.3404430689458	12.5064723243607	16.1929900265516	18.012974795963	20.6717091214055	23.4671795706259	23.1439214697942	26.9628162661099	26.6954663004788	25.4127737565186	26.6317020672731	26.9606053529961	22.2582383399945	23.9108435024781	21.5828942683784	17.5583383325416	16.4040440745567	12.009368717797	10.9934128004001	8.80421319596476	7.38814685831298	7.71575394890221	7.32294319246026	9.30928375332925	9.20489728351164	11.7821719984051	10.0415571501635	3.79574880623047	3.93019859549107	3.46978659286129	2.82396281845211	5.33106771669616	7.26258191003723	10.5456472537251	11.6330764202768	16.3947418704901	18.7076593939488	22.241736285641	25.261933041634	27.8592130183177	29.6507619126389	29.8392494711244	25.6615106726007	23.6877122154082	26.9239020203239	24.2883207529874	20.568443086437	19.9210621704768	18.1545149480783	15.778591001734	15.2032578416601	15.560087178419	12.6218368710739	9.95594952779493	11.4909365153585	7.07742001014494	12.0102666914603	15.1157333927269	16.0297655628521	20.2908376860099	21.2626646965991	25.7481931016528	28.6743821206317	29.5189157829348	32.9081459520283	33.1814559505758	34.4840578093704	33.3183836942911	29.8061700156192	30.9313691581863	32.8995279145461	29.8035618173399	26.5745844934592	29.257647444728	27.8219804111785	24.4235972780424	24.9233762359757	26.2571918719424	23.6036691427413	20.2946381342462	23.5555545890985	23.9069752164509	19.8705528106291	17.3894216982624	19.4694237459664	16.3656763379947	19.2505795237442	16.2929929417526	15.0334252251441	14.1014233678732	17.9226032986282	17.9085707693272	21.8614367780345	20.65685832841	25.2649910152369	24.8535097320278	27.7010488790587	28.7243420812383	29.8435421657685	33.1546885070573	35.5887992913501	38.3060468725239	37.1011729329411	34.3411887534488	36.3743007767847	33.0209972290359	34.2736191990283	32.1336564057065	34.652603754985	33.5070626734126	29.9939517403092	28.8533047847209	32.4261740882269	28.9637030781632	27.4356122220737	29.2672332993742	30.0464077886193	25.5992038548077	23.7827817548747	22.9346302564484	21.234718316945	24.6213138763958	20.4846722209558	25.7375385575233	23.0072399691923	24.3200101356887	23.3204096447725	25.7138332031613	27.3561944904623	25.9648802808717	24.1586684442665	26.6246413872563	26.0091670570205	22.7381394577481	20.0600521185764	17.2865232478946	15.3741560093554	16.5263335619247	15.6759888364339	12.0983775358517	11.6107572104493	13.8041059471449	11.3438736329351	8.60508134766894
33	1.33171918961919	0	1.33418814265455	3.93829836350676	7.03384979936308	10.0688781400909	12.9832748950332	16.1142002593985	19.5824424676801	23.0901681457715	24.4047781796926	24.8259355110739	22.2708575048201	20.1000473133772	16.9463363002155	17.7094215038211	19.1240842133682	16.3778139566915	13.736303942473	15.9577043775099	17.3553637530304	11.2152927737086	11.2078066542924	15.7056853400289	18.003270841711	20.4240162064174	22.6464648676123	21.1198281006262	25.1428745174453	24.0568361386114	22.7244776837665	23.0146079914475	22.9572772558071	18.0972332139474	19.336506432135	16.7486646930434	12.687403635102	12.1106302891303	8.02846953036505	8.41833885039085	5.68545697371812	8.19975920378154	9.19703136887115	8.9808053091023	11.5134123525565	10.5603891500266	14.0134686641103	12.8115451839347	7.01668482974688	6.49758262740844	4.92261048631719	3.43163328460371	5.62982326543205	4.2621444133206	7.62850142557501	6.80126995494224	12.4798828920788	14.3743765777859	17.8280415918294	21.0452670451102	23.5252147705393	24.8335358738944	24.9303420955269	20.768310619788	19.2763490837866	22.1654362014376	19.469981895215	15.7535118941778	15.4191207920556	13.7250116575542	11.0598316442883	10.7590076215235	11.768349501948	8.44646790084471	6.40218290897722	7.74835085679527	3.43765457834262	8.5900584980546	11.9791559385459	13.7584284349631	17.6442312669042	18.7817196763236	23.2617517397121	26.177024200623	27.94222084946	30.8282901569322	30.4961841055566	31.6815488415576	30.1199661686397	26.8054379744111	28.4479723530518	29.7436459601038	26.3558384613353	23.7756955103316	25.7122327501911	24.0656942555165	20.855074250647	21.2885269100518	22.5440707504213	19.4046210218082	16.6541984496403	19.8417536775357	20.1802720744791	16.18162396053	13.6511767258358	15.832400891842	13.3619588384338	16.3344921561706	13.9727667267438	11.5645668314901	11.5100624238099	14.9758089597858	16.0672771184168	19.6016624039901	18.8027521655741	23.3661588199687	23.2134733721604	26.1242187060207	27.7155592582939	28.6416363184787	31.4574183778644	34.4078566900061	37.0316055552551	35.1476376019783	32.9171976024691	34.4660788892499	30.8394994933446	32.2935633524701	30.5730919110253	32.5846526143827	31.167725229795	27.7411729023846	27.0315231535332	29.8219825799694	26.0780961920152	24.8473255502479	26.7713313826563	27.0221640510156	22.5128969481939	21.0769297099933	20.0303457284192	19.3299459130128	22.8104059148451	19.0160905813997	24.3363747094755	21.7611958770652	23.5777346664178	21.890221104411	24.6650504560603	26.7378078570402	25.6995885764734	24.2615597602463	26.7537628755284	25.9014382998319	22.7035423887991	19.5552577584649	16.7178138822036	15.2941350196734	16.1459699615725	14.6042433217199	11.2973357036073	11.8035870395401	13.1308352361912	10.0284099437548	8.4584654636642
34	3.9270993111965	1.33418814265455	0	1.32895033767256	3.36452582097389	6.97931056767071	9.69183372742228	12.9066175661945	16.4405788827523	19.9071296273471	21.7836352567702	22.0667765883466	18.7239051749361	16.6952477370059	13.8338191762073	15.0389562470273	15.9079912622556	12.8009304739929	10.6259234422237	13.1979511288684	14.1440035350674	8.02584363166888	8.8478076945648	13.5214899696742	15.504597705197	17.7704907360489	19.8238892248721	18.6627357051425	22.8754084553697	22.3710997941541	20.5539150771818	21.3584307007795	21.5453956101994	16.9343392253728	19.2221365617873	16.5109687783606	13.5585943224215	11.402818467379	8.93721103029351	7.13491625739223	7.64471359829785	7.23939631461077	9.18627791872203	7.14081010810398	10.3391727908958	8.18492553417562	11.7732343049818	13.1622305860367	8.39850748645258	8.04402268768556	3.8527074895455	2.87714771953058	3.51199772209493	2.88704433634124	5.25775284698701	6.76163478753474	10.6136311411317	12.5486479351363	16.3049797301315	19.1030726847803	21.7471083365122	23.9717147697031	24.4788390451835	20.38557845635	17.5114168758556	21.7740009414898	19.9801332077642	15.7799153673269	14.8973826560238	14.0758336520435	11.4629366220005	9.94285034585154	11.2067089281376	8.90223544959355	6.36558567611811	6.76860074165998	3.59702835685236	3.89001876602157	6.87319903683867	7.99675365382728	12.0693944752833	14.0301204912859	18.0140864048111	21.2780324983303	21.9986368214033	25.6222474619226	25.5443984857737	26.4775824802794	25.6112863597282	22.0040513087931	22.3325765195152	24.8275458311932	22.0287840336229	18.3738331874435	21.3529899311548	20.6247477317906	17.0435128127977	17.226286279985	19.2091293139486	17.574394584167	12.8789082223611	16.4729539548922	18.3727279955917	15.3315150262458	11.2874381061426	14.4981475713279	11.3396834611906	12.6159034159271	9.01412713467033	7.64561122474848	5.03363904148877	8.6894299582884	9.38651532785197	12.9832061910762	12.6346698017795	17.2672029582095	18.6377767719221	21.1521491106696	22.1606954087637	24.0872270716245	26.948081545817	29.0824363147244	31.6054716465361	29.9044150920897	27.0227565951366	28.6233428865323	24.6264768288117	25.7095381133151	23.7792742740396	25.7548812849137	24.5707150486102	21.0557754072369	20.0024980689913	23.1937115184267	20.1591694521377	18.2077284140554	20.0085365032028	20.7530808556224	16.3408086091234	14.4856773745655	13.9100253414579	12.2452001208637	15.8217104005856	12.1101751019546	17.8959804984248	16.2579992003936	19.046489807836	18.204599501225	20.9573955681521	22.7135710534473	20.647783730948	20.2311965785516	22.4745658467522	20.5324741324566	17.4104932440181	14.1077321352512	11.8314020724511	10.6893669597409	10.4120096042983	8.27273479570088	5.71706970396549	6.87574497781877	6.91669993566296	3.40609820762702	4.14265048006708
35	7.17630608321579	3.93829836350676	1.32895033767256	0	1.33039618159404	3.72260782248144	7.5335618401922	9.34710693209402	13.4828921600671	16.9985619685902	18.3585106149709	19.5840384497172	17.0362264307563	15.8392890307615	13.0272599191081	14.6853595802078	15.8973726760116	13.1159803674754	10.0526486559513	13.5997874983398	15.2809559255958	10.0198815362259	10.2476782248468	15.1428294912146	17.257985687791	18.8150735847618	20.6406395492	18.8786510640988	23.2461791699195	22.0387508493562	20.227311141128	18.9388249107488	18.1378920770855	13.3913068070297	14.1144155033072	10.3981527686412	7.52120954368378	8.28067304027879	7.17824031361447	7.86805732058429	8.57049706843191	9.33659279394791	11.3672415739264	10.1571772653627	13.4973159183595	11.6865187716445	15.9465289326549	16.5799376054315	11.2774763577673	11.2572736042081	7.08084528852311	5.20116188942432	5.68122821227945	3.38139261251929	5.6409434494595	3.5529021939817	8.32146687790079	7.79013876641488	11.5776379715381	14.7511643947181	16.5334868978083	17.1598578665442	17.5660547932653	13.690353026858	11.9011895203799	13.8829786429282	11.476476854854	7.58492261002049	7.11910907347261	5.75248824422962	2.82834333135141	3.08298962048204	4.55534696812438	2.72118025863778	3.68153812964092	3.83055244057564	2.86781903194745	3.22779026580105	5.77208645118903	7.88331611696499	11.254385634054	13.1507197141449	17.3604992439734	20.5518269017623	22.7225191825202	25.3862035562626	24.6963506818315	25.4950264365425	24.0361550585779	20.6744440554033	21.8982942486396	23.2983830125612	19.7623412327588	17.2496947509224	19.2775459019036	16.9717574222589	14.1138354106883	15.1611846832627	15.9724856863295	11.9313705415598	10.6134207021111	14.1065266454929	13.7333606957656	10.2462446291312	8.71103122483211	12.2946939368168	11.2363195486779	13.4473596293101	11.0985986953309	6.53544313723255	7.60744339446571	9.83985878963717	10.8509799557459	13.8124814570011	13.6536663940496	17.9453817178682	18.4711114446316	21.2399877118609	23.301480532361	24.3370013354152	26.8640587774819	29.689460992076	32.148261508206	29.7960351389241	27.8664686855009	28.7459250155566	24.8453657248188	26.5752547494845	25.3769486739442	26.9176683425589	25.1721277805433	21.8924343324355	22.0692254734959	24.1450408572858	19.7207971948398	19.3810691655543	21.3453609245663	21.5083699754305	17.1413789410304	16.308197846482	14.0741935825823	14.8314854953912	17.7584151038318	14.7184228095268	19.7245430111828	17.3126799196427	19.8110692543335	18.1079565108822	21.0899447367697	23.259296635969	22.1292381025647	21.9186617292206	24.3531596717962	23.2894748330657	20.4269568218078	16.6001883724252	13.8128476788822	13.5407924435758	14.044953470909	11.4466269704223	8.48321312946928	11.2005817706046	11.4139855878654	7.61465993987913	8.34543851454194
36	10.0886913422901	7.03384979936308	3.36452582097389	1.33039618159404	0	1.32320331015305	4.08272751968583	7.26751855862783	10.8033363828032	14.2730356266633	15.9047972951559	16.3958082752879	13.3233755857891	11.9871840312894	9.12343208447347	10.7202802202181	12.2771180657351	9.78334186257437	6.29697141489462	10.3097112471689	12.0090734863269	6.36835222015868	8.44524298051868	12.8989568958114	14.3067265997502	15.8552765980288	17.4022751098815	15.3320116097008	19.7398570410224	18.7447514253991	16.4805348517577	16.5378189009313	16.4869901437467	12.1126076878598	14.9908555459653	12.042025494077	10.7008207161881	7.57065129298662	6.84862767275313	6.87264417818935	9.10723415752554	8.84218734250751	11.0502945209619	8.62565440995638	12.1332817077656	9.67071439967079	14.4000785067304	16.3549261997723	12.9987948287524	12.7065560243522	8.14992552113208	7.2395753328493	3.89928839661803	2.89463745571013	3.28431027766866	2.88563476552387	5.68074132486245	6.99544115835449	10.7947198203566	13.3367912932609	16.0017168141422	18.3965236118132	19.3311170137682	15.5211815594046	11.9626725274915	16.7929440242025	16.3177746338157	11.9792882092385	11.2301534272689	11.9348508578867	9.2988315395	6.78045168111978	8.87106470498328	8.15128376392332	6.65163303257178	5.02948327365744	5.10527462532624	3.36645050461164	4.69458773482827	3.5994907973212	7.68719389634475	8.9736177765715	13.2209085164371	16.3895428246184	18.0662895747854	20.9926164638903	20.7113842366946	21.8382973924251	20.7935877135236	17.2138355110068	18.3537683869008	20.3860691159429	17.5993345612838	13.9644908607511	17.7265987149255	16.1974286848253	12.9200256191696	13.9511872254658	15.8657319717686	12.1864357791768	10.3635582209973	14.0178408465783	15.7551448739769	12.7009303989905	9.92748523040956	14.1444004821696	13.2939632164378	14.9263507596465	12.1320804893472	7.7886836500143	6.886837663253	8.1839987170087	6.88458815035438	10.0374553548198	8.91359422455386	13.2943036297506	14.0657998350609	16.7816862382777	18.7169397605485	20.0159312798581	22.6716840353777	25.117489305263	27.5617413999914	25.366970867646	23.1989985559722	24.3312058270855	20.636783518756	22.311834908855	21.1517960939491	23.1149043908903	21.5233020003902	18.1901503842052	18.4631482959976	21.1541351749487	16.7843132120442	16.1161841017035	18.4253983674709	19.4806495014925	15.4711496017588	14.5627440752078	11.5736408705299	11.7762019344099	13.9065012853701	10.6895488211617	14.9998094987903	12.6701286891649	15.5500292604226	14.2675133783011	17.1869843777203	19.2533691856776	17.7308545197348	17.4123593174503	19.7451153959657	18.3609974129948	15.4121034579969	11.7185351473638	9.05462981021312	8.57298851043206	9.01733475035723	6.60896792245204	4.26528287455826	6.20399548678108	7.28944757852061	3.94516793051956	5.2863387140818
37	13.4637036880644	10.0688781400909	6.97931056767071	3.72260782248144	1.32320331015305	0	1.32954917171198	4.0101062330068	7.53870340310587	11.1301511669878	13.177502950104	14.1379061391707	10.7655468045056	10.8705357733646	7.29541191434726	9.89733464120518	11.9802922334975	9.54910686923128	6.76766769278752	11.3208652054514	13.4295841707776	10.6530084483211	10.624708231288	15.2030821546159	16.9746741647668	16.9163004525221	17.1642194404523	15.6886222785814	20.0593350089179	18.9284969028182	16.3013870575482	15.7573583128645	15.4288581884727	11.5661436096912	13.9438279536145	10.3889170754223	9.3786984171579	7.93099495649821	7.9008645729439	9.08208797579059	11.321152679829	12.1905218920274	14.8592441597815	13.9867889810349	17.5726898623973	15.4180023673626	19.9477870702492	21.8109435146671	17.3223287984035	17.1198917636765	12.5016166954518	10.5473778257916	8.18395686694401	5.1887796253069	5.45405986399123	3.74923645559999	5.84222782849146	4.48010401664961	8.94441462589923	11.0623958978153	13.6567577411331	14.1638561486623	16.6155682719551	13.2611761921784	7.59790793574126	12.7930829357118	12.5200001996805	8.43530627778269	6.48069324995405	8.33078015554366	6.01928060485637	3.22358278938203	3.4459560357033	6.42124684154098	7.01528545392132	3.79061617682403	6.11349957062238	3.08808905312007	3.59431732043792	2.85418850113303	5.37563772960939	7.01857542525547	10.9052477734346	14.123460942701	16.6197501786278	19.2116267661018	18.1025884889427	18.9952647257152	17.5428423295656	14.1372278046299	15.7096247568171	17.117456762031	13.9009610459133	11.0392818607009	13.3480090275666	11.2708775612194	8.17866657836105	9.79581318727547	10.737357263312	6.95073276712607	6.08558509923245	9.05088741505495	10.373416553865	7.24858951796831	6.26937349342022	10.5468073842277	11.2090226603393	13.4656774801716	12.6766382373246	6.62008141943889	7.43938935666093	7.9339633223251	7.29888902505032	9.39861420636042	8.87779257473388	12.3725235097776	12.9632954915021	15.9598935460109	18.1951009615226	19.6374812539694	21.4148055793182	24.4599348731758	26.6825782487375	23.6730548514551	22.1856685497643	22.4998220437407	18.8230404292187	21.0422380938911	20.4202014926396	22.068012642737	19.9820836751326	16.9771483471165	18.4445621254613	19.866988246838	14.4737739722575	15.2792975296641	17.6003710188166	18.1198570082658	14.412826544436	14.4353134361537	10.2171644794434	12.1364740349082	13.970498380516	11.8668790336803	15.2296394573214	13.037213122443	15.9017718824035	14.2073324026715	17.3874180947028	19.7446844492385	18.6112856890651	19.4835896333299	22.1152427524547	20.9137483488733	18.7113947368976	14.497606905969	12.2503760350448	13.4798999996291	13.5692376351805	9.9436082988018	6.26965214346059	11.7437044411038	12.4515611872568	6.84927521713064	10.7440069341005
38	16.1056985567221	12.9832748950332	9.69183372742228	7.5335618401922	4.08272751968583	1.32954917171198	0	1.33816889815897	4.41794624231667	7.69940263916624	9.23840321700671	10.2427903424799	6.71488331990959	6.27102862375863	3.55250292047734	6.14184605798615	8.00498132415061	5.1780441288193	3.72488630698978	8.14976766540004	10.0756075251074	8.28140845508782	8.77963598334236	12.3620892247225	13.891971602332	13.5690760555021	12.75549124887	12.1277815366208	16.3374896786501	15.7168753573985	12.7303055737087	12.3287457999587	11.8206309053282	8.62071331155375	11.2457519979768	9.36803527960906	10.3726737633071	7.82504319476896	8.80522736787643	8.73563340576973	10.7317054096728	11.8761468919848	14.8095447600526	13.8543274466861	17.972515294193	16.1768997029715	21.1494998995248	23.1018542545831	19.5960854764415	18.8771176560406	14.5867744549643	12.6182259450368	8.64271132226456	7.19175228994993	4.89373650700567	2.88910332110155	4.44214486481474	2.60548978121197	5.74552234352979	7.12994677399488	9.76404393681225	12.3536149365277	14.223134745899	11.4148243087662	6.86748818710306	12.2986531782956	13.7112733908999	10.369582874928	10.2982312073482	12.2018456390826	9.92648029263142	6.71084145245587	7.58781615486301	10.9148849741992	11.2431359504366	7.25488876551529	9.55651908385056	5.93239867170102	5.79595954092159	3.34596757306463	5.58688866901785	3.530504779773	7.99412997142278	10.5184661429317	12.8852644908826	15.3260820172672	14.9046532666815	16.5419976121386	14.8985727504349	11.7131330138439	13.6407852046721	15.0507496491039	12.1315474280901	9.55595735653943	13.3443590329397	11.7916704075377	8.23317405378995	10.4332331518087	12.6653308286835	8.34146084328159	9.67563248578614	12.7500640782704	14.7385162075427	12.1839053673278	10.8509366415992	15.4048056787484	15.2629355302314	17.1766076394613	15.4806018616848	9.96974372789993	9.68638859431109	10.0278242904431	8.12472848777114	9.27351740171981	7.13838805333529	9.78638283534831	8.7065405873975	11.6830106137074	14.150675955586	15.1932922370367	16.7940353995102	20.2964682888428	22.5561601563741	19.7068449783318	18.4694593856994	19.1094609290791	16.1174390645661	19.0142709826067	18.9647764553131	20.9395581615277	19.0767596042934	15.8887927168807	17.9045896350628	19.9057323150895	14.0765975292327	15.5103188232866	18.3032966702723	19.0667789885969	15.5047443384275	16.1786804159054	11.4103349644084	12.6322133056721	13.1612828402098	11.3191758533914	13.0355938107936	9.77341235188611	11.8496324837524	9.82496055971728	12.9996224560562	15.5363225056639	15.1242257983673	16.1255627498702	18.9245595721539	18.5715031432569	16.7238045013687	12.5331817588352	9.42628261829657	11.6863426699716	12.423860994071	8.86883853726067	4.13036330121214	10.7879829903463	12.674396001388	7.5893977363161	12.0161112677938
39	19.6450954184499	16.1142002593985	12.9066175661945	9.34710693209402	7.26751855862783	4.0101062330068	1.33816889815897	0	1.33185810054975	4.84075510638578	7.63761395986993	9.37028692196776	5.65094912381982	8.52537494776623	3.66369048911067	8.62768943576437	11.0061879867645	7.99150279984935	7.69371340771152	11.998725640667	13.985097318217	12.9050404881194	13.4192713662106	16.8608975443183	18.3258694473141	17.2843669539847	15.6818301546726	15.2374569072401	19.3511449015297	18.1154761185016	15.1939863103795	13.8933599247986	13.2499122261244	10.7022362616418	12.9110799703201	9.82760158940115	11.2005146756745	9.99229953514205	11.605141834549	12.4265192632531	14.9307129434599	16.4386757678348	19.4334035104508	18.4464873892023	22.3940690808973	20.1548543036163	24.6764982523858	27.0293430552798	23.4356864204998	22.9064931187644	18.358933329581	16.4275449778718	12.9937050528323	10.6471408838242	8.89883093445425	5.40455520834046	6.72176115315027	3.59895109719485	6.47413685366629	7.04589171077728	9.4472325577388	9.93236784457765	13.2883083949764	10.9692112752011	3.88736208758587	10.3684863890541	11.3960191295031	8.21258211526679	6.34488218960762	9.03547015932209	8.87091770900847	4.54241136402242	4.05542476197007	9.84023277163706	12.2040922235126	7.88954789579226	10.8771042102207	7.44901342460866	4.26614556713669	2.77987769515135	3.33526385762806	2.81710649425967	5.66774099619946	8.60564035967109	11.647815288714	14.0217642969778	12.0301775132373	12.8498580147798	11.2194261885357	7.90448448666958	9.93459677088104	11.2417390558579	7.89725028095223	5.71212263523815	9.01163520122735	6.93496777209527	3.64135153480133	6.02038113411435	8.18093063165799	4.16124728897478	6.29621680058748	9.23891043359551	10.909834279218	8.23533193016529	9.13678898738501	13.3795187880581	13.7730703185601	15.8404374623935	15.0531323982751	9.50573947675824	9.94157839580818	9.23418399210239	7.09991154874482	7.14031189794956	7.01596016237264	9.24046725009077	9.53667337177907	12.1458010851487	14.902708814172	16.6733233939728	17.1273589616146	20.5757170227431	22.2525520783572	18.431189570942	17.7925325347461	17.1114973336643	13.5173371638056	16.7781906354648	17.0511575560136	18.5790911241643	16.0192315983008	13.5655520344732	15.6193602301759	16.8576017570709	10.6028392423916	13.2532288141419	15.764634502582	16.395653722862	12.361241604305	15.0019586387911	9.57509002568644	11.6856771733606	11.7429261259705	11.3211132844787	13.477370477953	11.8230826352521	14.3126336849652	13.0049548249888	15.8910263356399	18.2980673569642	17.491577001517	19.2414250511754	22.0762175428673	21.0196954069273	19.7208115705211	15.5978170588067	13.1073826525359	15.6736218213915	15.7559852119758	11.3277703454828	8.2320792634668	14.6653892208833	15.7308812531276	9.99597368944116	15.1676137213472
40	23.1792736944021	19.5824424676801	16.4405788827523	13.4828921600671	10.8033363828032	7.53870340310587	4.41794624231667	1.33185810054975	0	1.33670789628849	3.74246723432551	6.18236095678665	4.55530953942759	7.51833552057901	3.14965998164881	8.71701359411582	11.1931037250621	9.2047523051954	10.036226033724	13.7940922136979	15.6793681632903	15.5075852730204	16.2083626872056	19.1338679048435	20.4384945140292	18.6640342370025	15.5287213253378	15.3546349354193	18.6834885928726	16.8112103668951	13.4280925674498	11.4432786385721	10.2731173944426	9.05997163350968	11.1683240013889	11.0701344165281	13.1443994537598	11.8593893181732	13.9128100684226	14.9553409188825	17.7474302365159	19.5460045533608	22.6417050815525	21.7374854571544	25.7811579452902	23.5122395573029	28.0224489115423	30.4952196089813	27.0190165068975	26.4508580957216	21.93356956813	19.914326526398	16.4332816564434	14.0319038622704	11.8838709602553	8.10323910544419	8.0180869289376	4.39791427838242	4.73724825188632	3.48387341905529	5.82490523528066	8.28096401392978	10.8544936777355	10.3658565010326	5.66351631056184	10.8696706021848	13.3702621515062	11.8612837838069	10.1966242943437	13.4529921578807	13.3542627651249	8.17594282025015	8.09799191157907	14.7070209763908	16.6442588900798	12.2761087075669	15.1102271657312	11.2144624481069	7.79057231530521	5.39667314185323	5.4711623993444	3.67886463463933	5.92705879842608	7.89736702958651	11.2450072921275	13.1448562183084	10.1169067901212	11.3003196414969	8.9806625034014	6.5354737395234	8.69356457386727	9.85627723838975	6.50331154105353	5.85954102298124	9.42174771472894	8.5037598155169	3.57927269148356	8.17976313837999	10.6334140331316	7.04585026806559	9.52575482573428	12.2527205550441	14.146137600066	12.2773666964867	13.4991230455908	17.677261722337	17.8802949360462	19.6232691211225	18.8050680934688	13.7395839092747	13.176683421863	11.8727800030153	9.2684286154666	8.45919594287779	8.21205680691506	10.4285451046635	9.96874360187882	10.8600027163901	15.2043370786102	16.7893975174811	16.0449494234167	20.354600168021	21.353698625765	17.2315636551069	17.5096454847036	15.4368355565511	12.9170121158107	17.0214185366555	17.8149635419217	19.216593272482	16.3333832686311	14.1880093741159	16.5273692401422	17.6976763163982	11.1491301005953	14.7399976255086	17.1562667559117	17.5798479231192	13.6902646066466	16.8412248366917	11.2697659248096	13.8174540708482	13.0909001218404	12.8557673438811	14.7564642445269	13.2574017439316	15.2812871840038	13.6905639766958	16.431795276232	18.905336204363	18.6079783426357	20.4884918429835	23.3554999732397	22.5195639611428	21.5710442259989	17.5922757481799	15.0716478528395	18.0035841987089	18.3239557683378	13.6237185085424	11.0697429509452	17.7287826993282	18.8155906099171	13.1899626610541	18.5432540024668
41	26.654241895053	23.0901681457715	19.9071296273471	16.9985619685902	14.2730356266633	11.1301511669878	7.69940263916624	4.84075510638578	1.33670789628849	0	1.32993458485747	3.39151544298415	3.31403515370613	5.30436226138449	2.91697034609541	7.95355304250874	9.9363716214723	9.3100252416414	11.4071478030225	13.7465996522776	15.2811698505056	16.4481008022203	17.666902246857	19.4245005341193	20.3881447905394	17.5424481187775	13.4119440052514	13.9036713856449	16.617672069216	15.0608155489668	11.3492300179351	10.1935427600025	9.10347988408828	8.96896499045458	11.5015659368627	12.7313585685111	14.6397071350488	13.411702427358	15.4840021958149	16.0785268603812	19.4394391379998	21.5545727399083	24.7356001544333	24.1069029533036	28.4019446693356	26.4684410005576	31.1093908812114	33.605645254927	30.3758090098025	29.6580147009202	25.3201578589076	23.1900203751528	19.3799423115756	17.3559877275827	14.4753642786632	11.0372073460636	8.61479343919516	6.77471748488452	6.22993531266577	4.07073273502449	5.67763419040008	8.03103741741999	10.9522132009928	10.360343527123	7.3215668405062	12.2458653430454	14.9512096166163	13.9045125768579	12.0339847515277	15.9587258889925	16.3829999084417	10.5008747730844	11.2618507804002	18.045561448733	20.2841966565107	15.9639179714755	18.7754949069259	14.8550579265111	11.2197574394458	8.57113043886278	7.52001921540098	4.32712260052798	6.21173156213306	6.85024364530197	10.0429172554592	10.4151054243344	6.22327928025089	6.90822944031247	4.00900498877215	3.33002432423549	5.40806601291072	6.2411428440631	2.58443823683214	5.92127368055218	8.37752254547847	7.03900433300051	2.93460201731001	9.27517633255562	11.3365601043703	9.18996615880603	12.1429507534207	14.6322764804387	15.409727739321	14.6474455452137	16.6720050683773	20.8110132862386	21.0753818707989	22.5877782218615	22.0438644071315	17.2522480274311	16.4531623100242	14.6876724840936	11.5875289427902	9.65519554436885	9.12308642949304	10.9292326354598	9.02965353709654	8.20078514533822	14.0377527047601	14.8921112673791	13.6409233558436	18.5181223130208	18.8879525888859	14.4021749052009	14.8563395222376	11.1422289511569	10.3240358871906	15.0762823003551	17.2848881107168	18.3210861577582	13.6388498781972	14.0335804055843	16.7109375859046	17.7269870536423	11.3468233880677	15.8220097964829	18.2694471180712	18.1383240129842	13.840098301674	18.6948749126599	12.8473376619438	15.4377688802495	13.9849393634724	13.8274750044974	15.4345058877827	13.6032696804849	14.3934122778443	12.3873408365153	14.7919592684674	17.3318540843154	18.0850942214853	19.895623061367	22.7434746685725	22.369828206761	22.1325747711377	18.4553369245863	15.6362697277835	19.0246934797909	20.4011180330883	15.676619980085	13.1522041878919	20.3368506411391	21.6598098329602	16.2535928643485	21.6986215921657
42	28.1840781648079	24.4047781796926	21.7836352567702	18.3585106149709	15.9047972951559	13.177502950104	9.23840321700671	7.63761395986993	3.74246723432551	1.32993458485747	0	1.33192529820557	3.41601917441925	5.75588907120351	4.16819421332548	8.7227611454172	10.2889871707569	10.9944836167962	12.7467069865122	14.6210678816563	16.0132320285444	17.5978604381328	18.876469532198	20.259486493986	21.1146222319984	17.7833603686143	12.9392829399469	13.6615390787422	14.9729189205044	13.057069004949	9.73929648383291	7.16582821451924	4.70536257901556	6.17330754134281	8.92780336925047	10.9868350310724	13.6338813622534	12.6871976417174	15.7646979355775	16.5588222709225	20.3375451075099	22.7809907378937	26.063763158838	25.850146982174	30.2112481370764	28.4897625121727	33.541667847619	35.5994238436523	32.1636423621455	31.0189451948321	27.0822229700592	24.6523633349827	21.0998355206859	18.7180456511891	15.6302395055226	12.2217940172464	9.29986822487287	7.11567410720868	5.90722218982831	3.59198454896454	3.35764515695152	6.60435439691118	8.90867605202928	6.98918228407301	7.54470847680677	11.5187070889054	14.3829658276727	13.5101291629651	12.7604133945574	16.8021584625309	17.2138941846405	10.5367101127439	13.8683257100488	19.5158681333934	22.1368545868649	18.2020788373197	21.0844046631628	17.3508775858744	14.2004927379299	11.411094601308	10.7592009926388	7.40436148496277	8.36650787365912	6.78548185466589	10.2942161430582	9.7593019217565	6.01516924117684	10.4765436094162	8.47935593072964	6.09036205820311	9.27226585037336	11.2602996851771	7.45724144707679	10.1398799302556	12.8760575487996	11.3417842511661	5.70267139154975	12.8386400370133	15.0350340538357	11.129288342028	14.9057929007484	17.5830529203549	18.3636856867024	16.4407778404794	19.5514363155242	23.4105807488836	24.0626327321014	25.8494186201547	25.2084791092204	20.0588094113285	19.5488552350259	18.0985858563591	14.9262823904682	13.0821322421079	11.7496611014957	12.5294718164813	9.75226184020917	6.94717575709727	14.2830294055568	14.7503552499592	12.4179962956992	17.7567427756331	18.1030992098038	14.1055530199989	15.2645236086817	12.5454231494996	12.6457849499349	17.4480137551528	19.4386871213053	21.4395116782076	17.4410869500728	16.8789481603564	19.8637689021998	21.6150838767746	15.3160822013986	19.2517563094903	21.7657499985643	22.208962830353	18.0331669154367	22.3119967058083	16.4769767858063	18.7845541070317	16.8827640213325	16.1112054483828	16.9190901055583	14.6887006232682	15.1477087706359	12.9736406995107	15.0046564439177	17.4942902113804	18.9440357104815	20.6762682561433	23.4493399480668	23.3572250492219	23.5715085219423	20.0672289317683	16.9869657679057	20.6060725515563	22.461935468699	18.083189458721	15.2012754728016	22.425649979432	24.1096607607822	18.8721049700345	24.1295367962172
43	28.2904813320664	24.8259355110739	22.0667765883466	19.5840384497172	16.3958082752879	14.1379061391707	10.2427903424799	9.37028692196776	6.18236095678665	3.39151544298415	1.33192529820557	0	1.33579826321193	3.25204996886579	4.59701914287944	7.6709759483393	7.85798231100071	8.92247275142939	11.5528899414822	13.0429278154868	13.5932175734813	15.5207070393072	17.4143383738803	18.4790384219526	18.6072592823339	15.1765591950218	9.3118921815064	10.5743139730197	11.002733160447	10.4909632064935	6.77302812632577	7.56230150152716	6.9489111377251	7.58153737707597	10.7328927135232	12.9388065523834	15.0250502162222	13.2537986630249	15.934437580285	15.7783650927465	19.8874837774918	21.1008424950285	25.1080661342127	24.4760286811402	28.8404937024317	27.2026370964287	32.3514321939539	34.4467528948666	31.3581108008757	30.3320422985331	26.8832657242382	24.6072265401853	20.5376813199543	18.9284767744264	15.5723049353652	12.6953945586579	9.01364094026382	7.91699602121916	7.7059521150861	6.01102728325201	6.61195477903471	9.83639029319191	12.127708522223	9.90426948340967	10.4815908143755	14.2151244806368	16.9816480060093	15.4938020188719	15.5723838894371	19.2508524746308	18.9815342109114	12.2021562848539	16.3159073912547	21.4362733934796	23.625003216931	19.7225864936625	22.3765602807938	18.5339686791577	15.967713236403	12.4415753423753	11.2310249309669	7.38882947428075	7.20435319789362	4.06878667418188	8.0492375415315	7.07437636827445	6.19826274047817	10.5159534517798	10.1428743953576	6.88711071495152	10.1000765343635	12.5924322114514	10.0686716104956	11.6050563979672	15.5118489549119	14.6230758050418	9.08713975902209	15.6390041243041	18.0351403931325	14.1072110992924	17.7998543252466	20.4098838311246	21.7043222884291	19.4657351774856	21.7783419249492	25.89039654003	26.266592165715	27.9295394161809	26.8748469949133	21.8327956295111	20.8116556765674	19.1705835852746	15.3882706305809	13.3507607648403	10.3449871918722	10.0700578449183	6.29609498022385	2.76724881425578	10.549186603715	10.4619279771943	8.50073320367131	14.0861884482638	14.9023279725015	11.3596648278019	12.7999468748898	11.211617679889	11.8960221082511	16.2463061955633	17.8316492226602	20.1585103616314	17.4802650151535	16.0477540484642	19.1420949219253	21.5273453077708	16.6609861953007	19.3043069546669	22.0921443504247	23.5204451701068	20.0915734824329	23.2341368249393	17.6923208483229	18.4112327126676	15.6938796350679	14.0904461959159	14.2288126700719	11.1619573104362	11.3165771326846	9.63818810773062	10.9437575356913	13.3597600652108	14.962594527688	16.8964403943553	19.562251685325	19.5329840270246	20.3403382715234	17.0123306457405	13.9366621900655	18.0287245527797	20.1379638990639	15.7612737429435	13.8147677866839	20.8620213306381	22.731275393167	18.6648111964734	23.6505896121006
44	25.2762625006151	22.2708575048201	18.7239051749361	17.0362264307563	13.3233755857891	10.7655468045056	6.71488331990959	5.65094912381982	4.55530953942759	3.31403515370613	3.41601917441925	1.33579826321193	0	1.32904815563621	3.5902758946911	6.46619006834782	6.73749411873584	5.30654746516038	9.22386166418383	11.1696898793118	10.9814452145426	12.7209226080501	14.9435745723706	16.3632497078056	16.3849276165627	13.4588035872436	8.38824212812196	10.7114326772846	13.3567074535606	12.9977786948386	9.18776044528807	9.68309088049885	9.25658608775395	9.40378657775686	12.7375038370946	14.3038963572867	15.8896643765688	13.6640158079534	15.3426530626225	14.6768047612551	18.2362714116675	18.012463712663	22.7077398919399	21.471893395786	25.7181136361126	23.7751157936192	28.887416101133	31.0900950304112	28.2337269236635	27.7791629283533	23.6084080149425	21.7226405853432	17.4656451641501	16.1943925171647	13.0404936639684	10.4767599476174	8.20213697764186	7.79803680422194	8.71441897087809	7.4236105097183	8.99144015161086	12.046196080091	14.5070115461455	12.4666982798173	10.5984131831138	15.6042112264606	18.1106597615879	16.0512539697059	15.1880771659878	18.499298283989	17.8433905130163	12.507818594783	13.4342580740434	19.5192300309208	20.909022382694	16.5125253671266	18.6981892171408	14.7374766836118	12.0597816729823	8.12603261130547	6.85723821957499	3.59077902411162	4.00668141982863	3.79353173177713	6.3698262142699	7.7321048880625	6.37821581635492	8.81836798959989	7.33728321655911	3.7508993588205	6.57478592807401	9.04225641087445	7.45982821518029	7.58765510549867	11.7938012108056	12.3203032836047	6.99377165769658	12.5326832721489	15.1943702732295	12.493037460922	14.6121663691596	17.3775086246562	19.460184839821	17.8095297523545	18.2713424794129	22.8579965220052	22.5484144897152	23.7120109649097	22.483238245413	18.0573231958671	16.4489393275068	14.7807923332953	11.0357519906892	9.43967340536737	6.78603278801392	6.58807058249986	2.91177248424392	3.58469482662053	8.08450821015107	8.72102367844509	8.69556174148629	13.1108668668399	15.0747080237065	12.0049718033821	11.7546011842172	11.4388680384031	9.56443312486422	14.2191832395535	15.4499828155244	17.6321536120804	14.4134716845041	12.8731641409562	15.8234894697725	17.9534810273663	12.6152538222582	15.6278700724059	18.2965282499167	19.5003335612497	16.0439354586087	19.0461203661008	13.5556051137528	14.422987242593	12.3074494920759	10.4334200049648	10.6408268945604	7.85090338750898	8.20971430684406	6.92760138864817	8.85767254982933	11.1885200987441	11.9728932593588	13.8899253057747	16.67946893639	16.3577076022284	16.7113943762931	13.2614868321769	10.4054502065024	14.4135079005772	16.3571450137241	11.8076978704572	10.597558869853	17.278452419126	19.0344891447078	14.6610365254303	19.8882422048808
45	22.5164477216101	20.1000473133772	16.6952477370059	15.8392890307615	11.9871840312894	10.8705357733646	6.27102862375863	8.52537494776623	7.51833552057901	5.30436226138449	5.75588907120351	3.25204996886579	1.32904815563621	0	1.33502883863983	3.36265802602643	3.24073541036599	2.87527198713443	4.94787176470854	6.7606524093463	7.46760738121656	8.80661268593095	10.7429901796474	12.1094274844024	12.6152451819218	9.81363260979338	6.72613953170762	7.34648603074966	10.9243806689441	11.0800874545285	7.50333799052129	9.27183784370715	9.70241712152183	8.1173170444427	12.4777037150271	14.111468917161	14.5670145877596	11.7859924062423	12.7199726807883	10.5907065392258	14.2290607209331	14.3483577457492	18.5624560874901	17.7855070492803	22.1534742647739	20.7868736466069	25.9463230150247	27.9405305962503	24.8863374967069	23.8999105228451	20.5724465244171	18.6618343417789	14.3462417029688	13.763692164532	9.37793308783977	9.58888340736292	6.03813108502954	8.01011523013246	9.95814350167741	8.94518803603368	10.5189693411474	13.8456852484808	16.1585892948611	13.4936402056673	12.7685465891776	17.1909672211892	19.7037690556908	16.8919302035025	17.3720314298587	19.9400220912616	18.2459626493096	13.2605895042415	15.7346593862085	20.1511278344414	20.4756517112399	16.912636518296	18.5511731704494	14.8523648285382	13.1331423505572	9.01530925703606	9.38498758656611	5.20202921944889	6.52522352107573	6.03928621610203	8.47460825053288	9.20722743283775	9.37552163882096	12.4021290510944	11.9231033711865	8.26802521766836	11.0398473268429	13.6568117069834	12.0612582262383	11.2036655162496	15.9989032749123	16.2017200012838	10.7147971049386	15.8809160315141	18.559363270328	15.2837933445856	17.3846791744915	20.3913855831329	22.5047595410393	20.4001117153804	20.136038761385	24.7110878959224	24.2774059569798	25.4936689787877	23.3869895882305	19.1247927831911	17.2450739923028	16.1655336441455	12.4207885820507	11.9651220219436	8.01175642415569	8.65333028376936	3.5846793440976	4.50221123449356	9.82790547370089	9.6242096298865	9.99178407492876	14.8478852703003	16.8776149085112	13.739895305278	13.8648948787937	14.1985964447195	12.739274312142	16.8778978845116	17.6692089805967	19.9744342598232	18.1018312057095	15.5290551547736	18.4258172681702	20.852933031111	16.2716952405089	18.0549063137974	21.005563953391	22.6902641897357	19.5658838798558	21.3805205970294	16.4643063625529	15.8931200524	14.3123906458705	11.7853080570683	11.7998683890965	8.22836514746398	7.77963353892714	4.79676453455868	7.77406508848492	10.5831113100071	11.8174357201552	12.7708794528803	15.5968366985104	16.3173009103834	15.560883940188	12.3152330875221	8.34875439811233	11.9483115543578	14.1933334351026	11.0733567629694	7.77605272615869	14.6470837029082	16.8375486933223	13.6220366318697	17.9187885193168
