151	152	153	154	155	156	157	158	159	160	161	162	163	164	165	166	167	168	169	170	171	172	173	174	175	176	177	178	179	180	181	182	183	184	185	186	187	188	189	190	191	192	193	194	195	196	197	198	199	200	201	202	203	204	205	206	207	208	209	210	211	212	213	214	215	216	217	218	219	220	221	222	223	224	225	226	227	228	229	230	231	232	233	234	235	236	237	238	239	240	241	242	243	244	245	246	247	248	249	250	251	252	253	254	255	256	257	258	259	260	261	262	263	264	265	266	267	268	269	270	271	272	273	274	275
151	0	1.32670305645234	3.227481525896	3.29162695334693	3.09698643845917	5.33558628456143	7.35363787522883	7.44340150737551	8.20888110524205	11.2550469123856	10.9772177258174	13.7330664456268	16.2128949604936	14.3900925987292	18.4291978664292	21.0452640515628	15.192030476536	21.4753491007713	24.0887186458724	20.4888062365771	23.4297093025074	21.6719653469638	17.6119760958275	17.1961033667514	11.5398089238947	14.20156544188	10.8743015867687	9.16120592498608	8.738899759123	6.10947771908532	8.61302002784157	6.624314983453	7.89336867249972	10.7442928571405	9.63413706566395	9.99396267753687	12.8390786663218	14.9728512314789	13.3918546512423	16.1265790854725	18.071307561989	20.6232390036095	22.6089663186975	18.6704920663597	20.0674958328138	18.4296058015357	16.5419562930144	13.1160139524171	14.793449530113	11.7674041317531	14.9902051019991	15.6332200457871	12.9866630817928	10.7796626106757	13.1697982520614	13.8139243157041	10.3092190780873	11.445982089799	13.8140939985219	13.1626789446526	5.38072941152033	12.3707146519512	15.4818743697267	13.3888107761668	11.6678704997956	16.2849101317754	13.6079991181658	17.8155989514807	20.3167261880452	18.513851922277	16.3704378072182	17.1960306175582	15.8671941754048	18.3254726269202	19.1699825247703	18.7179876322216	20.4468956323448	15.7014511749711	20.7848678369625	24.0611700879238	24.7927688046333	20.8217416418512	22.3048621381079	26.1105078656084	27.124623831493	23.4253130822194	24.0427720531556	20.4805208429864	18.592582633943	14.2505531120725	13.9871515684931	9.5872105432185	9.57758163630047	12.639345790032	15.5155587073105	12.1082313324449	12.4717379703071	16.729361195216	21.5548812337252	24.3883371101844	25.6838804895211	22.6308311159798	21.9302875038154	24.2338695630723	24.2304833629047	19.0195796483519	22.0088518555603	25.1570966528334	24.166192356265	20.6264395618827	25.4151493995215	27.5682783285428	25.2177209517434	25.9019546366679	28.9000545847235	31.7069548995169	29.0204676220078	26.4743382731278	22.7321484466383	21.2112786271832	17.0848349421351	16.7338606125425	12.8896096527397	13.9873546819976	14.6547623999845
152	1.32670305645234	0	1.32828950157713	3.28500989344021	3.43063332345501	3.03405784387839	5.39189113391582	7.06524769558718	7.84265930663828	11.6260975825941	12.0888433276306	14.7160711468788	16.9253563921118	13.406382696313	18.825683148295	21.7863742967939	16.2335136677184	23.0559867496492	25.6263248633119	21.9886134396874	25.4460092941899	23.6459720671407	19.4394486290121	19.2460867191229	13.47986991777	16.4041514257824	13.2559727670209	11.6012166172346	11.4021285732095	8.83144869203235	11.0796687224844	9.11992697339184	9.94076828016829	12.8102860233486	12.671408209035	12.1352825677856	14.885021128638	17.341537676919	16.4049020112892	18.2070560497847	19.8410978778897	23.1177478574363	25.1185266486711	20.5797333559014	22.3112417628423	20.6903100750085	18.7739192764857	15.453576576314	17.3588502499446	14.4064888505145	17.6932920057292	18.2443893293253	15.5274130813861	13.4843399912639	15.8381638771671	16.670743864627	13.1246905487329	14.3266729564125	16.7530051334082	16.5686819632703	8.65835977538471	15.3536137114361	19.0244564968359	17.12912143106	15.4039409567812	19.9900684591124	16.8751138959119	21.2217067409763	23.6447980325483	21.4922896872344	19.2597980519008	19.6660799601751	18.537395205368	20.976855198051	21.8495163562034	21.3791448379022	23.0493057162249	18.0496143449105	23.0693772347673	26.5420620713614	27.31915236606	23.2395853233228	24.7499944646458	28.4118063487699	29.1075904018179	25.4017155719845	25.7499353203071	22.2843018513033	20.3313603578314	15.6272208021772	15.3104621419473	10.7391425169797	10.3439186965096	13.9874251383162	16.7586799002785	12.2012776789974	14.2075718544725	18.7284481204397	22.8008703561947	25.3155644811646	27.3403839585328	24.5494110112646	23.1134791842336	25.6795719979909	26.2936494424034	21.0714055297695	23.1807129743673	27.0178167511737	26.4148035389249	22.633209052187	27.3198973094703	29.5899605440764	27.3912007951459	27.6902016244014	30.7787982546428	32.9250074715253	30.4048634760954	27.782140612271	24.0144916664917	22.0936773987492	17.9567461139261	16.8334254683947	12.7591493054984	13.1592810213932	12.9582641970289
153	3.227481525896	1.32828950157713	0	1.33023982800095	3.27073860160056	3.44131748026827	3.09993693484239	3.50360514327742	6.69319848801752	10.1363719347704	9.52811429402481	12.4739338221749	14.6731841806746	11.1007614153264	15.0758184520775	18.1417397456804	11.8878731907772	19.6301760053241	21.8429750034193	17.1090277046944	21.6574795855843	19.1685607962622	14.5730129691838	14.0150807703702	8.86046708701071	10.7371083630557	8.40327995487476	8.35772187859826	8.83078614846946	9.21704453716049	9.83883829524604	8.47166577480486	7.21390747098963	10.0058900653565	11.8876824486525	11.006884164013	12.1690650832346	15.3235504045244	16.4887072264626	16.7280024808702	17.391659437788	21.4140012608573	22.8385705769866	17.1601090031503	18.7110032066696	17.3828891442131	14.8109273511148	12.74408776649	13.19036352797	10.9001694023533	15.0885184494701	17.5084350528538	15.1818381298181	11.9888782210847	14.4807395874658	16.7033388578452	13.8797437296227	13.5429706120925	16.4937080427659	17.8576336058281	10.1119112931236	14.3162499279665	19.8684265355866	19.3395971778111	17.2517918779471	21.2336576453516	16.6516254161568	20.9692395904096	22.9536401034781	20.1398916084472	17.5999470737841	17.2597693205906	16.9316369261805	17.760042398598	19.316426455222	17.5857976219448	18.5924292656984	12.963075792419	18.1711874405609	21.3899983403459	22.4606025297631	18.0207901602566	20.0579717319573	23.3949048298983	23.9980286482036	20.3656092960658	20.2980575671664	16.8940800578191	14.3218360205666	9.80240450093751	8.65489994165155	4.60461127566704	4.0185646691325	7.64146360326345	10.4118646744952	6.68672782457908	9.37095224617008	13.528776293516	17.4282765929394	19.4786751859566	21.3701596858797	18.4940086244167	16.867429738997	19.3005314952724	20.1103540993191	15.2492940820223	16.4540221830408	20.4476960560353	20.5532779380808	16.3688414067704	20.8144894004153	23.2648229737516	21.6970153016492	21.4824892877897	24.5785894835322	26.8247575757918	24.6750738398085	21.7815856401686	18.0428002538409	15.7247848633932	11.5286552988629	10.3453255627844	6.32821127965873	7.10287667075812	7.95304979237525
154	3.29162695334693	3.28500989344021	1.33023982800095	0	1.3312223706053	3.39423938460445	3.72652291016706	2.77430135349424	3.80730324508043	7.00482405203728	6.90133146573906	9.53059310851114	11.8077411048854	9.42086216861281	13.717687341531	16.4457085283669	10.0796758876464	17.0232729226785	19.4024543292853	15.1321920751754	19.1186830613408	17.0112961293371	12.5809953501303	12.8038929236385	7.13694962851778	10.9565119905926	8.76010074142986	6.59338797584368	7.59942879432395	6.09348783538623	5.86623840292909	4.02799577954099	4.03813843249585	6.87470973932718	7.9481153740997	7.54426729378009	9.24938214152708	11.9730461871656	12.2470002041316	13.4131995810097	14.4048056217361	18.1351050176171	19.8190467227866	14.3160018860016	16.1527746842454	14.8379582490314	13.0354367399025	10.0765564058363	12.7343162360607	10.77775547134	14.613450003336	15.6913237172649	13.4787184479831	10.7142471970736	12.5576561905477	13.9631488210933	11.130249323353	10.3109632430729	12.9702294891031	13.7696503223575	6.0461953326038	10.4064140797875	15.4824027528029	14.9537985475263	12.5893556229062	16.551758244972	12.2678176135774	16.7319494082429	18.8849877415899	16.5863475786564	13.9385518257816	14.3964084757275	13.9434658890822	16.4170564353053	18.0136287848951	17.5010185989273	19.0996410699259	14.0724231388912	19.7879355416375	21.6493261326998	22.2713863286505	17.8986593073336	19.2629286714144	22.3720560297886	22.4750799776108	18.7794109865033	18.7263782403325	15.4204192550008	13.4940204905729	8.79569201370762	9.46310662520506	4.65784907441192	7.05891280580799	9.91318848806982	12.8022699549728	10.4288310466706	12.0874995760083	15.5780372961423	20.4082803048175	22.6008102730853	23.6963567452889	20.3904659338623	19.3491760031274	21.397713195573	21.4183884080946	16.4908297547455	17.7513205705942	21.4951314952945	20.8247503226329	16.5521924529653	21.0333997489707	23.3132247876608	21.1058018089813	20.8971903853126	24.029862858535	26.1729975547319	23.4946232785291	20.9552763045492	17.291423134028	15.7562417155869	11.7539985962225	11.5770867233514	7.87645167572302	9.91334363370906	11.3284362115872
155	3.09698643845917	3.43063332345501	3.27073860160056	1.3312223706053	0	1.32440401690723	3.49391828753908	3.96115160022941	2.70552360921135	6.77488701012792	8.22344976272124	10.7071942636715	12.5145147728548	8.87689303754416	14.9626187881667	18.1750493809508	13.3931742690073	19.7282450309195	22.3785617276893	19.129104213214	23.0010573017851	21.4759075477615	17.2238375805161	18.0167582544696	12.3419827823571	16.2684291190022	13.8441841218614	12.0434297855719	12.8871361442331	10.480365022269	10.8897407223496	8.47050948880881	8.54887302514197	11.1313770037673	11.2992172295252	8.97399827278789	11.9061957820288	14.6582816523629	13.6853473832417	14.4280628290842	16.2258884810663	19.9904942410137	22.1644621184454	17.6382660428966	20.2510403930267	19.4182234511811	18.0846152571737	15.4082269907994	18.0135697739232	15.8948120152457	19.8312495572014	20.4695779389806	17.6885520605843	15.8118736081465	17.8653411106533	17.9853465910446	14.5923964789886	15.3783325819154	17.5780059164855	16.4090869032984	8.96420844246719	15.0195237607589	18.4436577174919	15.8193712264426	13.6122605764068	18.4359674007089	15.3448888559025	20.4630924837865	22.773680444759	19.1927013471267	18.41087963678	19.5982800010613	19.2701329782646	21.8957729253845	23.4943222289982	22.7405652964037	24.2182730185288	19.0038588186715	24.461193061664	26.9754313959944	27.613358180417	23.2731416873614	24.5656878185814	27.6351141484887	27.4064205798568	23.7245036196756	23.3109807815973	20.3431406375712	18.5492244042709	13.7434956615848	14.363669517223	9.60002088539395	10.7134970481165	14.2249666080452	17.0612685636209	13.2060329395318	15.7328436399781	19.9067104515035	24.0752267694408	26.0963623135486	28.0469720647345	25.035278588424	23.551899902131	25.8965546936267	26.3954607650634	21.5376658206037	22.4350420770722	26.509352858944	26.1225457603198	21.7884419360357	26.1674768749301	28.5230070118843	26.4233385286568	25.8965239945441	29.0754352331999	30.692189657957	27.9232649595279	25.5573711089384	21.5881504765925	20.2845968656022	16.3595147238541	15.4989835150567	11.0950806216088	12.703148349917	13.1686282505051
156	5.33558628456143	3.03405784387839	3.44131748026827	3.39423938460445	1.32440401690723	0	1.33202439917593	3.65967539544152	4.94579700351723	8.04852502015121	8.97852777464101	11.6622599010655	13.1016109314847	7.56814237445359	14.7259781338966	18.1301768606928	13.8248725491413	20.5772621356681	23.0520600814765	20.0103231358217	24.4966534244986	23.4629123725082	19.0482860383815	20.0186483309938	14.6059949678206	18.121151012008	15.8985860377582	14.5766896447719	15.3490810799865	13.5406459964065	13.7061191079021	11.214183563684	11.0335971468964	13.6484711964381	14.1230614952991	11.1049137322178	13.7703999578807	16.8405870147094	16.2771587201207	16.2400767547447	17.3836099242936	21.8238905330832	24.0847431582735	19.5483540739368	22.4884717800032	21.8316868335912	20.5391110567132	18.0954958207837	20.3301078698565	18.1478489358932	22.1725626168921	23.3858945520585	20.9045459888513	18.2744527961852	20.4906604334755	21.6446187538612	18.4044265871013	18.41029589659	20.8522789402022	20.7396267565258	12.7439603734475	17.830436169651	22.3495273104377	20.6582830603126	17.6755334572963	22.2118052620673	18.1908948927753	23.5106107747119	25.6343104061724	21.4590072929761	21.1138762665693	22.3289619328799	22.077250938466	24.4747425318429	26.0502653537349	24.9951164030096	26.2461138075716	20.7409742297704	25.5569882419662	28.9086743556324	29.7525504789085	25.3014897980336	26.8309817561714	29.7837734009645	29.2149506417519	25.6518938871967	24.3726363161641	21.8569907581076	19.6392274797152	14.9807670364371	14.8493750036828	11.0904867792176	11.5205563667733	15.0404836025974	17.4964869902504	12.5288867422449	15.2617886238802	20.007741976545	23.3652894910378	25.1162419362452	27.9171374427967	25.7798171056352	23.5424452638208	26.0535401241367	27.3185689412897	22.6932317002229	22.4722307971416	27.1170129807839	27.4121382055468	22.956214017124	26.9453162905912	29.477521622416	28.0832037168127	26.744292606087	29.9482624203809	30.8766690884882	28.4283461003274	26.0168213661854	21.860739260144	20.3260623338609	16.6203560130341	14.8045945908694	10.4212432079863	11.3955419792127	10.9451816796251
157	7.35363787522883	5.39189113391582	3.09993693484239	3.72652291016706	3.49391828753908	1.33202439917593	0	1.33204354283184	3.81114602186796	6.88035754884875	5.47410832921673	8.65932474272677	10.2522800390937	5.84181084938566	10.9154113527617	14.1341057729168	9.66697413878821	16.8087369543342	19.11573521997	15.8585356827167	20.6539048366162	19.8180088555839	15.4010390233906	16.6067910506515	12.4573760078116	15.258978504474	13.6089697993639	13.770832727181	14.4238207490249	14.4348894349766	13.6586330575208	10.9816043909804	8.18755262578507	12.2287385285646	13.474161421031	10.0351072241407	10.4813913675618	14.9582259977579	15.6557347320399	14.0864555158493	14.1944760030091	19.6008642156411	21.5604314659981	16.2260303524923	19.5483065506964	19.3977543545638	18.4229511479567	17.1774359844536	18.4568249978159	16.3600200488875	20.5602619146741	23.0372233786974	20.6750099395381	17.5268928792299	20.0572474183274	22.2136027244569	19.2635820396934	18.6268057648111	21.3655676966469	22.0553611169711	14.1982165429324	17.6030401351585	23.1240593538418	22.3983261204939	18.957437300437	22.9427139850542	17.9569434759928	23.3826146741548	25.1330463732513	20.1182546459677	20.1880857190572	21.3297800035537	21.7755756984747	23.1803636511596	24.8346784557401	22.8412395679394	23.4540362624432	17.5356691631657	21.9976488743684	25.8506605331469	27.0861414195526	22.1106269698532	24.2133047310771	26.4590910652653	25.3758038099289	21.9362827753473	20.1175581271684	17.8881314004566	15.6784427160353	11.3426734502938	11.5326157483894	8.41691546826983	7.62114938837968	11.1204423473169	13.4374446231417	8.69667401941685	12.2619220353091	16.540313993392	19.8705462682836	21.0222314943015	23.9065447733461	21.7180371350636	19.379357316485	22.0072511232094	23.5073929647675	18.8598207308553	18.8709707487453	23.5560867717879	23.9411231357261	19.4774587664818	23.1266039443754	25.6642358351072	24.4394544333543	22.6244930329941	25.6634592368215	26.4206949567948	24.0289607765296	21.6554456430709	17.4516892305587	16.0765022937205	12.6450295373321	10.773055416176	6.39470218227558	7.69732648391635	7.26304378342854
158	7.44340150737551	7.06524769558718	3.50360514327742	2.77430135349424	3.96115160022941	3.65967539544152	1.33204354283184	0	1.32910684295884	3.1510436366385	2.80514848091861	5.05104632724746	7.15243413111928	6.27364112776624	9.52874110258013	12.5341191154385	7.3317877765249	13.9775655247972	16.6014204512746	12.8956810599518	17.6020903872239	15.7845348680283	11.1369134413445	11.6217734877255	7.08556003432333	9.70611734938333	8.80817847230629	8.90842303665469	10.210386623434	11.2181517639939	9.44208335061707	7.07457631240204	3.86907081868502	7.63896334589976	9.523384009899	6.13713524374361	7.27727222247457	11.0356053300215	11.3303081158457	9.6810748886681	10.6501902799903	15.3829401611005	17.5600084567178	12.9282662410704	15.5016676522237	14.9074736961029	13.1954771418089	12.1063368943706	13.3064240876353	12.1159225401948	16.3896933772417	19.4913512615211	17.6788018541981	14.2148519865667	16.086731706596	18.2358393555109	16.2261996166693	14.122585634366	17.0816943246272	18.4217909281373	11.3747955146455	13.3214287897357	19.3367199907327	19.3542270318398	15.8070094894638	19.4431575882108	14.3241665377082	19.365762262302	21.0191932528344	16.0165337698267	15.7366029371018	16.313269598704	16.9044144234576	17.9853740578282	19.9777798065751	17.9943519472083	18.40986023847	12.8696614563088	17.9040067861917	20.3468800802482	21.4153132360935	16.5615400552002	18.8969971159441	21.4805728508343	21.0587720677156	17.4689062622707	16.6405125221551	13.7331990082428	11.3772705865686	6.64942546390288	6.08572920856654	2.73234862343735	4.15436505377176	6.96180817029599	9.45471802858234	7.27181572923847	10.3749750361145	13.4318297338821	17.3300016733986	18.6111438122432	20.5033303148537	17.4829175482812	15.7276854304758	17.8837194397586	18.633592541429	13.922491264138	14.0288061858449	18.3815536612116	18.5425282796063	14.1018469003177	18.2548514099677	20.7635445191807	19.5063048525342	18.5432613366689	21.6938669674173	23.5248574490899	21.0255741895436	18.4203756747793	14.5590850330644	12.4826007706728	8.3678715334307	7.2299518670597	3.73018578625784	5.11116278355522	6.94320430348985
159	8.20888110524205	7.84265930663828	6.69319848801752	3.80730324508043	2.70552360921135	4.94579700351723	3.81114602186796	1.32910684295884	0	1.32798870477124	3.15607192566963	5.71717928702608	6.94579268334435	4.09599389647983	9.61414026317486	12.9788384688307	9.40459919401141	14.9286687283227	17.5695646787278	15.9871341396762	19.5719108162693	19.6246230282266	15.8119965532503	17.6724833851952	12.9445026555677	17.4922412514806	16.0671019788884	14.3668369170113	16.0245643934554	14.6190778778964	12.7115774394841	9.48485993570806	7.96966410835488	11.3276548323119	11.0755682021285	7.42843792462453	9.07057467859672	12.4471077363378	11.8963483472871	9.85152825707768	11.2046013315959	15.9129107959543	18.296954637316	14.5216192967589	18.5931280585059	18.7550049320175	18.5211152202021	16.8272449616686	19.8377945850843	18.7509867740341	22.8444677985722	24.3548585296651	22.2201342255172	19.4045460910582	21.0816852030382	22.2418189229208	19.16306355988	18.1019367195889	20.5200488547177	20.6049558601808	12.8770333928277	16.2214610316087	21.1946972613435	19.9208769385286	16.0798100735052	19.9957228926588	15.3838018057956	21.1777715541555	22.8830685223813	16.9130779576043	18.6913634869156	20.6407613473922	21.1849000233657	23.5557178196717	25.6820709055948	25.0672288456463	26.1659482916251	21.1417263722715	26.6461403021151	28.0885020782526	28.6213635943503	23.9372831582868	25.1648665007387	27.3845710574404	25.9974904173461	22.5854893681762	20.9854641835724	19.0556277514019	17.6052475699719	13.0152925821896	14.4436738401281	10.5403662649834	12.8096006573195	15.8541844634153	18.3865928056288	15.2540325815831	18.5564565852428	22.2422909116844	26.0764017072908	27.0085075855738	29.4139943564284	26.3772224845604	24.5404091856676	26.6447690363418	27.2718801882085	22.4997051758462	22.0476146782367	26.606363618503	26.1942299180564	21.7872610486036	25.5593496396133	27.9466014570645	26.0335288618351	24.4961082827456	27.5295146706221	27.689960527238	24.7992770459141	23.0543762440019	18.6953573113755	18.5583523514347	14.6763876345646	14.2389716974225	9.65980413880116	12.360037580849	13.2010984391451
160	11.2550469123856	11.6260975825941	10.1363719347704	7.00482405203728	6.77488701012792	8.04852502015121	6.88035754884875	3.1510436366385	1.32798870477124	0	1.33084709865559	3.09090811898381	3.05532862389629	3.47588305326862	6.23552002642924	9.4089451587306	6.4927849956702	11.5137957685552	13.9963358776503	13.2077367099742	16.6208290406947	17.4447077361588	14.138824314631	17.0046660361208	13.5538617744169	17.9434696198924	17.9043102073216	15.9134932997127	17.8478651104271	16.3842839330866	13.3260842335624	10.0613183032841	8.15551690575159	11.6112975157818	10.594300637607	7.00652503028427	7.19681241939791	11.002645545504	10.7988618844765	7.92775283418953	8.02872629998059	13.8192749809822	15.97976176293	12.2577556673316	16.6893416586755	17.3146931823813	18.226388698807	17.4593503029179	20.416418050187	20.6444490602196	24.594938239402	25.9313249565077	23.9470942078575	21.0836931774298	22.5919987827549	23.420886255648	20.1969544486291	19.0616729853389	21.2377046546937	21.1208946306732	13.7635609127871	16.3134082888892	21.1875264483611	19.9293094963172	16.1118585209776	19.6249117450245	14.8387563832014	20.6638261945846	21.9296200833485	15.4280001296344	18.0624705120867	20.6047873320741	21.7446910532203	23.9928162165261	26.5301793812254	26.3281058566696	27.2104736085207	22.7805536807164	27.8698570143444	28.372202681498	28.5192530933052	23.772061521879	24.1104142229038	25.745994698205	23.5548885159748	20.676702759386	18.2715988900807	17.0669192591985	16.5986985333188	12.8237240690838	15.2725528972729	12.4071184809367	15.1060997282555	17.9141374617926	20.1228233854	18.1585330905335	21.4484096613245	24.328213785644	28.2234231446152	28.5147999817639	30.6240261396179	27.5717048801847	25.6100333463274	27.5007666984032	27.8677564758988	23.2854226287607	21.9310353152787	26.5556661185518	25.8061862932127	21.5913108911895	24.5886108798362	26.8195181537626	24.9365798176093	22.5105290475368	25.1339108576441	24.8946624198843	21.8389297127858	20.4818963233388	16.1542705808712	16.9559632283159	12.5014721133153	14.0384711418302	10.3526897954107	13.6605257951515	15.3499551139409
161	10.9772177258174	12.0888433276306	9.52811429402481	6.90133146573906	8.22344976272124	8.97852777464101	5.47410832921673	2.80514848091861	3.15607192566963	1.33084709865559	0	1.32852436936625	3.0397450550992	3.05687438407272	4.0105606839942	6.79126777560714	3.01028470414345	8.89386518899405	11.3023241415206	9.72637907959586	13.5870122175554	14.1739814096111	10.1840407010184	12.4694608143255	9.33436291345049	13.2788506279723	13.5935873852343	12.0041239996928	13.9585307607928	13.4799422105586	10.0960333299767	7.27313976216599	3.93330573436645	7.58193919785697	8.03242068121435	4.76444802679177	4.11786971624892	8.42120353631237	9.61341110116487	7.24020351923895	6.27118768655508	12.4912463749619	14.3661863067413	9.55953738420433	13.6349857719031	13.8271336870662	14.1841129789635	13.3522619432065	16.211394819694	16.6509202448393	20.5487286954692	22.4498001327406	20.8200261527213	17.750976254843	18.9670351135859	20.4018595966152	17.584955871426	15.6031071585117	18.033811660323	18.8369919573163	12.1559807913636	13.0675297589101	18.8446766223249	18.6744057201294	14.692681307372	17.8106545079062	12.5279736190655	17.9969902205897	19.1395797498273	13.4674471968521	14.6633764529183	16.7011622050682	17.9311360766684	19.8777320637944	22.3417659105094	21.9318743385056	22.5333427169606	18.1174682558022	23.0354882301201	23.5648710796389	23.8416402749475	18.9617546392732	19.8053415017262	21.7251819555096	20.1199273358529	16.8184665769505	14.7516079462545	13.0357812577536	11.8697020181637	7.92521274162404	10.0782829886841	8.09772924961066	10.4208408969718	13.1529627460888	15.0797655485754	13.8510380838405	17.2237827146072	19.4432159376992	23.0716848972935	23.3207742152785	25.3240369017264	22.3583665324639	20.2813211601217	22.146588924708	22.662840841342	18.1952867248637	16.6314272087515	21.3230041738963	20.933094826136	16.6298917013912	19.7678456084622	22.1484083626792	20.4065795517034	18.3642549808044	21.2616678085234	21.5124679197901	18.432283255202	16.9163965429993	12.5858479650757	12.2570034674059	8.45152234807434	8.79053746934737	5.1617076631673	8.68554874489804	11.0511459134336
162	13.7330664456268	14.7160711468788	12.4739338221749	9.53059310851114	10.7071942636715	11.6622599010655	8.65932474272677	5.05104632724746	5.71717928702608	3.09090811898381	1.32852436936625	0	1.32834859882487	3.46215005451815	3.4868217620062	5.72165614136327	3.33362580383582	6.43802089154734	8.95532701803793	9.42603442599272	11.837786870864	13.4754012185167	10.5035907193683	14.0608629180431	11.6496122682259	15.8566131629677	16.5582329069258	14.6780199618341	16.6958321146327	15.9665514435648	12.0057286742621	9.53269809655168	6.55141122201927	8.44467204810228	7.92478775741029	4.47374798127923	4.05047577452329	6.7803658455868	6.90502903686871	3.56908797874191	3.16466333122498	8.99999344444205	11.1479684696361	7.83521493004499	12.2507422632263	13.3586655770702	14.9312230577404	15.1110698827052	18.2133654495813	19.3599900309892	23.1215800065653	24.9608223221912	23.4489934965235	20.2693791468806	21.0234194649681	22.2876431010549	19.449551280171	17.5513268159419	19.4643197928928	19.8842994847694	14.1065207971349	13.8486374058967	18.9703649147822	18.4698639139545	14.3852749017876	16.3946946601637	11.8248870184877	17.1739793000923	17.5412835049206	10.6666993020334	14.3412561862621	17.0055338346081	19.1831188548682	21.2510621381615	24.1292744607044	24.4230059370259	25.2991628517625	21.3055380828554	26.0486445136786	26.1359134143041	25.9163199933941	21.4082169738631	20.88680705613	22.1182849922864	19.4439321383305	16.9373816453429	14.5444850716689	13.7651426799725	14.2190119558287	10.6778920672575	14.0079540261953	11.6042740401974	14.5267888399329	17.2097345127692	19.3334627524404	18.225255142247	21.0407174307342	23.3863804809551	27.4899121315438	28.0382146899548	29.4178416951346	26.292105183876	24.3104070101675	26.3067778338587	26.2131039939951	21.7088375091805	20.5103391975852	24.7940883679961	23.438929220423	19.585302678284	22.3721012647449	24.3737173611249	21.70885584272	19.5314593924776	21.9243664218604	21.2970733435371	17.8808383192735	17.1192549195343	13.0830498737871	15.2050124958844	10.2567346168262	13.347359064624	9.04514969472589	13.5530244595072	15.8781322894099
163	16.2128949604936	16.9253563921118	14.6731841806746	11.8077411048854	12.5145147728548	13.1016109314847	10.2522800390937	7.15243413111928	6.94579268334435	3.05532862389629	3.0397450550992	1.32834859882487	0	1.32743286082574	3.3544272238342	6.02832024696764	4.86697421402662	8.67266441181717	11.1132024637365	11.1946554212267	14.0260718307016	15.4159141473998	12.5709047009354	16.0377537392242	14.0530157973298	17.9053381425764	19.0163320332813	17.2987399830161	19.2975609598726	18.6568740682891	14.8167953687699	12.1862319853185	9.14138063970646	11.5289205912783	11.2146081072858	7.77087569067991	6.36906405996988	9.98581498927354	9.97350921190731	6.35086616139877	5.2325639030976	11.4855140938488	13.4517544952322	10.0622147164528	14.7045725541411	15.9808467860749	17.42724665574	17.7397570727448	20.4720526083732	21.8973242885975	25.6264426130511	27.5662351800169	26.1242954546147	22.9093431158556	23.8414924448953	25.2291457049183	22.3738369753603	20.3555195708682	22.4682589668181	23.0313984812039	16.8574307354353	16.9591337042904	22.2672231991328	21.7199442678843	17.672059359339	19.6985577898485	15.1616998057606	20.4869610484327	20.6553982532412	13.6163106603808	17.4714236683792	19.9746543649696	22.0743781565869	23.8413461448803	26.6111197434456	26.7102966288284	27.4190755132262	23.4829378911583	28.0386363077807	27.9865946660182	27.8198894498163	23.1693542637683	22.754272170298	23.946986992104	21.4237873869211	18.8185812430162	16.3074776713016	15.3852077659029	15.7470249253629	12.3887731434553	15.7659978751743	13.9560226783995	16.6363930285384	19.3127888457364	21.1194752538978	20.2437922336701	23.3474415514848	25.4886273855616	29.1909529820457	29.0819322088475	31.0221201241953	28.0352558397458	25.840418417665	27.6628242592834	27.782198077186	23.4982965127262	21.5019761882484	26.0639979281767	24.9978663889541	21.0933866887231	23.5997446384489	25.6882947079015	23.3819720939017	20.9727192800552	23.0761868817186	22.2385423308274	19.3007286131897	18.3808024579995	14.206087357186	15.789269805789	11.2833770210873	14.0300958656739	10.7568808676121	14.950798306445	17.1305628920944
164	14.3900925987292	13.406382696313	11.1007614153264	9.42086216861281	8.87689303754416	7.56814237445359	5.84181084938566	6.27364112776624	4.09599389647983	3.47588305326862	3.05687438407272	3.46215005451815	1.32743286082574	0	1.3271209439987	4.68027467142688	4.97701868592032	9.20290622575282	10.8253119123654	9.98401647634858	14.0513720326522	15.2550492952334	12.5817517858206	15.5418647529825	14.4668970411765	17.2724328628019	18.5294598680048	17.8390659508843	19.5152728907387	19.890349946645	16.3059855881207	13.7161984893774	9.78297516096203	13.269701466122	13.3825752753347	10.0761969016093	7.58983873346463	12.0060807093739	12.5647281307635	8.9727219950247	6.97820363704012	13.7135560304394	15.4075243306639	11.3817611115328	15.9173375286195	17.1344697320927	18.2930861803032	18.8312941668914	20.8610939550159	21.8210958478258	25.8138956765537	28.5682143124137	27.0848236656619	23.7580204141675	24.958981669932	26.6687050304285	23.9501308973458	21.6740082587416	24.0041950500324	24.9090992410404	18.59500712557	18.6715726439955	24.3311620355461	24.0376189752646	19.9415807547947	22.0795761281778	17.3585419894644	22.5892114514872	22.6162973538995	15.7330723318747	19.2099954711083	21.4704769392764	23.4053904475016	24.7565437208024	27.2748620711453	26.4862920205906	26.5084916206109	22.3622295400079	26.4629688432723	26.4433779044962	26.5611969045071	21.4970810344102	21.8637697801637	22.9883767587013	20.4085833168302	17.6315955886017	14.2281646391936	13.701545679229	13.4147837850634	11.3538844013844	13.70414207457	12.7513224804332	14.5448147117796	17.260128099177	17.6920605357318	17.0721049083	20.9006264260189	23.3606487495532	25.9173708928973	25.4029908869015	27.6595634998096	25.1282940527207	22.4896725187362	24.1934024271081	24.9049660308943	21.1128963669128	17.9510198317533	22.7185738328796	22.4931252830726	18.6755278907987	20.4748615135732	22.6812204477625	21.2607907661028	18.2096911286271	20.0572701532387	19.4094186929954	16.9519802383085	15.624807646816	11.4468451985689	12.1821287959043	8.67814496306671	10.5082863017716	8.88847686614529	11.6727618411411	13.04331422607
165	18.4291978664292	18.825683148295	15.0758184520775	13.717687341531	14.9626187881667	14.7259781338966	10.9154113527617	9.52874110258013	9.61414026317486	6.23552002642924	4.0105606839942	3.4868217620062	3.3544272238342	1.3271209439987	0	1.33201876863653	2.83154057007841	5.2584791527589	6.51380733519192	4.0197743717776	8.71905700176344	9.31854355572801	7.95088856669492	10.5738148744907	12.1339482856983	13.4517807743064	16.5200265738285	15.6731957494316	17.8793387181965	19.0769527440836	15.8917307742108	14.1248803534756	9.27266914108338	11.3891718311737	13.0452796060491	10.0637047850183	6.85226634041614	10.6131046353082	11.9273328535763	8.69850688336798	4.81029292247364	11.5482994852056	12.5276738862408	8.36949209928535	11.4980727515528	13.0066090892284	14.1439384189836	16.2915744481618	17.1639528664	19.7143004187316	23.0520682152383	26.2131756756025	25.5689917869282	22.2668145229622	22.5802303575495	24.6604558554784	23.2670276142012	20.0396785153854	22.4014338157181	24.4145323321992	18.9731386175298	17.2864540609114	23.4435170996163	23.7832049984858	19.556864089112	20.7480836705465	16.4958355350676	21.0191411337381	20.1949053476366	13.4399846354079	17.0076506020085	18.3005237356749	20.3780438217215	20.2565533593452	23.2906924328153	22.604128251273	22.0936724652105	19.0510240144723	21.9405513604376	20.9007633592651	20.5738927041044	15.9205039179041	15.5226699378683	15.9797280640191	13.2213559818953	10.4918393525635	6.57720692999696	6.97502788524892	8.15058734079943	7.57527002819042	10.8516460041784	12.0625082797899	14.0480694759102	16.2425574956655	15.0463638796887	17.9372370503375	20.8742170392089	21.2401755642462	23.4021114859322	22.7470724929605	23.7499810736767	21.409584909568	18.6124844123508	19.3308894001285	19.7979612586751	16.5891823487476	13.5967656080408	17.2636335399012	16.2550670253924	12.9246986425216	13.7904416898082	15.6919972278866	13.8835936990392	10.7049331151577	12.1657110766284	11.4326265573577	8.87405803451837	7.62354379537496	3.86483647778273	6.76558038899842	3.86168538335271	8.61028739357752	7.48198870621975	11.793568840686	14.7931945501977
166	21.0452640515628	21.7863742967939	18.1417397456804	16.4457085283669	18.1750493809508	18.1301768606928	14.1341057729168	12.5341191154385	12.9788384688307	9.4089451587306	6.79126777560714	5.72165614136327	6.02832024696764	4.68027467142688	1.33201876863653	0	1.32968266891014	3.2401649649362	3.11871608197989	4.11550215648103	6.74930655697309	8.98187480429337	8.59272686636786	11.532760337404	13.5885337325261	15.5284225212994	18.7139708773953	17.6724352028802	19.8627599794188	20.3260860226459	16.7411155542276	15.4237327842517	11.5229928837954	11.8623431917981	13.8595416230119	11.3724187400922	8.03072001753267	10.8527805653666	12.6297126649817	10.0787606380943	5.61729018299749	10.948323752977	10.6463152780669	7.17911470865315	10.6228198233802	12.6939325663878	14.3452773413413	17.0066349993172	18.5055069101065	21.5953343340639	24.8453096780861	27.733207279361	27.1126592203716	23.7729647499003	23.8619612144518	25.8236110178263	24.1085988394183	21.0187640454904	23.0366613900539	24.7725449035823	19.7017541604802	17.7235092744073	23.4346539552006	24.2755959350126	20.0579309750532	20.5451540271666	16.5407745888758	20.5639378038351	18.8950048690123	12.7456223465157	16.7125462153437	18.0635592561378	20.5848649740531	20.9012720665514	24.3401817166594	24.4435051905409	24.3348049303873	21.5651081147301	24.7132224932322	23.4742465906789	22.7529120114327	18.5148326754524	16.8477532626757	17.0735368626421	13.6641411731583	11.3452130874656	8.39939968092958	8.74604287663855	10.4850357176311	9.81823446450532	13.7818360532986	14.8731450944311	17.0635348330878	19.2279918088187	18.9307967080099	21.0847495598122	23.8275456352516	24.5289251700926	27.2833010466109	27.0419334183042	27.8896641966159	25.2329491340192	22.7044576239997	23.5235578303963	23.5295275345681	20.206094006512	17.9265566967	21.1477518663332	19.3536896740647	16.2632327352221	17.6541335103142	18.8897866054649	16.1314171417145	13.8962257106021	15.5574751807612	14.3998147904756	10.917397034092	10.8129503836834	7.52696386333826	11.000624073206	7.12881659183345	12.4067733516817	10.4361971043096	14.9853576867554	17.9699960489701
167	15.192030476536	16.2335136677184	11.8878731907772	10.0796758876464	13.3931742690073	13.8248725491413	9.66697413878821	7.3317877765249	9.40459919401141	6.4927849956702	3.01028470414345	3.33362580383582	4.86697421402662	4.97701868592032	2.83154057007841	1.32968266891014	0	1.32763737518948	3.22734596843909	2.96696376789471	4.16558975416447	6.06163492797117	4.54523354735485	7.51563530248774	7.55295895659443	9.59810496921137	12.1696064850101	11.1499022865674	13.2451571904602	14.5296558803022	11.6204844133108	10.3134623187366	5.22459998468782	7.28363817058481	9.94735934808832	7.55128194414697	3.37088282205122	7.25645202561141	9.25556837800899	7.17262762172972	3.74633727792894	8.8288822055796	7.55672852496369	3.62315125270806	7.19402432578595	9.26688831269699	10.2461872908902	11.7998116086656	12.9477278701709	15.250692869506	18.6538332253722	21.7438598689377	20.9804858380353	17.648388963302	18.0195229126634	20.0936490961697	18.7700351890986	15.515034192679	17.9832737286624	20.071484798091	14.9958581948483	13.0274185854297	19.5974840477037	20.6690504377923	16.4348129590817	17.2742035995874	13.1301397555395	17.1825476574343	15.3399833767837	9.66629655038578	13.0413671445903	14.1909635331784	16.313484330455	16.7766361646189	19.2873259162591	18.7866032320907	19.0228379849065	15.5210421364031	19.4914971461917	19.0997668572158	18.9167656326339	14.2106928050676	14.1185431613889	15.0547331095573	11.9118757968676	9.73002060635023	7.73330110625469	6.99994642836643	6.82194143920922	3.62550368914445	7.5893929269738	7.76492646455844	10.4483220183913	12.329932765429	13.8482644038883	14.95205169868	16.9371724027359	18.0747841480887	21.7905024724076	22.1163218687014	23.0440295738397	19.9870579625917	17.849581563723	19.4841632614798	19.1831056140553	15.2249920197023	13.8301259936416	17.6184399422877	16.0253331010622	12.2998713407905	14.954841523734	16.9579428587314	14.7561065664355	12.6259007599458	15.7142521616525	15.1702776836813	11.2582070064465	11.1124293473569	7.22036024032042	8.33091597604969	3.63345028863751	7.96543602070847	4.06225577727449	9.98020205206287	13.3655534864816
168	21.4753491007713	23.0559867496492	19.6301760053241	17.0232729226785	19.7282450309195	20.5772621356681	16.8087369543342	13.9775655247972	14.9286687283227	11.5137957685552	8.89386518899405	6.43802089154734	8.67266441181717	9.20290622575282	5.2584791527589	3.2401649649362	1.32763737518948	0	1.32646108122327	2.94639644311488	3.19589643136319	5.94317474082666	7.97363010177924	11.2319121257246	13.3934375348527	15.8283476711879	18.9395098669422	17.4718114401455	19.5952607280434	19.3874135974864	15.6153084183438	14.6089282974488	11.3869652673572	10.4957527124071	12.1325385225022	10.0125829334892	7.21376593742824	8.83921382250707	10.4166756213295	7.52766471091799	3.74965145046842	7.36636864404708	5.85851482886235	4.49704625281973	7.24651647345123	10.1298979757942	12.7700810099232	15.9582176323047	17.9896316249111	21.2104668736923	24.4993752777494	26.7339256750669	26.17955868612	22.7810122250966	22.6107546534829	24.6093253259816	22.680417037612	19.7472039792979	21.4213878401937	22.9366804921724	18.2898221423829	16.0480539630199	21.1797391154849	22.0486568071617	17.9231111696603	17.4130590936802	13.8409576619539	17.5191241219417	15.0065432395339	9.27474743591436	13.9907717085227	15.578586264485	18.6414231484616	19.254484802248	23.2406803902123	24.3928356285201	24.6315503775138	22.1759031383166	25.500001372549	23.7487748315571	22.4517219829571	19.1511189229246	15.8842995124116	15.2998840845282	11.6720319996134	10.2262705323104	8.40530273101451	9.02877383701685	11.6829579302504	10.4958906244301	14.956720262143	15.8113663229969	18.751175776468	20.0386350333549	21.2213586746938	23.3012954146331	24.9683802237951	25.6934701626697	29.2523587425014	29.0672964515106	29.6882284584311	26.8013982844179	24.5307559606303	25.4273327936691	25.0651541786601	21.7120061486727	20.0334896361068	22.4580510285287	20.0816690790382	17.3432841757263	18.7719913967592	19.0351122140112	15.7514238721457	14.7043238198837	16.5204879165235	15.2876578650884	11.2671551422708	11.7938211789055	9.88041603375081	13.3158534837238	9.05041269777241	14.990714626061	12.3848299947961	18.0532816130475	21.3325447614672
