11	12	13	14	15	16	17	18	19	20	21	22	23	24	25	26	27	28	29	30	31	32	33	34	35	36	37	38	39	40	41	42	43	44	45	46	47	48	49	50	51	52	53	54	55	56	57	58	59	60	61	62	63	64	65	66	67	68	69	70	71	75	76	77	78	79	80	81	82	83	84	85	86	87	88	89	90	91	92	93	94	95	96	97	98	99	100	101	102	103	104	105	106	107	108	109	110	111	112	113	114	115	116	117	118	119	120	121	122	123	124	125	126	127	128	129	130	131	132	133	134	135	136	137	138	139	140	141	142	143	144	145	146	147	148	149	150	151	152	153	154	155	156	157	158	159	160	161	162	163	164	165	166	167	168	169	170	171	172	173	174	175	176	177	178
11	0	1.32929868727837	4.24854257363628	6.68615584622435	9.88098780487052	11.4369727638042	15.8513252758247	19.1163309502634	22.2902024665547	25.6140802879979	29.2127371706247	32.6688423119032	34.4873030838887	34.307524509938	31.4162801903726	28.2164106505416	25.5557161903164	25.996785205098	26.6769768527095	23.745648885638	21.4276630083637	23.8232711649765	23.4493531893739	17.1292594994647	17.3611836290041	20.0910496490353	23.7954033586321	26.5030153190161	29.5760707329422	28.6181325910689	32.877537210077	33.4871138499573	25.7807825327316	30.9536889723988	31.9452303482069	30.3933754295241	26.2491686154057	24.4628806357714	21.1105204341343	17.4405210071259	15.2379915671325	8.90665369260532	11.4096570938832	7.94780435088836	11.0296246082992	13.1448806004467	13.2031165260328	14.9591148468083	12.8843682033695	7.86831678315	7.11687382212162	7.84756076752516	6.83852893537784	10.5128375332257	12.623973740467	15.8076441635052	18.6788848971238	21.6811700330033	24.4028720031065	27.6504010278332	29.7562795557509	29.7856752651337	28.7100772726233	26.038003936554	24.4911315377628	24.8694258478156	23.5946348350637	20.4789882074286	20.0632475187842	20.8565980687168	18.5193826300987	15.7319991100941	17.6816913500943	12.4042822847596	18.0507261072789	21.0637468889084	22.2033560976714	26.198458542441	27.273492588959	31.7012145824099	34.7687803208568	36.270907046833	39.0315028406542	38.6056566969143	40.3459370445154	38.949539509473	35.6294107023959	36.6150693157886	37.8189889605738	34.5952484309623	32.7366156772505	34.5534995333324	32.872643276743	29.6172456686978	28.2478736544895	31.3836821612761	28.5257393068085	25.642439217048	28.4013093712244	28.5290913104501	24.6378495408995	19.6427925458678	26.2431220132057	23.1302549272592	27.3721285617323	23.1966448867072	22.1144226693803	19.2415677635685	23.0242291076162	23.6726871520746	27.9701631386018	26.658920495774	31.2861159142518	30.5717619053924	33.5514307742606	34.207154076304	35.5822185929995	38.7913073896717	40.7670553511043	43.6003833125352	43.232329314993	38.71065632355	42.6300634177337	39.0834986791101	39.664958515042	38.1363699111491	40.1333148518784	38.7486798355763	35.4940001126951	35.9604527502088	37.5106045005942	34.8643947602708	32.5782012087838	34.4390428148054	34.9917437547774	30.7136959840394	28.8080100319338	28.112177379207	26.2392703023541	30.049753426609	27.6457789183087	30.7763103376607	27.9484185956916	30.150581918099	29.4861795592444	31.7014777888981	31.1787057621063	24.2430618115782	29.115805570171	25.6863696539624	22.9596462298529	20.9230724560233	22.1990603629974	21.1860060653253	17.7768590307737	16.5693995666711	19.9146263083192	17.7303380678429	13.4982541463702	16.7370976575988	17.7872445308429	14.0045271608862	13.2689370335381	16.2050856832045	17.2466178713393
12	1.32929868727837	0	1.32926521055807	3.42951570925109	6.6343004152661	9.52419203922307	12.6862329712173	16.249468729777	19.2485603877277	22.4912962943446	26.0932079476633	29.5758065655021	31.5142346250072	31.4371955174122	28.4031783256733	25.4259773066838	22.8011563303268	23.0613142730418	23.2107754932919	20.3395754134643	18.4137414177565	19.9778402486355	19.1968866746668	13.3851140450876	14.0821900995548	16.9568382960975	19.3576882400766	22.1448458111589	25.4150838873296	25.0529381510433	29.3981405194274	30.4392841078761	23.862574295327	28.7725388000433	29.5843299400206	28.5492226514138	25.0068424436193	22.6634120334958	19.0971055922095	16.0290404890623	12.9054185906541	8.22144658804033	7.88089499993497	4.51259659176399	6.27313908661366	8.26100048420287	9.11627319687162	11.9250836894338	9.06566379257471	6.29436104779508	2.94426425444456	4.33873771965995	4.6058082895405	7.88764895263475	9.81337276373419	13.0819503133134	15.90921861689	19.0801165090782	21.8136520096934	25.2410412820074	27.3526893193338	28.3689654904792	27.1266665294503	24.8082347014051	23.0149922441873	22.8506984138341	21.750957611103	18.8958687019147	17.8451309045353	18.3439095887436	16.5103957856861	13.3861691308604	14.749362325199	9.41706918313761	14.7983554829582	17.7931030739441	19.1436026912387	22.973142579978	24.1891139564888	28.5733602154174	31.700685970496	33.2653995015842	36.0350936449456	35.5699826679744	37.1522568089746	35.7682145766321	32.4384666869444	33.3941611812604	34.5699038760596	31.3727839376744	29.4767778429054	31.3161008747896	29.7870512135727	26.4174672707283	25.1089898044505	28.4992082346159	25.8160439068421	22.4476406555344	25.427247157331	26.2982106235386	22.4696633263607	17.2158565572556	23.9304683405904	20.5190632827135	24.6264514902168	20.5151174746819	19.0670753132199	16.3316279960082	19.8699230245112	20.4967384234663	24.7726380508819	23.5544681111674	28.2150365762655	27.3259165445553	30.317349125542	30.5117824290879	31.8211017565389	35.1199984908883	37.2248838950506	40.0055363918546	40.229322104654	35.5058326757731	39.5927615227834	35.9288167770663	36.5287624345529	34.9702773938097	36.9439916901247	35.5576482208821	32.3257022506859	32.8358151109425	34.4403583750228	31.7238096230576	29.5693669360708	31.4014620360263	32.0255083956524	27.7779405644119	25.9855617218485	25.0526744680084	23.2315628832845	26.8490679540277	24.4836063724281	27.363867142639	24.6899826042871	26.1925155912906	25.8725421441342	27.7726101582116	26.6417577122832	19.6447230828027	25.114638639646	22.080241325674	19.3294200119921	17.02478220125	19.0249780551779	18.0705463116088	14.6769454587799	12.4070112839475	16.7904511255654	14.5910245013844	10.4486220144094	13.6786852438383	14.9991117070312	11.0317149165486	10.9567578233709	13.8357761618205	14.5711304640374
13	4.24854257363628	1.32926521055807	0	1.32721701315196	4.19412458088693	7.46426962267575	10.3526527035345	13.9107407063751	16.5483475005814	20.0322913816668	23.6520387704739	27.0896364132116	29.1137465297752	28.7823133364919	25.6992157467888	22.6370255334043	20.1744488152713	21.0051098069017	21.4902849911303	18.3531123791034	16.5012384080711	18.9352347226011	18.6870834000386	11.8174178228579	13.0660394152168	17.0510249252061	19.5936843396029	22.1936597703038	25.0271614650963	24.3455424667433	28.2493460101292	29.1402091447539	22.1401572939309	26.8394889295605	27.5850673191131	26.9712923494593	23.4609771322509	21.1854023327385	17.425760385131	14.8027858864472	11.1399039493166	8.23576408112811	7.32407263754259	7.5651607385435	7.34686763185509	9.50696770794979	7.65827252061455	10.9011822294648	10.4746640041578	4.32185828087872	4.71008598647626	3.717394921178	2.86097081425169	5.36568001282223	7.53996856757374	10.9522016508098	13.885487171864	17.0778658209977	19.8500346347305	23.3587565165614	25.5010537429338	27.2920549244647	25.9252300664816	23.8761949648599	21.9699879153358	21.4193968402474	20.4318182744464	17.830916605716	16.3695115993117	16.6117302530471	15.1313394648326	11.9353118518118	12.789723843774	7.25750459868955	12.3496978910417	15.2145727511488	16.1244809218778	20.2012964187945	21.3255124440188	25.6934334217909	28.7909574345835	30.1398666387229	33.0141117857198	32.8838948118984	34.3697886376975	33.1484632977156	29.7432025847924	30.4978881563954	32.0467811956209	28.9638176523745	26.9747879509738	28.91110764049	27.5544272486292	24.1267946482744	22.4930136264574	26.3692351235298	23.839619753679	20.1489998262941	23.2050233785704	24.4760041877754	20.8693530565756	15.4501874422287	22.0389206178524	17.9782273041588	21.8288883363308	17.4671653681987	16.6834682845025	13.4077803532128	17.0687608220398	17.5014310843428	21.8367571081422	20.4836732301606	25.1128338106236	24.7064783609482	27.6316040070062	28.3038374960004	29.8905154689577	32.9682039243875	34.7158211914971	37.670119060072	37.2287970393887	32.5927441925346	36.5234752453816	32.9115589724948	33.4632185092827	31.9943510170155	33.9398064520115	32.6263498111572	29.367353626093	29.6849824995738	31.3002970592932	28.767667302025	26.3651667925693	28.1791414702436	28.9170311927072	24.6994714720781	22.6176249858379	22.0395401721542	19.8690936884398	23.8101204112873	21.5257656542108	24.7442937462357	21.9064818946357	24.5663824972258	23.9900632345978	26.291443417964	25.9965160358076	19.4079623093204	23.325827423695	19.7741779348725	17.1295089246598	15.1389852367984	16.2204223742787	15.0112010845235	11.6393320255073	11.5108387617932	13.6203175073124	11.5259844698837	7.45317744321172	10.4288104786692	11.5408544744313	8.23225491587815	7.28129452776084	10.1692685085998	11.6616585441351
14	6.68615584622435	3.42951570925109	1.32721701315196	0	1.3276995141974	3.64898917510041	7.23560771462909	10.7104768334561	13.6711883170411	17.0282037220606	20.5870215912842	24.0150009993754	25.7404406139444	25.7119137366319	22.9630153072283	20.1871951741692	17.3483929226888	18.2142567786885	19.4097149128986	16.5634969133936	13.5144912223879	16.4884838599551	17.4608554773241	11.101122195526	10.8580957814895	14.2854817559647	18.5169062210727	20.8735369786723	23.370293900591	21.8288599793943	25.6523668303726	25.8153079586512	18.1722239420496	22.8826808307069	23.5823213658028	22.5332991148655	19.2761313027277	16.6900446374478	13.1060256752381	10.1538686223528	7.33135308111675	3.92049040299807	6.85465433118257	8.36785378696354	9.29291116927306	11.5694323110514	8.95272478075809	13.0751529627764	13.1134407765468	7.56522940828631	7.26284386449275	5.64054119743842	3.40012529180911	4.6463281201396	4.18906111199156	7.29137428747146	9.95264618079031	13.0884135402271	15.8919860621635	19.2206611228646	21.3745100060797	22.1879795159451	21.1112310631095	18.7653381797398	16.849177902794	16.9219540833794	16.0390492548655	12.9866019420016	12.032451828285	12.5810192750826	11.1774473830119	8.05653207031412	8.74806618630655	3.22402062648489	8.61671689218115	11.7850526515582	13.8828517603553	17.3442786243764	18.9310936292651	23.1932197419849	26.4462241350254	28.2333592758637	30.9563289490211	30.0831570816628	31.5605556826872	30.1345489928089	26.8334513620593	27.6294261612506	28.607118502219	25.4519454069822	23.4198729501251	25.1491667655213	23.7049573929168	20.293571543718	18.9818400583294	22.358725254361	19.7930388268199	16.2357254842523	19.2481567688961	20.4069010141178	16.8181539117705	11.3987177349033	18.0673923408997	14.7335381018953	18.7094074197982	14.8056587155047	12.8890980289545	10.5206968400387	13.9878663133446	15.6534777286071	19.2455009028084	18.352452588142	23.0654346804911	23.1944582389846	26.063225913152	27.2350644207059	28.6273864856714	31.6263974869096	33.3184887712513	36.3007060675133	35.3126758827478	30.9880454530453	34.4028259740388	30.5356433533011	31.3226663296725	30.1798638499248	31.6504914021884	29.9518926613995	26.8169839281005	27.4841222890599	28.7476636268063	25.8791366548423	23.901316532777	25.8639906820274	26.1552201481846	21.8999622602415	20.445496325597	19.2135350989869	18.6607542184125	21.8916974673048	20.0602078254439	23.4965741545443	20.593915023618	23.6819102903461	22.2806136809559	24.9475917274594	25.5348656350489	19.1762228554009	22.603942443742	18.9912200766565	16.4382415422088	14.8564036361429	15.4625101778463	13.5394334815014	10.5586303562536	11.6160593576307	12.7092159474926	9.67727099961554	7.21299084984862	10.1577362143344	10.1920864399788	5.43146656069979	7.87572383974959	10.2724776952788	8.63195400821853
15	9.88098780487052	6.6343004152661	4.19412458088693	1.3276995141974	0	1.3300526305376	3.67811419072328	7.22285435267803	10.1545021542171	13.3424191959329	16.9596976977775	20.4187303474041	22.4784446748435	22.5091176415247	19.2746401263422	16.7922070318347	14.2401063549399	15.7047239389936	16.6314811427004	13.5596929906248	11.2227237781209	14.1965309847159	15.1196901423277	8.6711894224495	9.84438052901248	14.367929043533	16.9788049049396	19.0900022786798	21.2854111776118	20.1480524120819	23.4752667290491	23.974919749605	17.0934762702032	21.0953263544322	21.3924303668377	21.068812519931	17.6418432710417	15.6270955074831	11.8341107397218	10.0405625340416	6.97114839893686	7.01931000882565	7.30055025323434	9.33033836471111	6.90144122629469	8.67274080092331	3.91549920188984	8.41578398011736	10.6296256754413	5.46223635519372	7.67560355933004	4.48504659953495	2.91358112981259	3.48732361561126	2.89059751608556	5.36775139141149	7.6273558983438	10.8881043804695	13.3926224840395	16.9446739124717	18.9937551316216	21.8396404961254	20.5113605838326	18.9721733863045	16.7234839073681	15.6855275333665	15.2594226299687	13.0594071075221	10.7645590248742	11.1361769472292	10.7813544139871	7.25565062554696	7.32261654055434	3.42505240835816	6.57133920901973	9.11569926006777	10.3182716575985	13.9935291831618	15.0904061244222	19.4688809385645	22.6254639731432	24.6510492068796	27.1483926780206	26.403150342336	28.0245986411938	26.6007575268074	23.2797476360892	24.4632385427604	25.656277535917	22.4444933781095	20.6565169861717	22.6963764508787	21.2281547478814	17.8573445114328	17.0999882163702	20.5686912563731	18.0387744871984	14.30808222649	17.6191364714619	19.3214600897551	15.7047268043733	10.8794200672646	17.480872318051	14.2407133599409	17.7553313120313	13.5027640874008	11.6542584920706	8.98003195985404	11.7015962159015	12.138563382872	16.1718455038378	14.9478754008722	19.609707544989	19.3953211110309	22.2593315712759	23.7700542910613	25.0451629860937	28.0020867793813	29.8857794444114	32.6314380620898	31.5047344537293	27.6071426627241	30.7633650630096	27.1569434215267	28.0066662957232	26.6451539684048	28.5093903477433	26.9794019948553	23.7670963518895	24.4805753404613	26.0948146190005	23.3733502519429	21.1636266504586	23.1751982515792	24.0386878801652	19.9563856697549	18.190344829057	16.9308441904118	15.0111225762766	18.433981040459	16.2004521541838	19.9473690746424	17.1681564240311	20.2693201415341	19.0304051979983	21.7710621008714	22.4684965896697	16.8151377930721	19.2129919065199	15.386823583833	13.2140711743202	11.0029823684308	11.2862502630413	9.98960114318885	6.80338526029505	6.98031023665854	8.48303400912669	6.30953587833527	3.56972884124271	5.62126685009705	7.27972506348969	3.92478139518623	4.45469909197019	7.00258280922118	8.43050443330647
16	11.4369727638042	9.52419203922307	7.46426962267575	3.64898917510041	1.3300526305376	0	1.32971387899803	4.26745978305596	7.6603478380554	10.2728325694523	13.9505626409833	17.5498019646946	19.9926617287444	20.5796031788759	17.2128531917286	15.7121585404425	13.2261674720986	15.0127737610343	16.4115987642886	13.7360442995791	11.1284396480369	14.447520029403	16.0970344163141	10.4991824919848	11.4388031279501	15.5875522132245	18.4901938064478	19.7747513764396	21.8415947448899	20.5252132510237	23.3097980042728	23.4002134605648	16.6110912344734	19.8592391848228	19.588587340592	19.307898746368	16.2754971967065	14.3358621993935	10.85989806582	9.29173918058401	7.75305172174158	5.09079217804066	9.47680035666047	11.6298249771869	10.419117093113	13.6719553100498	10.1757757935206	14.7960028048118	16.9765227593874	11.9560646117358	12.2745343292526	9.07803734295029	5.61344644581206	5.71226723814634	3.61297287562473	5.72824528106121	6.27946279549453	9.39064353492347	10.6912318279981	14.6702721515315	16.4233286820912	18.1671620788719	16.7940135167267	14.4669464988297	12.8251054186701	12.2579564773252	11.5057044982044	8.67893691646621	7.35010550944679	7.51784437189278	7.10189242385436	3.42901749776813	3.8943921220134	2.87064261098452	3.12693939819754	5.68246935759446	7.88571861024726	11.0602066436392	13.1477691263575	17.1029368530671	20.495049451026	22.8533081631522	25.3399761838878	24.0007654044616	25.0278166247078	23.4295454714768	20.2159548377018	21.1223254401593	21.9743753722375	18.716362760964	16.8845667696865	18.7449192316211	17.1998328770951	13.8320211827484	13.6400560849287	16.5166966733666	14.0257199458709	10.3372586307976	13.6698363194297	15.5310672202524	12.0870951431682	7.76021069301601	14.008937861237	11.8033792195286	14.8135259138397	11.8398387657941	8.27435254264646	7.29366122053938	9.31023963171733	10.693832287819	13.854359422218	13.2120376551083	17.8037416853874	18.4319880642322	21.2266546822621	23.1974614559438	24.5096565867415	26.9640965174063	28.7803356651725	31.6226355795971	29.8316469709602	25.9245339013067	28.5183524068274	24.6304062491872	25.8718915620795	25.1316743174823	26.4999970188678	24.3773223303955	21.4807313888517	22.6706418524046	23.674873051402	20.5724897375111	19.1586224191616	21.152123061291	21.3185024567862	16.8862634114241	16.6182036935404	14.4556371357336	15.4592094235119	17.4959950274341	16.3775446572433	19.3042166896251	16.6052182159705	20.0212093041355	18.7190531010519	21.7017636610484	22.9837390343695	18.2113385559656	19.3526133119018	16.0491338084022	13.7050316672381	13.2980296660821	13.4512114324324	10.4607726292086	8.42236783808449	11.0089797438273	10.8575264678471	5.97547880926709	6.84359065111291	9.78539263392124	9.3398710911875	4.0459535340881	8.59392872905053	11.2123271893037	6.55374122162296
17	15.8513252758247	12.6862329712173	10.3526527035345	7.23560771462909	3.67811419072328	1.32971387899803	0	1.33073250505126	4.27119304176245	7.41332813249218	11.0000217272513	14.362462811092	16.6087608809327	16.5840666303534	13.0477296492532	11.224862137238	9.17030152176034	11.1744760056121	12.1850778413599	9.4213301608637	7.4994913827539	10.9766430660744	12.4940329357658	7.74768145963681	9.70503225136321	13.7639468176828	15.4888641610675	16.1040662566943	17.6102469318292	17.2169413369506	19.4950443190058	19.7213599429654	13.1166754171932	16.0493495506827	15.7796865621596	15.6876610111259	12.5366858060653	10.9086264488248	7.50573713901573	7.45147213643049	6.8671049941005	8.78577725645261	9.68198512702844	11.8994725093174	9.44687345104188	12.9606059657718	9.62637283715938	13.6662390583511	16.6249495036827	13.3270159450644	13.5601941726511	9.58165022321312	7.60308792531035	4.13431239748522	2.76328862046656	3.39599911660766	2.87418249246634	5.64966565382413	7.43974327514061	11.0540745881326	12.9950649478946	17.055015362057	16.2314291114492	15.3950162390301	12.5557522275649	11.2530666042639	12.1371048442369	10.5973927925693	7.38005887510391	8.39722954312909	9.78986445258565	6.54596814841014	5.49453847015379	5.01437344042105	3.42578283024479	5.15585473030418	4.19767518991167	7.78324058474361	8.65677087602531	12.9916807996502	16.1841725460402	18.3257616758486	20.799272246884	20.1207748608248	21.6101214249249	20.3174885258981	16.9255908907193	18.2356124383032	19.6658524859717	16.6081349344229	14.7096381328706	17.1931310121223	15.8941529815212	12.363407944414	13.4461237165214	15.9346819547803	13.7217903350838	9.63201479442385	13.930798002986	15.9499710658045	12.7719067096499	9.79212408009621	15.5095925156014	13.5939350079364	15.9088888989772	13.0745758631016	9.63365133269831	7.84866103230353	8.8041532244731	8.56527629443441	10.9134704837645	8.92236056209342	13.4637134921982	13.6051745303028	16.3609533646423	18.3198857529189	19.6694056849718	22.18545404088	24.0916233990157	26.7614631326465	25.2181589732478	21.5670930122722	24.3928806621932	20.8412907709671	22.1173618227853	21.6441317913193	23.4594866312117	21.4648397385119	18.5663533306894	20.0442127807505	21.5258725490977	18.3586628325703	16.7664656979341	19.2879144803164	20.3854083599029	15.043413475671	16.1707895601916	13.5860706607908	12.8009565658196	14.5126165800658	12.7422057745117	14.9663823618134	11.8681962403728	15.2101831021194	14.106984830218	17.0796008735567	18.5439536776816	14.6708806143326	14.7457001868341	11.7049913284889	9.53500094389088	9.62803126293221	9.83336493780232	6.85957148807416	4.34517249369919	7.44979288302702	8.12797791581646	3.53386332503112	4.90256565483829	8.12305853727523	9.0229974509583	4.13718044083165	9.28049837023853	11.7816342669428	8.71105108468548
18	19.1163309502634	16.249468729777	13.9107407063751	10.7104768334561	7.22285435267803	4.26745978305596	1.33073250505126	0	1.32889201969159	3.76243458414894	7.27659439573211	10.8187021864917	13.3472234191235	14.0963115033685	10.5063780628721	10.4282597301755	7.16681365740731	9.7712337501464	11.9829658265389	9.49462806011905	7.40922357605707	11.7023449786784	13.7388861993977	10.8102239107245	11.7294828956779	15.6089211991092	17.5554699737717	17.130303937759	17.7949109017157	16.8201389708884	19.037486021006	18.8009021857995	13.1523091128516	14.9701057444495	13.7303209722133	13.689954346162	11.6006057169443	9.39345122944703	8.15634213357924	8.02336325988048	9.07027028263216	10.2196685856245	12.4406471696612	15.0590185935206	13.6709406040696	17.2741802699868	14.0831763817684	18.0177437266712	21.1840263642208	17.5123354524746	17.6801783079244	13.8795283061061	11.0815328813301	7.90000765822414	5.28589793696398	5.44904413636006	3.53972159922218	5.86813471215513	3.94727627611749	8.31697883849658	9.48767078897661	13.2098942842098	12.2385259324806	12.0830252006689	9.40752576398279	7.33775456117197	8.6987352528974	7.35765907065556	4.01697821751625	4.35043365654506	6.77335101703728	4.66396344325296	3.60693221450029	5.03476871365508	2.92464305514365	3.40223852779314	2.96297586895337	5.32476356282605	6.8651217760503	10.5963337527656	13.9142643355659	16.5732698644534	18.9358724383114	17.1760719607249	18.5069231640486	16.8311832323221	13.6266742090651	14.9952489809273	16.0198678209279	12.7190362449362	11.4901158827925	13.5720443927951	12.0072879535722	8.28758945653077	10.5933573054061	12.5520566442317	9.25071791808614	6.58925253727614	11.1870324036359	12.2960209010883	9.40482812176809	7.63470935923562	12.8337904377468	12.8005089742557	14.5767023019612	13.2783398435196	8.62075779731689	7.38388603649867	7.8588887255133	7.49189495388183	9.73785166245615	8.44789364279641	12.3780382128995	12.6729407400177	15.6777371453919	17.911227121557	19.5454508517967	21.1359954106732	23.4242722192174	25.8925524041181	23.4604310488959	20.4148420028175	22.2475711033811	18.6888693076922	20.4924398986553	20.4330338912262	21.9074291965077	19.4282501528058	16.9129509252525	18.6541176419578	19.7102727023245	15.6368243579059	15.5001266123861	17.9264522424266	18.4682283665759	12.229022855486	15.4622053407656	12.3175996444112	12.2977939485096	14.0844495810095	13.0016505490649	15.0739243065633	12.5219742053719	15.72946550268	14.4837934947996	17.6545366690831	19.814893110991	17.2558949057996	15.9850699404163	13.5180547047273	11.9821785164468	13.0578840935276	12.6915646789511	9.30268907359587	7.0229777160404	11.3059779320499	11.4399892482467	5.33373546400644	9.44464086135624	12.0410283198737	10.9563723010858	6.90084494826539	12.4698495981307	14.7390683898271	8.49257675855803
19	22.2902024665547	19.2485603877277	16.5483475005814	13.6711883170411	10.1545021542171	7.6603478380554	4.27119304176245	1.32889201969159	0	1.32991315505938	4.57682346174724	7.95402275581356	9.81411544664113	10.741535318566	7.79466811352478	5.22051884394645	3.79543976371645	5.82743691514546	6.91863230703872	4.03551173954432	3.51693247020752	7.30046340994871	8.75833991119322	7.50554528332219	9.0705030731487	11.9495373550611	13.069947130727	11.9851456812172	12.2270057659265	11.9400627720293	14.1897797727801	15.0769032629383	10.0617627183312	11.9177200420215	10.4586777366931	11.4829956021937	9.18130638852663	8.19533489248609	7.16493161167642	8.6240453384708	7.42945092183803	10.8683810201888	11.7792194563137	15.016952720176	13.2027909549459	16.8621856827637	15.0629684325501	18.4989212928754	21.3763716518964	18.9037400796774	18.9137499983478	15.034526796677	13.2525137615473	7.933810559876	7.48181568872155	3.6670872637558	2.86766873958622	4.13116400061774	2.54465970219988	5.86536929783624	7.17562659284888	14.2320295460626	13.9674336583354	14.5432167349593	11.6262223443387	9.17654760789699	11.7910774740903	11.8389800658672	8.45073736427775	6.13145423207252	11.0226991703484	9.67000935883725	8.22509580491316	9.04233647903018	5.74990312961879	5.65035405970281	3.66148275975731	5.96838579517109	4.26492872156147	8.76563751246879	11.2714095835437	13.4077144211831	15.655503920347	14.374062021572	16.6243197154049	14.6070140001302	11.6934860926928	13.6900691378824	14.5029095356759	11.1539384972305	10.4190275937824	12.7097157324623	11.4748798250788	6.85077499265594	10.4598112793683	12.8322005127725	9.25997429802049	7.53766104305573	12.8938446554936	13.8679511824927	12.8777166454306	11.5970378114413	16.2086550336541	15.3131750789965	16.7516131760496	15.5176581351698	11.3868093863031	9.60512930678187	9.36548050021994	8.55335665104642	9.92045256024139	6.79892881268807	9.98303250520602	8.24612308906434	11.059262452804	13.3601156057873	14.3141382206544	16.4110113643249	19.1007099606271	21.6298492366452	19.9624730181408	17.592860881619	19.6262334134698	17.0781320699894	18.9547689777533	19.202350533203	21.1308572708255	19.3651847138105	16.2083456897982	18.2089266844589	20.2724284929063	15.1952883486955	16.3185500887793	19.1022120446822	19.689937125344	12.5957378108628	17.5230034526048	14.2168919950881	12.882978459968	13.1175067752984	10.6030194284458	11.5626108643334	8.03669073686427	10.6522985782412	8.69635452359205	11.9028401232647	14.1413183614541	12.2980171979063	11.2775435711861	9.69623148444797	8.02800112107616	10.0922594596057	10.4918353971076	6.46570846852841	3.77271281705883	9.91978603599896	11.4352483576003	6.69484846729185	10.4840372471677	13.3191672787754	12.8739672595513	10.1011540924787	15.4943737208059	17.7048011849893	11.7934053182276
20	25.6140802879979	22.4912962943446	20.0322913816668	17.0282037220606	13.3424191959329	10.2728325694523	7.41332813249218	3.76243458414894	1.32991315505938	0	1.32793109761011	4.77635279266513	7.66824138900179	9.18949579683238	5.13343793183476	7.46619133159605	3.5212737752126	8.31580356910864	10.644540055822	7.6488254653901	7.94549268453505	12.1195289512423	14.0603317884039	13.0070862993985	13.885193480827	16.9434424188239	18.518824098738	17.066653948563	15.4214228591268	15.1677246151161	16.7994568364575	17.1095661546399	12.5635346539101	13.3523467974735	11.1843705231899	12.9214734066979	11.0640478126226	10.318332278038	10.0001673485997	11.9184412571443	11.6652513046226	15.1799546112628	16.7644356302263	19.7586620498454	18.3054354223001	21.7425755604068	19.0052895268659	22.2185109312033	25.7960863310697	23.1357187482905	23.2361480026273	19.2889994815698	16.9885307781456	12.5369880354095	10.8611033509492	8.14747181645939	5.64103022505641	6.65282451294185	3.83988932132164	7.26706777180453	7.71121404190028	13.2920347953201	12.3264658763167	13.2933391967556	10.9169943665828	7.54751329909395	10.1043472822345	10.9333847458141	8.23889683149389	3.83833792154886	9.71592795362337	10.477651358964	9.11658817760241	10.2899549075786	7.41906591155517	4.34664675353312	3.01068048786317	3.70228051341332	2.87377747920746	5.49741593842052	8.49107396034212	11.6041656744464	13.6965949783149	11.2474166367215	12.869202617101	11.0994698972518	7.96994473004675	9.90589607254185	11.0408580735376	7.77165297732728	6.76537020420908	8.85958881664381	7.75493887790226	3.82372344711277	6.33882370791301	8.82884080726343	6.45045130204081	4.16061269526497	9.55581969273175	11.0271075083179	10.0136306103231	9.74012325384027	13.5865002484083	12.7146245717284	13.7014795186505	13.7646190648343	9.91323186453338	8.92718511066058	5.75722789196328	6.9289414054385	8.16022236216637	7.03416199699723	9.21389760090701	8.97338832325894	11.6288529528926	14.3692594798758	16.186673407467	16.5859020556616	19.3461730582562	21.4429120457087	18.1902796570036	16.3444556042714	16.7334538275874	13.6298803369655	16.4766150043023	17.2826097855619	18.7359396081435	15.9366887715109	13.6511147163885	15.8215313418139	16.9359165385284	11.610841399313	13.5978301577862	15.9051381320629	15.9595580765885	8.74760773011685	14.7115892071523	11.21846072329	11.8045022343172	11.6296975455082	11.0891391009402	13.0254251370157	10.3478384699414	13.6368337234125	12.4748645283225	15.4783395104255	17.9135151212709	17.0248086626546	14.951930377045	13.8138001288566	13.1410744613977	15.0240496538051	14.5176421639328	10.7417530692155	9.03505246249296	14.2166595935895	14.3284337245911	8.779358120045	13.689202058557	16.3015430557969	12.578686139657	12.3722596965954	17.5875274271286	19.15562108103	11.8581829974073
21	29.2127371706247	26.0932079476633	23.6520387704739	20.5870215912842	16.9596976977775	13.9505626409833	11.0000217272513	7.27659439573211	4.57682346174724	1.32793109761011	0	1.32920841104772	4.05427749420288	6.32216647993392	4.35200666359784	7.36119412867233	3.07232501535889	8.61464299898725	11.1015570529543	9.33749821954468	10.2900900870692	14.0285629342424	15.8411134709654	15.6090134217381	16.6310709817498	19.1729810671163	20.607295164577	18.3059561345481	15.8002461689684	14.86823627738	15.3488474485871	15.4407345032547	12.1454634329037	11.4059702349252	8.57560563458931	10.6770492646611	10.4375481316255	10.5401116692377	12.2031143975626	14.4875834423827	13.9167864825182	18.323287641687	19.9961273750694	23.1438414270406	21.6006034637924	24.9690058672747	22.3439413712084	25.2753265062986	29.0486015498165	26.6208389800171	26.7939199446442	22.8225737593287	20.6049880854127	16.0051232110222	14.4279877321822	11.38581138962	8.64741013251945	8.00660945719222	4.91827368087625	6.11798161161015	6.03635527450133	15.0386499726538	14.9917415265872	16.5220410966684	14.1149043567429	10.0173227461233	13.3453941492936	14.920346678278	11.9701826636021	7.23436320625389	14.0392522949052	14.6387180791215	13.407868175068	14.3949779089792	10.8898865926143	8.36764082642175	5.30526917318999	5.44024135494005	3.30834233416072	5.54075536366658	7.70381016121244	11.1230733612613	12.8049825849159	8.27203517884202	10.9340196176886	8.39813723393468	6.18109124669746	8.27354706277785	9.20615973139724	6.09238114369086	6.0716821392428	8.60491406116296	8.38825047313205	3.43081826974266	8.23886211803548	10.7634361149217	7.6652251760793	7.60093316639477	12.5208642273607	13.4536503968254	13.4945458982509	13.7173129292876	17.1203125555581	16.2404790877609	17.0809866811025	17.3878285303255	13.5565165510908	12.4897952345105	8.90027561370995	9.10197506039211	8.77026595947922	7.96979880549064	10.2193659783765	9.66076001151048	10.7852077402338	14.8203437881852	16.5682171038407	15.8813088251567	19.231396881142	21.0254267495335	16.9896173294162	16.3425059583896	14.6193101068416	12.6209070197035	16.3174045117476	17.5968372442323	18.8053303879512	15.6421553821716	13.8467984386283	16.2418445381059	17.4844109137254	10.8245554181223	14.9821292211755	17.390329640349	17.9542985382331	10.2221024745402	17.5136614675516	13.6606082953871	13.7301590303973	12.4250564988655	12.5556829364236	14.2489445924953	11.7723309926284	14.8645603365858	13.5273949081115	16.3732802455708	18.9216722833898	18.7092739036019	16.5860239358322	15.9430961861239	15.4191552946327	17.547335381761	16.8351110480448	12.9618019580612	11.887154537567	17.1530269631922	17.0715666240682	11.9663766027984	16.8639216376263	19.395387441348	15.7674906690951	15.7472324552602	20.7856541393337	22.4798738430624	15.6598424321575
22	32.6688423119032	29.5758065655021	27.0896364132116	24.0150009993754	20.4187303474041	17.5498019646946	14.362462811092	10.8187021864917	7.95402275581356	4.77635279266513	1.32920841104772	0	1.32706480625477	3.59023801439403	3.25651362656446	5.44072807627803	2.9082780128454	8.00493235449245	9.9847878795696	9.85358143011971	11.3696207060746	13.9340293167483	15.4648159704537	16.6185116361243	17.6970109623066	19.1703296528776	20.4055565226729	17.1322790661371	13.7544536423662	13.0979553366165	13.0723489090523	13.7196347619024	10.9140057265882	10.6639452830554	7.99821605109539	10.1735096697256	10.7859009359441	11.916163854194	13.2950579163838	16.022202189462	14.6692624558974	20.3379911249858	21.9367374283415	25.4118611872488	23.8171682825646	27.5621567552323	25.2981776023491	28.1565687362647	31.943624919536	29.8793716968748	29.9628215794174	26.0296117911889	23.9666137157505	18.9849622596412	17.7788824451932	13.8548763978608	11.6500610728013	8.59778454021732	7.11313925071062	6.84181649856235	7.49634390886651	16.5009728804092	16.733141994258	18.6180549467446	16.428329099455	11.5762429570219	15.5494790266427	17.7014100285825	14.818838888388	9.98577878785626	17.1927163647866	17.9775570642955	16.9740702249048	17.9990414189201	14.4581665158484	11.8520140904405	8.3893087915513	7.38045350910091	4.23876927892991	5.69375078485176	6.1496863334645	9.35593405278169	9.67825676452118	4.37976277896417	7.53218753085716	4.96291416407739	3.13936331124641	5.5465937294884	7.16483007474706	4.22741221079752	6.46633899513473	8.8181397131141	7.59195923329413	3.49993214219933	9.66528251009767	12.0216588705553	9.08565253572907	10.5163196033593	14.8303770012768	15.0601892418389	15.9191952686058	16.8234681620646	19.7806928341755	18.9220478278647	19.4333489908456	20.2261982092533	16.4675276225668	15.6932158590902	10.9907448792154	11.3327119878695	9.9572507751889	9.03146926031418	10.9540052948682	9.24801286763811	8.34968125140116	14.0542465468626	15.0424669519331	13.6575574316933	17.3536995767473	18.1430576805565	13.805438240056	14.2927713547793	10.7232101536807	10.0448889988889	14.7397803240075	16.8649726949082	18.1049401545545	13.5220988755444	13.7070950241107	16.4983214600759	17.9364024263507	10.3436003886461	15.9792850278102	18.5449951469392	18.5332830604834	11.1427588594567	19.1289121750297	15.3205675155981	15.4551679706175	13.2730998640107	13.8108697046927	15.0889511232557	12.2700955579001	14.5863633576022	12.4351624436515	15.0152580397408	17.7447662142954	18.2298687323853	16.9480390016072	17.1902091319448	15.8222061988839	18.7225363132242	18.956375312807	14.8699838264875	13.8517523079212	19.8106367641224	19.7682204307823	15.2166077034272	19.9799146644824	22.4789879887863	18.5969911813712	19.2235612985732	24.1466917609846	25.7474037720311	19.0669542402556
23	34.4873030838887	31.5142346250072	29.1137465297752	25.7404406139444	22.4784446748435	19.9926617287444	16.6087608809327	13.3472234191235	9.81411544664113	7.66824138900179	4.05427749420288	1.32706480625477	0	1.33200187687555	3.2490851019941	5.73538856573816	4.29864955538364	8.69004729561353	10.1296263011031	11.3332531516771	12.7829963232413	13.8967468495328	15.9342270913904	17.4925861152661	18.7672197461425	19.4888116364236	20.7885082918424	16.9918817674794	12.9640763265263	12.1399717462604	11.1590593689612	12.0720925278097	9.51443645204486	9.50227362266526	6.55146342430453	8.4983670196103	10.1388755293671	11.6562366139333	13.5377078562067	16.6437584096862	15.0969192552653	21.5032837027278	23.320053387589	26.935143586029	25.4363540036696	29.390739493929	27.734396730414	30.8098670720923	34.0484599504882	31.9545633204399	31.9324799381445	28.0934664290472	25.8634816101777	20.9790751464406	19.526463760753	15.531776363314	13.0937330429484	9.63425025624724	7.78718196782379	6.25122555984025	7.3310032737682	16.9483177631292	17.5420657848499	19.3731455886751	17.248236112716	12.9199498838037	17.0220284925152	19.2085329736552	15.5997484595105	12.3096270455282	19.4145126644992	19.7530677617427	19.3741598527523	20.6254028324297	17.2392562774616	14.7969803676291	11.3489736980927	10.707127112349	7.24001139501866	7.78381583800645	6.66856701248477	9.94214529163601	8.84217852115642	4.20865786207432	9.8977489359955	8.1059247467516	5.63665477034029	8.87759117103283	10.620722244744	7.18187921090295	9.53456732106916	11.9769539533222	10.1117607764425	6.27970421277945	13.0738444231221	15.2284552729422	11.2869805528317	13.8489658097636	18.0410602238339	17.0354737533184	18.299713003214	19.8374904914911	22.8522981557654	22.382367569138	23.0661400542007	23.7689864739749	19.9326634948769	19.026984364318	14.6556766135174	14.6890279120165	13.3344464077066	11.3127561186477	12.2384514543303	9.6061529240378	6.4669709292682	13.7640419208894	14.2825567739113	11.8185411536281	16.5887563126354	17.3594058942119	13.389170026555	14.6731463906008	11.3160898282048	12.110036911587	16.7070070629063	18.7970738414254	20.6986609711836	16.4323684537561	16.3817425507789	19.3880384257923	21.2914503263634	13.7459143020754	19.3074349409755	21.9415766297684	21.8682700733277	14.6381288763284	22.7470136281667	18.9095843158965	18.7841442445484	15.2974925069437	15.7783476321192	16.2673347540401	13.4301523818608	14.8286157142196	12.6137228842242	14.8112245948807	17.5548416113618	18.4583415831434	17.8496220128046	18.7134815039853	16.7089846789085	20.1069656089625	20.9715834642976	16.7699248358483	15.6596903545377	22.0225419286694	22.6031337871544	18.0371057545272	22.7205106456699	25.3238336947627	21.9791197503449	21.9776825666402	27.1124080265844	28.8779659429123	22.1996773399975
24	34.307524509938	31.4371955174122	28.7823133364919	25.7119137366319	22.5091176415247	20.5796031788759	16.5840666303534	14.0963115033685	10.741535318566	9.18949579683238	6.32216647993392	3.59023801439403	1.33200187687555	0	1.32905003668034	3.28296420936933	4.61402709138124	7.46113838499193	7.71280299242759	9.18250260005409	11.2944849373488	12.3520293879184	13.3131701333679	15.1681969923917	17.0636447747836	17.9062869685482	17.8813091522964	14.1463537704951	9.21762040876061	9.51751495927377	8.89604996613666	10.3343364083041	8.23738271540178	8.78356271680233	6.46322659358311	8.48372217838373	10.1389459511332	11.8567126135367	13.5222042581822	16.4867832520477	14.1537839816778	20.8897757288105	21.6443645321363	25.669003467217	23.786123959149	27.5663497946319	26.1909609598426	29.303211581668	32.2722438482359	30.4705655182177	30.6978062571253	26.9647177252053	25.2528557592998	19.8844529721086	19.4822455584566	15.0445267788655	13.3592252020841	9.16980512333823	8.20171256506835	7.61518069385094	9.07146702579026	19.3783538000523	20.3257543771443	21.8929237197776	18.9883902951251	15.7668702347676	19.493314777123	21.3159300758846	17.0961570828067	14.7577111030132	21.4541781711628	21.0461865666918	20.6898675926164	21.8151914270767	18.2281218451052	15.8276419595592	11.9218192403676	11.061530680697	7.26238314880178	6.9520788977111	4.95293640177218	8.1850413560348	6.81654472588569	5.92849129205736	10.5600227745967	10.0574126891562	6.79425352779832	9.9609302276444	12.4328455713083	10.2095611071191	11.291497066377	14.7621489289331	13.5804050381423	9.40949190976856	15.8849552407301	18.2576606661423	14.4931687701482	16.0783041705274	20.7886313402302	20.1889709742721	21.0831281123082	22.0683476046577	25.4738987985742	24.6741059615136	24.9977208761119	25.4134410499641	21.9378463163548	20.1761384313253	16.2955745219369	14.7573653813952	13.7188779789019	10.1062143753237	10.0753712090424	6.14874515653397	2.79790850457981	10.4249771702388	10.3629731737567	8.40900981091115	13.5359440380049	15.025362225251	11.7455133987408	12.9181079884014	11.5873632893769	11.9691635046063	15.9909580701095	17.5695356796928	19.7458083906433	16.6383350429062	15.7559140007808	18.8261640011979	21.1572902565522	15.5247191923075	19.5330416986193	22.2525132737855	23.378038454926	16.6351893587058	23.7095375956597	19.5183717814781	18.2835808582455	13.8354276406622	13.8836105174411	13.6573479856083	10.5894686363387	11.120696066344	9.13703048041321	10.8408731659401	13.48526607079	14.6369207485728	14.499108144986	16.0123200380207	13.5520271546363	17.4349866934277	18.8339827439658	14.7905270359105	14.1213468196203	20.3132509707334	21.1250551005199	17.9647862776043	22.005834908042	24.5785168185552	22.182292870666	22.287943399964	27.204013325243	29.0333940661439	23.7387990639796
