55	56	57	58	59	60	61	62	63	64	65	66	67	68	69	70	71	72	73	74	75	76	77	78	79	80	81	82	83	84	85	86	87	88	89	90	91	92	93	94	95	96	97	98	99	100	101	102	103	104	105	106	107	108	109	110	111	112	113	114	115	116	117	118	119	120	121	122	123	124	125	126	127	128	129	130	131	132	133	134	135	136	137	138	139	140	141	142	143	144	145	146	147	148	149	150	151	152	153	154	155	156	157	158	159	160	161	162	163	164	165	166	167	168	169	170	171	172	173	174	175	176	177	178	179	180	181	182	190	191	192	193	194	195	196	197	198	199	200	201	202	203	204	205	206	207	208	209	210	211	212	213	214	215	216	217	218	219	220	221	222	223	224	225	226	227	228	229	230	231
55	0	1.33351677904704	3.17456721459792	3.15484262681992	3.06714786079837	5.89476835846838	7.25372924777318	4.5375690628353	5.9623384674136	8.8092784040465	9.51897520744749	6.95001079135853	11.2010195071699	13.4782659492978	13.7632934285366	17.2815775321583	17.5712101176897	13.3751579429927	17.0577485618706	14.2441604175185	17.5102023117953	18.867812432818	20.681310693474	19.5936167156551	21.1959728722227	17.1055126786659	18.5615260956636	10.7826953958646	16.138063235717	13.7553367461506	12.936064934902	12.7667234637553	11.8849236430025	10.5990804318111	5.76638491604576	7.3121642487023	10.4777038515125	9.02511839257524	5.11201467134045	10.9791955078685	13.3458507784255	10.0335735408677	11.2023160551736	15.6551894590899	17.2987731645918	20.1903846917289	22.525614420033	21.1818898354231	20.4059693962331	17.4696276434273	19.282835605792	18.5137747096588	18.480046157951	16.6862712431508	20.9490346078286	20.3141491084416	21.9975820034839	19.2577587480994	16.3217575340403	19.084516158394	20.0491104291437	15.2167319421747	16.0181723676579	19.2539680325901	17.9476845303231	14.0009401827163	17.7999699157049	20.2422128731026	18.6840019803039	12.2820918820859	20.4797477767672	17.6051234304108	15.3850827752079	20.7808808523604	20.7593793741528	22.078697470639	23.835921169529	23.4666228929516	25.2083274137734	22.5934558224279	25.774735478759	28.1214654312324	28.3056094087373	30.7351431589313	29.0222084101124	24.7010482571084	29.854024904525	31.8101719894753	27.8877185334333	25.3933308567427	26.7700288755914	26.6736721693883	23.2690910222123	22.5295489746244	18.0192888039456	18.4823005873187	10.333809462149	15.6170933915374	11.2974645828168	16.4754003593236	17.661480034244	20.2476965109614	23.4487020109856	24.3485498746845	18.5311621869758	23.3954490232609	26.049920959573	23.7715139820753	22.401417053392	25.4717754779678	27.7515204988844	24.7252610097447	26.1292371683522	28.8099880770541	29.5608217409462	26.3833364076646	23.9782002243705	27.4310274689083	29.662343568909	26.7001871154492	24.3555185943556	20.9820092936782	19.0057478411138	14.6122628295552	16.3385910347251	12.9228607513971	16.3848205666098	18.3921290502215	24.5935273801868	26.637370759893	25.7110485783836	23.9791561152598	25.0274316301134	27.5206479029837	22.7062286388559	19.9835874156769	27.0419208822155	27.631466881076	23.4708324522161	25.7645664236758	28.5071534882036	28.5248172824998	22.8052742583816	29.1637607485729	31.7899989776659	30.5214970307814	25.2246791258085	25.4203569211764	23.5597498076699	22.4466122388213	18.7214087343875	18.2035186983176	13.7369420541837	13.6372905300137	10.2833416261447	12.4774810759223	10.3002723750394	6.93558843934673	9.1653989547646	12.105715096598	14.0761162612419	13.0844207361274	14.9111012671767	12.1906491213553	17.0646807763872	18.5656537186278	21.0393591632445	24.4630249969214	26.5628544399882	29.9541786400495
56	1.33351677904704	0	1.33471869695453	3.34008457976741	3.16186543040655	4.93513019078525	6.42554215611414	3.8567565388549	3.97194675190894	6.4167615663978	7.44132071610947	3.86453114879412	7.67994355448007	10.1034278341561	11.4519114998327	14.5743881175163	15.8004722081335	12.6312277708859	16.1904533908103	14.4946584644137	17.862265085929	19.9703611634842	22.0979968322923	19.980305353022	21.9457592714401	18.0510466732542	18.871854466374	11.4516578712429	16.0158823984194	14.302304045153	14.4837780982726	13.8789466459094	13.9273031488512	12.6592083875731	7.98982703192003	8.62963278477132	12.2997382492474	11.5309519988594	7.88764869907376	12.5969089065532	15.2349216276291	12.8465554138065	12.3423536248156	17.3009443961883	19.2920130883223	22.4589012643094	24.5894676843562	22.8866019539817	21.6621887167479	18.9560014771048	20.4598806692512	19.9517680920765	19.2365712641312	17.4373682647354	21.6120063622052	21.0360744436789	23.647170020956	20.4593418515846	17.6460327836032	20.7446678691176	22.2850627551282	17.7976799330699	18.1487436755275	21.439532877374	20.5220332326015	16.4680141486459	20.2096961134996	22.7931060191453	21.7000882486685	15.3167878159881	23.1086197986812	19.8965087138422	17.593716833006	22.5985921242895	22.8435637105947	23.4553377080783	25.0756117572433	24.0037190035211	25.2309269944646	22.3859682390555	24.9317834299915	27.9075018946519	28.2544791493314	30.8866687909201	29.5137656865402	24.845272004951	30.5789418227642	32.7522411141589	29.4777792413201	26.4699024554304	27.5559011828683	27.3970536554572	23.6318195871583	22.6559730314105	17.9941296260753	17.8798405753519	9.66102986228694	14.3932696077021	10.402371556525	15.4451834887126	16.3591991246515	18.6658937637607	21.5296542006601	22.5517556079344	16.590440862135	21.1366255348388	24.2678581255124	22.8575806462539	21.0905906508092	24.1853615643844	26.6679514398838	24.3198544609132	25.3320343241517	28.1105551883985	29.4592852764625	26.5550678402447	23.7049605357191	27.349639558868	29.1950078951865	26.1958991447135	23.731428654845	20.4238209451611	17.8171471060886	13.6549361404585	14.1217517681058	11.1145716066792	13.4421773905867	15.0756326235419	20.6508863005925	22.7375554754683	21.9787982155531	20.4651292690762	21.7079185091524	23.9847306634867	18.8566029549333	16.3541413103837	23.721044433161	24.7116046018869	20.532200953624	22.9051352102536	25.6984342713715	26.1780565550615	20.6012628253707	26.8546012630983	29.5600530953515	28.7912325717396	23.8977167319391	23.4971460820245	20.9647668959137	20.1215309805194	15.803306552744	15.0849054687128	10.5951325145087	9.94025779343775	6.45145045706778	8.6843819584355	6.96282090822391	3.59289423724106	5.29495325758406	8.48179096653531	10.5824589297573	10.05702197472	11.6148705115468	10.2546991179654	14.586774489242	16.4744855154873	19.3179525312596	22.9234785318459	25.362844319989	28.6836138936502
57	3.17456721459792	1.33471869695453	0	1.33126443654144	3.64178486459593	6.05066450896098	8.25196685645307	6.12353117081966	6.02099003486968	8.53770209131239	10.2373162498772	7.10465657157333	9.64122030657945	13.0104869240163	14.3162311031919	17.4513910906839	18.3799205656608	15.0684774612434	18.3460202496345	16.2394070396674	20.0062199078187	22.154399833893	24.1402150363248	21.8484937924792	23.5333546057505	19.19260808228	19.7976881731176	11.6622998589472	15.8202906104787	13.4383172681701	13.4882448821187	12.1094073347955	11.7474033726607	12.3075600343854	7.4575394065335	8.64770911860476	12.6911564090905	12.762019432676	9.7840023507765	14.2993963508954	16.9559435302197	15.0866209603078	14.4584917954813	19.3594351415531	21.4246837782965	24.5821169145377	26.6280147401191	24.5836074447995	23.0325922770321	19.9176356779614	20.7715841475801	19.8060013632232	18.4494142454442	15.8606912207508	19.9851492113519	18.4951064879335	21.1897469074078	17.1203531213582	15.1750843490242	18.5858810122092	20.3448946667217	15.2507880452126	17.3296940827009	20.4026684039123	20.2990154194729	16.4834311355373	20.3154733393047	23.0100766187338	22.7146933063161	17.176394761416	24.505245540496	21.5377654597686	18.4359714146014	22.9149045383131	22.1339606261509	22.4188724292726	23.2241220070857	22.7965945702423	24.0314102998555	21.7770620148816	23.4285045830928	27.18612407093	28.0629744146981	30.6012887800498	28.6865001176512	24.6440089474095	30.4932398573848	32.7139203398186	29.40720709282	26.7407817013639	28.4643491230697	28.6545607190199	24.9041308621682	24.365702206175	19.7265022241653	19.3745458011278	11.0103281059195	14.9340206910262	9.93502219423792	14.7970351422168	14.4628939704334	17.3625973287409	20.3206568299354	21.950463184179	15.8652820334213	21.6239404595925	24.5155245915726	22.5808527075485	21.7292138836176	24.8448242497306	27.1646139306267	24.5195929003726	26.340806005132	29.1129981108095	30.049921181261	27.2052190213569	25.4180827561797	29.0117956872717	31.1191851275062	28.0989719562834	25.6776106559781	22.3390127131886	19.8103498454722	15.7289498060106	15.484694217194	11.3641470423433	13.5870371678302	15.1639110060696	20.5041573345505	22.7628777178985	23.1728387125963	22.5376714192039	23.8261017793511	25.4866048935514	19.5397958535907	17.6304774183798	24.9392896651047	24.8649950331787	21.4859076140618	24.2226332383579	27.0946775216093	26.650216265539	21.9749453696704	28.4582933606357	31.0613419703657	30.265418236	25.6335103526614	25.713519420725	23.2267232729888	22.3118454189697	18.4052675612174	17.2898249268175	12.7368219741033	11.9001484864686	7.89351087919691	8.25835268077115	4.12464131773904	3.94893415999811	5.39389061809748	7.94519641041051	9.5813637860171	9.39167471753574	12.4563183565611	12.268445948856	16.542935591968	18.7106292785678	21.5036445980676	25.0841904194654	27.4611455150727	30.8022238320547
58	3.15484262681992	3.34008457976741	1.33126443654144	0	1.32548066753159	4.08106236168966	6.6734946617196	6.86137202023035	7.13868300178681	9.46164515293192	11.4371275239896	9.55538895074398	12.0703953953464	14.9634913372515	14.5473050768862	18.5015731493298	18.3206439297313	14.6444220439046	17.3535382559293	13.8491582415683	18.7013017996074	20.9632066726443	22.3176145006584	19.4128781482808	20.1608644159917	15.6114351037949	16.0852877189064	7.69366219689947	12.294293350982	9.58594309392665	9.32548990670195	8.37049042768702	8.22037255846717	8.53553261372716	4.29067465557574	4.78571311300625	8.92951644827423	9.76478781131469	7.88907909708098	11.3514684953093	14.1172411610768	13.4436653112163	13.3076008731852	17.3780732533846	19.4919901754541	22.3801717821826	24.1146168536844	21.4800162476661	19.4431610598688	16.1741013969865	16.6666763033305	15.5878298682017	14.5314854712104	12.2181272705763	16.4556980101119	15.6193680409932	17.9645778130186	14.9966535933854	12.0100216069747	15.0854200803292	15.771460141661	10.5974596956063	13.1977647349845	16.2313581378762	14.1353379867621	12.0150396170799	16.3280267638193	18.612740931953	17.601180897883	14.0418196114321	21.1332014612079	18.195912892735	14.8070846894316	18.7879204277642	17.952424627331	18.4099663497791	19.6373263200467	19.1560772080298	20.8632989002219	18.411707851256	20.9822942739825	23.8737021008473	24.6494459572624	26.9551733253563	24.9665274117167	20.9755609460152	26.5268912049641	28.6608830638555	25.1756757804036	22.6313165768145	24.6105527772133	25.0501036524802	21.3511347005259	21.5114851416633	16.9532941046866	16.3441745279473	8.16893420220777	12.3032278691407	7.13792602931692	12.1556691712139	12.9475673004623	15.6506822215519	18.9784937758506	20.2251578733023	14.3400564155097	19.7566563466595	22.4381493889313	19.7195256788798	19.1397225162749	22.2227985186385	24.3561385691575	21.2185064036091	23.1921611972666	26.0098762203898	26.5183897889747	23.5024728486174	22.3139291026928	25.7886805788896	28.5319042652256	26.1268786118817	23.3325641111302	19.6003740780629	17.3867827098633	13.8114159665112	13.725798847426	9.95328156941217	13.3296147356178	15.1209124393999	23.6611690539584	25.8464526966468	25.208079399272	23.4166116037312	24.0804786082005	26.1205142943243	21.2067574371944	18.4205497203531	24.9968632232126	24.7855226291478	20.9041636522488	23.4981409690214	26.2869141209081	25.2212796860112	20.3838042082434	27.0020235723177	29.4827935074002	28.2091829197515	23.1973513358745	24.4237000063463	22.537968431072	22.3028389672705	18.6587763264368	17.7170384093956	13.7795176258097	13.3116591377634	8.86831049298569	11.6650775822538	8.84757430033792	5.56493000854458	6.39649263268551	9.91690828837295	11.6135103220344	9.50198063563592	12.6958546384243	10.6705976402449	15.4582133508372	17.5816576294728	19.9317674580053	23.3315044092746	25.1968400796608	28.4635171755003
59	3.06714786079837	3.16186543040655	3.64178486459593	1.32548066753159	0	1.33675353001218	3.31969064823818	3.53278374656587	3.1582186434761	5.41183822744176	7.36838231907113	7.90744035703084	9.28531803440248	11.295891199901	10.6321502528886	14.4204109164753	14.2585173843566	10.0576202453662	13.036639789455	9.63719819242087	13.9861832177331	16.313421284329	17.8461095480219	15.1710889853036	16.5650018110473	12.4027507029691	13.7638537481332	6.50890382476189	11.9754042938015	10.1900975952147	9.85324865209439	9.83987479595142	10.1771077423795	8.34480197488233	4.2625326978218	3.37972558057603	6.73791666615134	8.08006169530901	5.50341439471897	7.42549567369075	10.5055502949631	10.6487333519062	8.75418671265355	13.1511205226019	15.3622398431999	18.5689134307853	20.2030148987719	17.8099880123486	16.1174448657348	13.2905351660496	14.8448890194572	14.4429962611641	14.6679677188082	13.4135625394598	17.6333541619285	17.4697769877008	19.7476283639327	17.5729519717093	13.7269577474399	16.6777798582425	18.3020578897566	14.2626811644936	13.1232152691328	17.1203998493026	16.9278207989097	12.5932923018566	16.0049292719462	18.7162314048528	18.5049404484316	12.5752262007488	18.9071183684876	15.3006853768058	12.8323164705364	17.0949707809051	17.5742095412568	18.496202718396	20.4874799084709	19.8718962104777	21.3853094903955	18.5640912785948	21.8937932300458	24.0877349080398	23.8174306968657	26.3614397937594	25.0299930882931	20.3290488218214	25.4305640912662	27.409816982242	23.7847935034131	20.9242433793913	22.0372654610321	21.9488336364373	18.428067994231	17.8028093850381	13.2754493709253	13.739794394386	5.92014906906912	11.1291598964163	7.18848106347927	12.3165388401125	13.8372047393973	16.2771442827051	19.4009285860239	19.9516594547922	14.2967273877626	18.8317799742881	21.4991729143239	19.512144141534	17.9140037400912	21.0009572638963	23.307581706389	20.1575165136978	21.4299363974791	24.0794185976323	24.744945605113	21.5678907870009	19.1688568516748	22.6065553545869	25.0207713909863	22.2331685776004	19.7630475635718	16.283097033427	14.5372271771476	10.1131948463381	11.786022823667	8.34037013567144	12.132130439457	14.3068200869376	21.5491046681759	23.5336546248134	22.2380281050277	20.2055885586142	21.0199309941779	23.585733611656	19.2252728979331	16.1504868347676	22.9371765917255	23.2353970915067	19.108247800361	21.4007233756245	24.1363424321085	23.9629433292323	18.2980587494958	24.7386973181694	27.3320299465664	26.1881999572326	20.7213781877558	21.4266317698326	19.4272118946595	18.5974745059645	15.2466058190012	14.2601080641067	10.0937508390093	10.3602823320603	6.35420569386922	9.99695523647075	9.52749736289651	5.97148909402002	6.62012431907438	9.96920352886829	11.4372153953661	9.38925710586306	10.755719455248	7.84122758246437	12.7800397495469	14.5067341603822	16.990765050462	20.2534400287951	22.0937538910888	25.4772237694769
60	5.89476835846838	4.93513019078525	6.05066450896098	4.08106236168966	1.33675353001218	0	1.33448604338899	3.45641042123183	3.03064267111779	2.95176574273773	5.3388026747577	7.14154962175577	7.41579732732765	9.14164613185175	7.94425056251375	11.599352956092	11.6860170289111	9.77054906338431	11.3982958814026	9.73894085617117	14.56248945064	17.5228784165159	19.356766517164	15.6470792482175	17.0913633452689	13.2696036489414	13.1245294391837	6.35432655755116	9.12411371038305	7.97795681863471	9.66816725134604	8.58841888824713	10.8635098379851	10.3014098549665	6.71720127731781	4.62430816447174	8.83737709956976	10.9132912542459	8.7460193230978	9.39349689945124	13.3165348345581	13.998614967203	10.708995331029	15.3067798377059	17.83651319625	21.2597585122691	22.1691056427633	19.7714876273891	17.5961145995359	15.2415422447992	15.2148151812633	14.6878455193401	12.8094256701852	11.0266837716514	14.8066672820051	14.4602778327389	17.6644429858402	14.8168607336372	12.2128269454701	15.5581873622861	17.9877014095743	14.7875894249198	14.1621878253326	18.2657279898722	19.1465592992579	14.920286692956	18.116948363342	20.89429465189	21.2334321766407	15.6638944391234	21.5989298346006	18.0051925288235	15.2632218420621	18.3732306903277	18.2547521758034	17.4176023895369	18.7470532617796	17.0110976424216	17.0974385800915	14.8411494500931	16.1798775026265	20.0983964783263	20.9375048656711	23.8799603014745	22.4864618381817	17.9839682217246	24.196526961529	26.588634639635	24.1244048423997	20.8193458590802	22.0900101403327	22.0855824691132	18.079082415875	17.2112948089329	12.5519675748466	11.8573137345691	3.83456516439609	7.72691879082471	3.03863620724825	7.11863568389337	7.55685662163839	9.70517969952129	12.6729176198695	14.0364380453162	7.88297970313257	13.7119236797759	16.5778708222739	14.9103022772847	14.2430677524191	17.3005561471301	19.5872837575811	17.3416701329486	19.0024632350651	21.7295693698702	23.0666308549818	20.4235247202827	17.9229148856987	21.7463936780331	23.662761863316	20.786009597804	18.214887015845	14.8225114268804	12.1155941249284	8.08970419731154	8.17781890237244	4.00915065818186	6.85529342916844	8.40262018658466	19.2449037929526	21.171658744652	19.4555717469315	17.1256989054462	17.6439550554857	20.4511678639632	15.9315473824736	13.0418649356601	18.9758339474185	18.0789128268267	14.6194981104004	17.5874388698298	20.412361671301	18.9129814677644	14.7395532496748	21.2611657488483	23.8325501992548	22.8406775074646	17.928858775728	18.0563939090838	15.9660336965697	15.1506267197103	11.7668840820329	10.9534970671471	7.07200636311931	8.07107687982217	3.91492196601669	8.78165064210596	9.9929423094502	6.63596308006607	3.72259868908804	8.09552252791628	6.81865221286436	3.378337016936	7.04434170096823	4.79414163328536	9.4895319168018	11.0949324468426	13.7805441474566	17.3589758626481	19.7750208849447	23.0987372165666
61	7.25372924777318	6.42554215611414	8.25196685645307	6.6734946617196	3.31969064823818	1.33448604338899	0	1.33526252100476	3.09608688508575	3.00083888271263	3.14560407553144	5.39253984686251	6.92158608990743	7.89964486543541	4.45594490540446	9.46235028943655	7.8002544830281	4.67555868319498	6.68708852939753	3.94835636689497	8.58272835408415	11.5507001086514	13.2008143309419	9.650308596102	11.5874655555044	8.27606355703	10.123077545885	6.38321055582534	11.0275046134654	10.4997566162269	11.2741195665116	11.7267782446843	13.317376956443	10.7262916704703	8.25846783610616	4.71930090161668	7.36410442620146	8.98209129323456	6.73323198768615	4.37668744600297	8.45514009345794	9.96102298963314	5.59710371531563	9.42016194128318	12.1433376795673	15.6406371033919	16.1506415352456	13.8908439268462	12.096226105691	10.4601027719617	12.3510634764785	13.08683498788	14.1387647621707	14.335807336875	18.2281076088551	19.1010178786367	21.7783067523625	20.4222242422318	15.7812567623748	18.6726567204563	20.6809798849087	17.7890492719538	14.0432150877212	18.7766244303922	18.9376045739687	14.0905421116435	16.8158711341399	19.2889281454414	18.7525298026693	12.6192714131997	17.5096560788612	13.0521434638147	12.4514177104457	15.455235779502	16.9834970191654	17.8423264738655	20.3313908525708	19.527238872918	20.4781562402478	17.32125116728	20.663826872097	22.5357299859579	21.0600525165537	23.8803800011641	23.5531467324432	18.1040654274116	22.6948868911039	24.5560862924042	21.423722575687	17.9408854853934	17.8075809137569	17.0933866451327	13.7040953367962	12.2025705898388	7.77670347898131	9.44063530701192	3.7728501162914	8.96946113208592	7.08671362480522	11.6199418673245	13.852370374777	16.0490957377667	19.0115133011552	18.7728683210638	13.7151866192189	17.0246098046328	19.489807592688	17.8768196556323	15.0057873502192	17.7630281765244	20.0742812075551	16.9607695874922	17.2829873285841	19.9080221267709	20.5028745789462	17.395937686713	13.9507546032464	17.3195322107729	19.2840185127478	16.3942280086621	14.1502351217215	10.9737551458013	9.71137029465976	4.81521453312311	9.07090838891012	6.71251770947385	10.8143317407966	13.6365873663465	20.8534884611664	22.4620608359963	20.4662585002731	18.0055745256851	17.7629194109527	21.7345895061305	18.6727322585636	15.2040545250272	21.2116985882791	21.4189110367451	17.3203890256541	19.1409949584655	21.4202374169849	21.4221548402583	15.2250684727524	20.6160443587028	23.4630564931341	21.239558587692	16.005893195945	15.8605710174634	15.2973384613141	13.2415535719945	10.3508265853506	11.6342114043024	7.51291760902514	9.54199282120879	5.95869356486806	10.9549299860839	11.8402592454726	8.02723688450764	8.19049943532139	11.5879163787111	12.3269946458981	9.37127840798682	9.252177743645	5.20419849736729	9.74876351133824	8.61632096663071	11.5522773945227	14.6357749026145	16.6634467923056	20.0862336190735
62	4.5375690628353	3.8567565388549	6.12353117081966	6.86137202023035	3.53278374656587	3.45641042123183	1.33526252100476	0	1.33361013793387	3.28424268287226	3.32132594004262	3.33541796481341	5.20487953751093	6.99568952998916	7.51996442810736	10.5236017123416	11.4669860469088	7.79134622513979	10.9826194507504	9.1094239115325	12.761017592653	15.3154726012618	17.4363630668784	14.6723801068538	16.7717461225717	13.1884163567883	14.6248501188901	8.84038336272811	13.7069773837998	12.823887281164	12.9671994663458	13.6519716524757	14.5870269760496	11.5753856955179	8.12203558229093	6.33407388652832	9.36893611889845	10.3909826291838	6.89612797155041	8.39239280539227	11.7421590007971	11.0761963687901	8.10766057503643	13.1787314260516	15.6526137753412	19.1580424104343	20.5621833957389	18.4404963870282	16.956659222854	14.7670950426954	16.5683583676839	16.6867738044237	17.0826786541221	16.5946634193044	20.5784177477278	21.3370006795707	23.6498785620561	21.9947133193411	17.6505506712963	20.4060417278805	22.0848858045497	18.7773913257406	16.1692335625409	20.4613949915444	20.0670183634739	15.4771650504865	18.888074385707	21.5216058183399	20.688928899293	14.0949943951745	20.8884433120326	16.6469956748958	15.1854495159017	19.2373425659575	20.2162127264233	21.0933714232694	23.2317264102348	22.2742293693856	23.4136080303741	20.2805509294003	23.5682885462649	25.7570819775843	25.065000738081	27.8539395597822	27.0697715357925	21.874208031378	27.0276546707257	29.0215206010988	25.7169930396227	22.4644303288554	22.8096332280903	22.259261106335	18.7223890836613	17.2256797253403	12.6986582362075	13.5856203759711	6.44441510146576	12.1031547953416	9.86896995638349	14.5033593694702	16.7004173301148	18.9396888570008	21.89774111638	21.6432708017989	16.5988360435303	19.6571999277618	22.3578846942192	20.8101569672119	18.3109327452208	21.2448698277961	23.6592714596202	20.9164549816646	21.3848896419879	24.1660249317094	25.1962347980804	22.1616410493447	18.7365154711328	22.2529940906836	23.9599813438992	20.7996770648008	18.5837942304579	15.4325690991487	13.538012150977	8.92594258327937	12.0138397275808	9.55552269632593	13.4477787385129	16.2179947280791	20.4021964748897	22.1291768938657	20.6504103106936	18.7408449382625	19.7202809310618	22.7856363527552	19.4889899686977	16.3416067141515	23.0342651065755	23.7253588803204	19.5997172938795	21.3559600346133	23.9011052882497	24.3343763840375	18.0629265070752	23.8756438656636	26.7043875234015	25.0670605775787	19.8570956839111	19.5866822611692	18.1840804276708	16.447578241188	12.036498826486	12.8776976979583	8.2708448177922	9.18751206801928	7.01861774140749	9.63201671510178	10.0362644445032	5.59402556304492	8.59473431817412	11.9025354441816	13.540985820833	11.2116073334736	11.3897676007898	7.46668694937721	12.2157005529769	12.6627487537264	15.2705859088641	18.6059334084587	20.7849842434388	24.1961560996783
63	5.9623384674136	3.97194675190894	6.02099003486968	7.13868300178681	3.1582186434761	3.03064267111779	3.09608688508575	1.33361013793387	0	1.33262035103776	3.30027301900918	3.26240953897576	3.08671184272196	5.18346341744591	6.3898217502525	9.66908175578219	11.3940418640621	9.72606878445757	12.1762102889199	11.4951449751623	15.0973533442124	17.7122300402857	20.006976658156	17.1189691278418	19.1849413342861	15.6660898759071	16.6919852324401	10.6144520348438	15.1270876575764	14.2448261835657	14.6737929656923	14.8358577776952	15.6864289753914	13.5766909812369	9.72145107481388	8.3789191427057	11.7006872447733	12.8904077902912	9.65366241381995	11.0762743284915	14.4573269313521	14.0753096235927	10.6703451678003	15.8468791249255	18.3185110202767	21.8364062290479	23.2679892126501	21.1475498580805	19.6012948041705	17.4068990345782	18.8724266855113	18.9101184025907	18.7942954643158	17.9105530902873	21.9462660833227	22.3047272119611	24.9642024106519	22.8037674299665	18.8503185384226	21.8167675195021	23.6588874844106	19.9362409194913	18.2226166617201	22.3883971065371	22.2439694973716	17.6968764758078	21.1421237816829	23.8210819443618	23.2710470327401	16.8944725576148	23.491774943584	19.3708338746684	17.695715950478	21.7719698006405	22.4683687658895	23.1556269403357	25.1272428650658	23.8073704133825	24.8237098557005	21.6295267169672	24.7946875156756	27.1219139073923	26.7398742704598	29.5789864768893	28.7838517401685	23.5819900135676	29.0890415620728	31.1968316660522	28.1024939996435	24.7507705738629	25.125013711439	24.5758309930712	20.899519635628	19.2149935727286	14.7506168345598	15.1967476454668	7.78196311993317	12.9661770001801	10.4269733863667	15.1623936434852	16.9507057375202	18.9476432835327	21.5678124528196	21.7226496081855	16.3733750338774	19.0268722600432	22.4259775483701	21.8247291163029	19.0643267124753	21.9729737859945	24.6364356391098	22.4539563774405	22.5733593423752	25.556592691515	27.0692930458112	24.1677697771226	20.5029579085555	23.7823080461086	25.2479889298138	21.9609973134191	19.7888824596034	16.4670614864948	14.0608302030854	9.65206019459058	11.4184474426255	9.90479409175173	12.4404440435219	14.0591945715251	17.2410670783452	18.9487117504067	17.5702453881555	15.8428236119702	17.2523748510169	19.9240402780159	16.5033213020895	13.5991322517284	20.4969013755738	21.9228009387487	17.754305928422	19.5221878896808	22.116979065867	23.437845848115	17.3376543107769	22.5068548891221	25.8150332945747	24.8751133866763	20.2979425804686	18.7906335444018	16.3119519371533	14.8110225507897	10.3876507931293	10.3294941308856	5.51612808045644	6.02859328533614	4.51273841475439	6.80984588665558	7.82725449950364	3.90055201221571	6.35051619949119	9.61786805898272	11.2707054348874	8.91166179789157	9.31680980808345	7.34603437236717	10.8838690271429	11.9398276788235	14.9239156054971	18.4827513915001	21.2111997539036	24.4999539795486
64	8.8092784040465	6.4167615663978	8.53770209131239	9.46164515293192	5.41183822744176	2.95176574273773	3.00083888271263	3.28424268287226	1.33262035103776	0	1.33037212839115	3.26162674136695	3.07408230208627	2.99962814362047	2.99870472037511	6.22814707597693	8.27280810849617	8.04520907124234	8.91616223495289	9.79714136878712	13.4170302600836	16.638685945711	19.0398431191016	15.1287793625262	17.0786033094044	14.5171334980429	14.9303555885317	11.3203988003957	14.369211599806	14.8987229654088	15.9771171992947	16.2028029056704	17.6984786351822	15.51125552623	12.0804316561951	9.91571399345504	13.1140688575285	14.8901522490537	11.6378913468033	11.3900306408719	15.4068364371145	15.9645382332218	11.2241473172798	15.8997588975431	18.6274747886019	22.2646307402571	22.6656113308245	20.4596540537713	18.7018498282924	17.3531279889247	18.2506474405704	18.9635366690921	18.7970309623621	18.795143894102	22.369361323024	23.3581130659135	26.2116788283391	24.2175601372227	20.2589338564496	23.2629086960337	25.3035102110359	22.0018982817392	19.6441484417116	24.0888316653174	24.2606700855521	19.6152510817476	22.8707281475689	25.5417725500796	25.0747770079815	18.6582254515267	24.5783860536041	20.0329281434343	19.1438080067681	22.2202244363103	23.1406357302473	23.4116345862479	25.562010308268	23.5478811998022	23.9157916448526	20.3857091365496	23.3707664829376	25.5930863125181	24.6752046597389	27.7738431262222	27.7971553220829	22.0373758419645	27.6207266740033	29.80145548459	27.4307490601332	23.5747778144355	23.1063223166301	22.1708003915059	18.4317539588613	15.9111845253583	11.9261100950813	12.1857854075968	7.14965460704222	11.0066479456736	10.7594523094812	14.3245905351602	16.6369701568525	18.1766990677626	20.2804736384533	19.6813934466033	14.8494325144094	16.4981208020793	19.7568751324697	19.5506551808373	16.1926918392218	18.9503358545436	21.629797987961	19.9098962830046	19.2326037238851	22.260889155647	24.0650642633673	21.5467302855909	17.0039367500588	20.2386486208936	21.6384475644627	18.400277633775	16.1926557117725	12.8728456061587	10.467596190148	6.09887792958672	8.76180495103606	8.29218360867631	10.7157214409483	13.3278960830283	16.7522265982764	18.4006824601698	16.4094515752355	14.2987597364247	14.7378932687138	18.2804549724562	15.8385303926848	12.4713596291663	18.3579020587866	19.4857916698296	15.4151318190926	16.8050610829	19.2544996559246	20.3430591848915	14.2070592664351	19.1499437335988	22.4795246835871	21.2901853913957	16.6981174088578	15.1670879538559	13.092021157942	11.6039376075537	7.13474715739808	8.15762735113587	4.23247976959135	6.20907931983478	4.12677125607902	8.07944509233153	9.4330447894622	5.71401172557425	7.78565167471548	10.7095322960436	11.9073078821369	8.76445371942827	7.67653417891174	4.84518327826719	7.86810796824752	8.25759220354215	11.2412602941129	14.7735731967591	17.5058527641472	20.7904387880583
65	9.51897520744749	7.44132071610947	10.2373162498772	11.4371275239896	7.36838231907113	5.3388026747577	3.14560407553144	3.32132594004262	3.30027301900918	1.33037212839115	0	1.33074452845015	3.24435802586583	3.09612822731876	3.77177000889503	6.4961098358941	7.80247947770451	4.44704609825444	8.4967206026796	7.76228477962513	10.0050751621365	12.3334017205311	15.0410155907106	12.7259004003646	15.8815015348046	12.9600618054082	15.5498414782917	11.637096631033	16.3130056703233	16.0147480155012	16.0172534786711	17.2706368440773	17.9304532290737	14.0371233876461	11.4275251038884	9.2795153429476	11.4849210271556	11.6334097323184	8.14247345712591	8.94383888495315	11.6247730730539	11.0919101150343	6.22757697664188	11.421270025702	13.9478395818134	17.6019409725178	18.9151214904901	16.9904262453889	16.5169816552541	15.1257905247957	17.7696061858444	18.4083975130917	19.5792402814818	19.8833751913502	23.6433641007366	24.9583509270945	26.9721388658742	25.484973082191	21.1764886607766	23.6606192649305	25.0391523418825	21.5721179535066	18.5397247282693	22.8984069751588	22.213130846416	17.3249515439438	20.5302471733781	22.9373957981284	21.4151604710308	14.7276711668885	21.0497474806706	15.9822259400873	16.2248517404628	20.1325413696334	21.9165826259479	23.0539160447851	25.5829232692435	24.9032756279169	25.8845584470742	22.6562866551428	25.9554208210925	27.9275312729213	26.4635576784377	29.3577082552436	29.094846141542	23.6043524376332	28.1627788756721	29.9483889550006	26.5178313592948	23.2947641542043	22.7632170617424	21.5271274906802	18.5335704601137	15.9392731641063	12.0766802557657	14.1621210981971	9.03797516039959	13.8112196782181	13.0194020215984	16.9978422159991	19.2729034138606	21.007080211205	23.3720992852589	22.7668792327802	17.9037599961572	19.6367907255743	22.8383621347942	22.4412804001911	19.1014944179768	21.8255835431724	24.4494501165159	22.1375390231164	21.5957101758659	24.4710823217936	25.4386127569881	22.0902164996181	18.1483930693602	21.0405621122631	22.1462879282285	18.5868919671902	17.0179386236994	13.696931554184	12.9278806461075	8.34624382581769	11.8938970064483	11.1159892497249	13.7889182316816	16.0613287744196	18.3850096274111	20.2234039666917	18.4226089900426	16.3502126285868	16.8872072883588	20.4597609467951	18.0792830333506	14.9404017683595	21.0538738953191	22.4699071871692	18.4269916426963	19.6286433560753	22.0602494319534	23.2729088212024	17.1847702632302	21.5948900205581	25.1879233363928	23.7700790280554	19.1855769003697	17.2530501940961	15.4250526741402	13.2393583681385	8.34871451182756	10.3465890997952	5.83024476330111	8.15839800451044	6.5216910383734	9.87547295069963	10.7533745401153	6.64094044544897	10.3569132949929	13.3589362974752	14.6211278634721	11.2863780727034	10.6440205279772	7.81523812816986	10.9034273969243	10.1348670933565	13.5431967791951	16.8583417037382	19.3191260930716	22.6722724269095
66	6.95001079135853	3.86453114879412	7.10465657157333	9.55538895074398	7.90744035703084	7.14154962175577	5.39253984686251	3.33541796481341	3.26240953897576	3.26162674136695	1.33074452845015	0	1.32869070893116	3.13895587735795	5.26938535315078	8.3482140605042	10.4279793824115	9.25721415977831	12.1850414032945	12.9166964042668	15.0080017324093	17.4868449126765	20.4159604966311	17.8119879294817	20.7395106499647	18.068203535493	19.6027558011622	15.046354774496	19.2021463644042	18.9182672832371	19.4113902644813	19.6150554931665	19.4946721439474	17.2274110649279	13.1313842758485	12.8314805848741	15.7486190505708	15.7067918111879	11.7292680504795	13.9701018249689	16.9931422050191	15.4323967354394	11.7822779631105	17.0017713783006	19.4915662274739	23.1276331906229	24.4588645280193	22.5261496266006	21.8136384402052	20.3185400558209	22.3072508615472	22.7999381139511	23.1415605783188	22.7378301515338	26.6440605576552	27.2023093504945	29.3964585962323	27.0020299051757	23.4765259141978	26.3417421785272	27.5415860654393	23.4711244724236	22.5824616018715	26.3217095759375	25.3399375097888	20.9198834365777	24.6016816904861	27.1283079641912	25.707140739491	18.7997497323768	26.3115994382706	21.5058334644347	21.1756547714587	25.194660882814	26.5202897985674	27.373933403879	29.5378781566991	28.1809862495974	28.9281235305714	25.5342253064392	28.6452332683817	30.8739594804424	29.9229325434524	32.9477301949618	32.7103218113182	27.1198413159074	32.3793091186332	34.3948837765154	31.4703204464143	27.895320539474	27.4095640607435	26.2953191461903	22.8831642261292	19.9461572740215	16.1855586557894	17.3558069532938	11.6610017579966	16.3898205603356	15.0561218778276	19.3159381082048	21.31992460118	23.0873797127348	25.4714151550321	25.1398004168689	20.0661916914994	22.0015303785896	25.3864676156412	25.1506794142822	21.8221343135817	24.5671070742975	27.2215387147751	25.2810996794048	24.5719901310415	27.5761385440384	29.2113131851343	26.2336811370421	21.8460572644127	24.6515557926878	25.7689924909764	22.0994003538558	20.4737360049406	17.0713338963304	15.6718703733792	11.1626357550536	14.3410128303408	13.4710625416112	15.874231288475	17.1339680751424	16.0902704141354	18.1113990900758	17.0862345471435	16.0100532478815	17.861890745383	20.5005944304062	17.7287377159233	15.261098551546	22.0235218346204	24.0139836345409	20.3274646968086	20.7080443065008	24.0028853473911	25.6268299444157	19.6455723764924	23.7270084502872	27.5328973230207	26.294926069491	21.8317577395866	19.5296074205295	17.3863749815768	14.8891403378436	9.76430745112012	11.1618336755212	6.95080067330376	7.35394683146404	7.86297774383217	7.28915996531836	7.79294713186225	3.40705664760655	9.70932047055817	12.9198161751629	14.7374524935621	12.0917784465314	12.4732594777789	10.3518291137364	13.2403633635939	12.4245826489263	16.0801938421152	19.3509154305423	22.1326134923104	25.3862291410127
67	11.2010195071699	7.67994355448007	9.64122030657945	12.0703953953464	9.28531803440248	7.41579732732765	6.92158608990743	5.20487953751093	3.08671184272196	3.07408230208627	3.24435802586583	1.32869070893116	0	1.33016502735563	3.83280002087247	6.88687984503868	9.77364404917634	11.1733619828591	12.9505211478149	14.8121400884545	16.0328462226767	19.6749031255557	22.5907707039844	19.6591481504159	22.2283331358876	19.765827607262	20.3484918851496	16.0211279565454	19.1109624561402	19.3175226672573	20.5977758265304	20.2949237495488	21.6529534706007	19.7216634186876	15.9990773796491	14.405517345795	17.5231182727276	18.6555547491893	15.0658579244595	15.8792148735383	19.2344652122174	18.7284325291787	14.1870351377587	19.3442260119137	21.907869864503	25.5689528334658	26.6489415174412	24.6465326770319	23.6358610166839	22.187806426053	23.641002643712	24.1666841953959	23.6144514016312	22.9156819230849	26.6655002015713	26.953163710407	30.0612097061978	27.0076520453001	24.2584356667943	27.4586669924088	29.6114579343875	25.7809293470969	24.2426270853635	28.5733004568951	28.3553212113705	23.6841081529366	27.0878759226337	29.6999751009997	28.7427229225068	22.0668312405746	28.64437861082	23.827603047726	23.2558453942229	27.047023144886	28.1083362189938	28.3172378243359	30.4325813068823	28.2035899310708	28.3513568987447	25.0016304068355	27.5255964149735	30.1742229228857	29.642856222031	32.759200631273	32.7191544817405	27.051527942059	32.9157555890792	35.1729886845005	32.9133868509456	29.0224724136315	28.5671514330708	27.5537359354408	23.83003558537	20.6757408573429	17.2903623443813	17.3614539137712	12.0191631572252	15.4263373812451	14.386809027717	18.1282377246107	19.4759354332468	20.7149637219089	22.3873304795369	22.8350765709248	17.4591775579493	19.348395954187	23.2041063822764	23.8104929390385	20.447612305597	23.1413996335572	25.9376881583537	24.8019023060732	23.8626950280139	26.9504982885289	28.9657573006473	26.7482720563404	21.8043066617584	24.6494342937115	25.4366193115359	21.9325544339915	20.2502721216284	16.9471275147147	14.9276025536588	11.1463345544623	12.3088039223964	12.2549951040382	12.6407811863033	13.1653958922624	12.8541113267312	14.8414622258051	13.2007949381846	11.7881839144119	13.7181267671647	16.3807081959236	13.7177300235863	11.394538428563	18.3351052628557	20.4869060621657	16.8744508947699	16.6338819882792	20.4162517617706	22.4277087773138	17.1974266388899	20.3128167913758	24.5610155123928	24.0877145657283	20.3193428535472	17.0263787694272	13.8237350596718	11.2635264460115	6.44107421165134	7.23804877021425	3.67996114109918	3.27867366476141	4.30459022439999	3.37001439166066	4.13241503239933	3.33107219975791	7.10501133004023	9.40649158825967	10.8680575541354	8.21361339484639	8.91632962602886	8.36934674870148	10.8799173250535	11.286436727329	14.5211310165565	17.6869081526422	20.916252341182	23.82879917243
