41	42	43	44	45	46	47	48	49	50	51	52	53	54	55	56	57	58	59	60	61	62	63	64	65	66	67	68	69	70	71	72	73	74	75	76	77	78	79	80	81	82	83	84	85	86	87	88	89	90	91	92	93	94	95	96	97	98	99	100	101	102	103	104	105	106	107	108	109	110	111	112	113	114	115	116	117	118	119	120	121	122	123	124	125	126	127	128	129	130	131	132	133	134	135	136	137	138	139	140	141	142	143	144	145	146	147	148	149	150	151	152	153	154	155	156	157	158	159	160	161	162	163	164	165	166	167	168	169	170	171	172	173	174	175
41	0	1.32836967746181	3.44474106428916	4.88687927004546	4.11859247801965	7.46204408992603	9.23744196192864	9.54571212639476	10.4687176865173	13.2095355709427	15.0741711878299	18.0447183685421	20.1946668949998	13.4214381494682	15.3838034958849	19.7576894904237	21.7321292560117	17.9068538833599	21.1333907833078	23.880468064927	23.6767898373069	20.4214190251314	23.6522375262891	28.5397590389267	29.5283545935089	27.7554130936652	32.4590641115852	30.1387493602505	24.6747686108705	30.6498477157718	30.9782008031454	27.5441287754759	25.8323541706907	21.9267991964172	19.661843275746	15.0171368109903	14.5354832736996	11.5525840399453	10.8624150629591	8.44826485143547	8.15265318776655	11.3467851834782	12.9282352237264	15.1150342705533	16.1826064958646	15.7194593100399	18.1902599761521	21.1109537918115	22.4372974754091	23.2275286890362	25.4160371025854	27.2341974363116	25.4571057270853	27.1127895650743	24.2662254584433	20.0300839738629	18.4451470311299	15.1983735971978	13.1584570904039	7.98339739709856	8.65692543574218	4.85593255719229	2.85895960097375	3.94146203838119	6.66535700469225	7.47553242251012	4.83736250450594	9.37180377515449	11.7120927677337	10.0354844925395	11.224639370599	15.2111066329837	17.1083864230383	17.0959055331971	17.3633578837735	21.1070721323446	20.6556530760952	20.4850284110128	22.9614085369343	22.5439545998478	17.8296217290216	17.2911531425755	12.5313961712173	13.5813251194425	8.36149448364346	12.8152941831235	14.3415836642959	16.2876862690807	17.9990971162445	17.6413485595631	17.0344354177061	21.324746375983	21.1386891741186	22.0712937092505	25.5782590494349	28.325328947781	27.9809345090546	25.1092574760784	27.8860513339555	23.7902384393263	21.442058599864	18.2073145191706	16.559331025135	13.3269022281999	15.7918990308322	15.2447625760456	16.500687046302	12.8330422347937	20.5048028276304	19.5640942034125	19.3401499994183	15.8682980183761	13.0670714775729	16.2278390736413	12.9477774540652	18.4203003504286	20.3396358128655	16.9824262400871	18.6627499045559	22.2915440021547	22.1204877206629	21.1669180798717	24.0410817352298	26.6691676098074	24.8312612245129	21.4578508476501	27.2845535422517	29.811671774659	33.2876904726056	32.690998470527	29.783067773485	26.2724148300075	23.9023946917458	20.903341455375	21.088955735171
42	1.32836967746181	0	1.32938858126584	3.2994357093297	3.10575948843435	3.07003485322235	5.1940298420398	6.95166814512891	6.92458504171911	8.36023941044753	10.9396181377597	13.9726679270639	16.3658037688346	10.5804312766541	11.9329612418712	16.317881847838	18.5791076211964	16.0161889349495	18.4515882785195	21.021784629284	21.6881243310711	18.7483876906789	21.0535784606798	25.7777251711628	27.3305972309425	25.229960642062	30.7046041661507	29.1052387896062	23.5493922639205	29.4921894914569	30.3876003330306	27.3364440628257	26.0307371390055	21.8637015393094	20.2504610811705	14.7892281745871	15.2831314199676	12.1217737150963	11.0592372702642	8.90959595043456	6.43106103220923	10.8067596438525	10.8806108284416	13.6383321927573	15.7385357959373	13.8659204166186	15.4860014206379	19.6498238160041	21.2527248605914	21.118558686615	23.6269170650764	25.7594451803605	24.8050401733196	27.3149182133134	24.5364865251731	19.9466986240831	19.4255576239139	16.8032146031645	14.6103562584901	9.9729239944963	11.9941854662999	7.54948726735796	7.56734676091958	4.72428343772894	9.40050307164462	10.8755452277116	7.35600469004745	10.0222944478797	12.7786264128818	12.3051321813299	9.43869026931173	14.6385447705706	16.9926309028355	16.0583063552792	15.3689963888342	20.0693451064054	19.2468785521185	20.9000902868863	23.308375104241	22.9627075711903	18.1887577640695	18.7978865567382	14.6119254720246	16.305280310378	12.9325691569773	16.1071783065812	16.9862307767203	18.4065838764286	20.1947725166688	21.0309362131123	20.1496046115054	24.5484601146386	23.1158011325587	24.5138357259732	27.2585847028051	30.2719135503522	29.1977089854667	26.0137664516309	27.9719730623351	23.9821682297494	21.8550481811411	18.2280242483929	16.4506396836111	12.1556022063903	15.4582407149067	14.5885866347635	16.1233467059417	11.8629317202789	19.6027100422365	19.3598311976112	20.0353401268858	16.6991535414224	14.0276578943172	17.1473520113165	14.3088862250002	19.4011994216852	21.7565866118746	18.8821752454531	19.4282119094887	23.5803983426913	24.2058261788355	22.7321971881294	25.3964453615068	28.1542349745114	27.4339181853413	23.2823090349733	27.7488566250936	30.6406786478368	34.0357217493621	32.7284379859473	29.7376671916275	26.135495193319	23.7679019267583	20.0805200629864	19.9893224997747
43	3.44474106428916	1.32938858126584	0	1.33001090221096	3.21325473624486	3.35868917883153	3.06400538511276	5.14079692265703	6.98498969218996	7.5867338163402	9.12595934683034	12.298034233161	14.629363007322	9.99415073930747	11.2274514917678	15.5483579518868	17.6650061703924	15.2655736544684	18.3048063906724	20.7669223044726	21.4975989822119	19.2370618858494	21.8971991131286	25.3626270721312	27.132904931098	26.0552946826552	31.2767654018123	29.2532834567335	24.2725396075483	30.5139724388681	31.7470988438314	28.8416002503329	27.3764695313329	23.0029075988232	21.311057927752	16.0931187157741	15.7374384828027	12.8964326075082	12.6495926021355	10.4583837183381	8.50250098500435	12.6967530101203	11.9527303575376	14.7558602595714	17.2544705511354	15.9590220878348	15.9506384511718	20.8570127055626	22.7874292758091	22.6257795003841	24.8264300494453	27.0514099262867	26.3039566795568	29.2072800171464	26.3208995856905	21.6372283345164	21.0301964089735	18.4520817524744	15.9891653941036	11.3765816922308	13.7201569233008	9.27668890283597	10.0177928706876	7.21932822359532	11.584219611178	13.4412596879906	10.5006567889823	12.7428926857288	15.4899665913132	15.6324400526597	12.1357207449743	17.3038749706532	19.8267226489907	19.0504948229698	17.8608752865026	22.7303278682909	21.3894577070107	23.4487644450619	25.7982092014155	24.9655639031046	20.1360098083011	20.691341305	16.6789302414753	18.1406370340184	15.2549725007946	17.5583581521736	18.2696242161682	19.3450724733716	21.1085033576519	22.6281734790946	21.7134689536242	26.1845036615171	24.6524878257753	26.3203626494773	28.8420839399652	31.673228900761	30.4301437065289	26.9438275862952	28.7975220809013	24.8952153033469	22.2565500246557	18.8148835765731	16.3280877324934	11.5557960348909	14.7833420105198	12.8875950820935	14.1157950537687	8.804827880203	16.9356565269847	17.4848646262989	18.2125083939583	14.6422995803255	12.0450127853813	15.6758996233071	14.0806656447769	18.4993432045573	20.9463462446318	18.9349576445262	19.2200048387091	23.2806203096052	24.2944437474909	23.1119857433324	25.6008788325714	28.2762256851936	28.5384579471281	24.3728284160866	28.2708919562153	31.3205688964936	34.6084800446365	33.0709453448189	30.0631963204181	26.4639729821507	23.6163718000882	19.9161092836929	19.3369042248236
44	4.88687927004546	3.2994357093297	1.33001090221096	0	1.33338854052373	3.42529487781709	3.27136745108219	2.88654135601761	5.00445411608499	6.82020879445784	7.73364002265427	10.6710169149899	12.6593907436338	6.98896923730531	8.7503600497351	13.0974229908024	14.9621651173886	11.9217744065219	15.4529607195514	18.0182209443663	18.3042520743132	16.1659667821012	19.5980710530399	22.8501115533382	24.0581140989896	23.7118961072285	28.3235288408772	25.998979999223	21.1565924713788	27.5835035845702	28.9280351389444	25.9903996698781	24.0812256747866	19.8866754134521	17.3859646841928	12.8207082877663	11.0673878580268	9.10086072852453	9.73549515946673	7.69614176064865	7.52771313215375	10.9497076216673	9.40522498401819	11.532393463631	14.6167947922929	14.4018768221368	13.4007683734926	18.1594125730983	20.2495087100897	20.5894189330345	22.219236373017	24.4408442775613	23.5532681596419	26.6683093577377	23.6121982246465	19.0061958581932	17.8012057456791	15.3610604777144	12.3520191062028	8.1652331871172	10.4680266048573	7.36246460093358	10.0122551905153	7.38925943515316	10.510590183239	13.0417186750827	11.8387847771636	12.2851690668057	15.0510837151349	16.8518064610296	12.320528722421	16.938824339369	19.7235081311617	19.5420605106012	17.3803956226549	22.211046148257	19.6702689610488	22.6260419428587	24.7660895177256	23.0715387003121	18.2900650900974	18.3181106285556	14.7986000689254	15.4102822167539	14.3030087394226	14.2244101810936	14.4114963137073	14.4649456618406	15.6999002544602	19.3713180243369	18.3900731918065	22.8826303994973	21.0055130144446	23.295385079453	25.3633382069474	27.2039555028308	26.2637413176417	22.640408233952	24.7576634802237	20.8991367046584	17.4339006822914	14.5677018777843	11.7571024491581	7.62922807366512	8.97110439132217	7.68178716185238	8.84085940392675	6.76666490968778	12.9348486268684	12.0248139278743	12.3682773254807	9.18771903140273	7.3756806465573	9.56702519072674	8.32886030618836	12.3046994680894	14.7281739872939	13.0989380867305	13.5655053720825	17.3607992327542	18.4391621555861	17.8710195288349	20.1388792389249	22.6700917730829	23.3989918799935	19.5996579817098	23.4968362551217	26.5646450380953	29.7112936944859	28.5231093851985	25.5668615594484	22.0729295518289	18.7163981043362	15.870448575891	15.2530169474763
45	4.11859247801965	3.10575948843435	3.21325473624486	1.33338854052373	0	1.32361059228158	3.15472867296064	3.25464544920026	2.80992615561335	4.65927354852664	6.56291810096698	9.32698547227345	11.6054076188646	5.8880676796382	6.92270200138645	11.3024419927731	13.5943989569234	11.6018214949205	13.6863276666899	16.1708007841294	17.1846785829704	14.1935271867144	16.8886512486936	20.8503459923331	22.6750794926942	21.0512544281808	26.3291312048081	24.2021700266732	18.6463781201605	24.7933994442069	25.5984350302904	22.2726727852766	20.5341688168769	16.5577525648863	14.4165680728806	9.43447703903083	9.30161066697591	6.09240223557178	5.61257748276137	3.42996559749511	3.85433184871256	6.56329513278201	6.88380134809249	9.14413659128078	10.9878370938051	11.1212838287673	11.0134784241855	15.2487016168591	16.9025422052424	17.6975341220182	19.6454146049403	21.5300503715156	20.00935343783	22.6082061207872	19.4912619909538	14.9123683900311	13.8777582483627	11.4288360299726	8.9361435753909	4.89627419575334	8.66328696281036	4.92761747703695	7.49991986623857	3.90538307980152	7.00693549278142	9.54862058100541	8.63602460626416	8.2043184360433	11.1704437244006	13.2133799990767	8.64991589554488	12.6033748654874	15.6920085712442	15.9138672232742	13.874347876567	18.5593984008103	16.0951009005846	18.3748468292936	20.4425619725122	18.7852006377361	13.9828767068869	14.1085146985783	10.7653747728539	11.8967236666235	11.5499266664339	11.7539731580432	13.6070245094216	12.7799545382603	15.4736257548126	17.829096499823	15.5952150995105	19.9223306367503	17.5886011382372	19.5513120275853	21.6514197225032	24.5350330344184	23.2952932155833	20.0436576502394	22.3342249473762	18.2732559222488	16.0298505919425	12.5572616839819	11.2771075635555	7.88931416537585	10.8116109345462	11.5612830602836	13.2471232726204	9.73959470409318	16.9258653249989	16.2554675417227	16.9595773827062	14.1168411834943	11.843283539627	13.0998567167737	8.85207873891777	14.6004229390795	16.7389343149437	13.3069281954928	13.8367347665553	17.9271790586249	18.9955850133656	16.6333456045379	19.3761769190932	22.1527448863566	21.8833478928614	17.484610776337	21.895750386776	24.6460436784487	28.0790797213869	27.125722515723	24.1682772451824	20.6135515135068	18.40554641949	15.1007476967202	15.4097525288371
46	7.46204408992603	3.07003485322235	3.35868917883153	3.42529487781709	1.32361059228158	0	1.33182168476114	3.39815729477021	3.406147970949	2.62837192954117	4.91968708354505	7.93821069259314	10.548399831254	7.3538162881595	7.38752069371044	11.3853685930672	13.8245071521556	12.9461520537958	14.5942150868075	16.8728381430037	18.5660006732737	16.5845008064759	18.0331706585392	21.0387301185219	23.7403915089874	22.1080294011022	27.9814636321977	26.4663685079763	21.8304192355529	27.7461224137716	28.9742803189311	26.2661181372505	25.1335443978759	20.7096843771217	19.5404721027922	13.9190843089623	14.8211310634513	11.7852001255812	10.6486189245366	9.14940287669092	6.11813909616315	10.3721338209647	9.14903131484421	12.1368200530452	14.5513686985108	12.6978190647056	12.2510741978	18.0051309909148	19.8417196331366	19.2251309748464	21.6039331141346	24.0406695830212	23.55819496481	26.4571320252215	23.8200755036587	19.1407665990681	19.28811522674	17.1746478857646	15.3483694573723	11.5207434655928	15.1889654025546	11.0835312062537	12.6061168485779	7.84834766049517	12.3259609361705	14.2040396014655	11.2216812020303	12.1950677324892	14.7821757532509	15.6951275560283	10.2805552865592	15.3547352956669	18.0851331761754	17.1808117968855	15.0443101869112	20.1817796539354	18.1620814335802	21.2574601258005	23.6796250603763	22.5973167876188	17.9592379014256	19.2943228437797	15.690329314581	18.1813577325787	17.3820732077621	18.3518366383313	20.1650756755337	19.1992648036325	21.7944138485071	24.3265947884203	22.1980667851955	26.3211408757295	23.7811911602426	25.5952693089954	27.3174403083451	30.5570953298902	28.8115231287761	25.3608657778081	26.8445084328248	22.9889455826056	20.6955181863127	17.2070688381258	15.1232009839187	10.6331927942646	14.2947031448715	13.3485275217906	15.0385035824712	10.267220363857	17.7093292363093	18.1858387488727	19.6116189540792	16.3472862885557	14.5860241669894	16.7767838097771	14.2898504890709	18.9809158103607	21.5415308880311	19.3140024593557	18.7901399675468	23.1765440478083	24.8493621044887	22.5405791185586	25.001693162664	27.7956650756912	28.2569411826546	23.7929859622537	26.7869604472027	29.8912293156371	33.1835534715618	31.367953407897	28.4346931405985	24.8262269988816	22.4595913141802	18.4473696227945	17.9032306023243
47	9.23744196192864	5.1940298420398	3.06400538511276	3.27136745108219	3.15472867296064	1.33182168476114	0	1.33085724253205	3.31824486739602	3.42708082775997	3.14058386291466	6.20225837901002	8.4015123043414	5.78988255494013	6.31577342848839	10.0811575724219	12.0762036253121	11.0601463371874	13.6447651500493	15.7602769328461	17.0645066439086	15.8293704549486	18.2629101185983	19.943531808584	22.2950136353401	22.2142556481193	27.2547648861626	25.048742683017	20.9045574456863	27.3385600388901	29.1313719210064	26.7641178632885	25.5463566286858	20.8304570281115	19.6704453177858	14.7406038885793	14.955627335555	12.6099917922257	12.4473475487752	11.2258006841383	8.62661752948396	12.4990166013171	9.86987542981166	11.9700815368986	15.4759366760142	14.6048567606807	12.2425267816738	18.2337545502839	20.524092014021	20.0874387366832	21.5483795678469	24.1644728061673	24.0785439136174	27.2845086816677	24.8676040864415	20.2454076027133	20.5097489501944	18.8517072171196	16.9502353375993	13.2524395490038	16.8898777378642	13.11366645908	15.0650439760394	10.5274658394126	14.8194224246426	16.8483657664475	14.0153390611858	14.8262353279583	17.4239513314288	18.3428588011793	12.8709098745971	17.8108674690482	20.5766225119673	19.6121843250567	17.1916662659557	22.385227048212	19.999684722515	23.5314408186154	25.9190721091632	24.4350791690962	20.0341762495991	21.3879724611755	17.8940446517829	20.254321637616	19.7423445922717	20.0695575437028	20.5168093523335	20.0515233835238	21.6171525414426	25.6133892720194	23.9622212868507	28.2226415666571	25.1353130475831	27.5016643859967	28.4533669360939	31.2309939002908	29.3542669300393	25.4832258162109	26.423522361714	22.3131224394973	19.9685539286149	16.6850264009381	13.847311183042	8.88102116876207	12.5696932739029	9.88805329678193	10.4651870981842	4.00298451158632	12.2825176979315	13.5756090102802	14.6618965007942	11.2023890755499	9.530068887474	13.1633196800807	13.7492890725303	16.7142036902749	19.3968152282791	18.8402083587205	17.8389780817176	22.2477155905949	24.0487741267616	22.5554156689696	24.568982193001	27.2586978045541	28.5230655610508	24.5211828018144	26.1157668277231	29.5530798564211	32.5455165729475	30.1283425863422	27.2874618827036	23.7675605815995	20.8439563902825	16.745007315615	15.701554063213
48	9.54571212639476	6.95166814512891	5.14079692265703	2.88654135601761	3.25464544920026	3.39815729477021	1.33085724253205	0	1.32860754175189	3.29340234408127	3.15148552273368	5.07790005809488	6.91095789308544	2.98894529893071	3.00973653331982	7.13437131077434	9.19444886874684	7.6579810002376	10.3077635789729	12.5462224992226	13.8241499196153	12.4750350300109	15.0374435327286	17.0112457215808	19.086634616925	18.9739243173361	23.863007584963	21.7995368299421	17.5697661908177	23.9436820267894	25.7840969979559	22.9509034680555	21.2137513419951	16.6942845608909	14.8435930286437	10.0553900471339	9.48236457852154	7.26192880714208	8.2124317348761	7.31439587389143	7.45272634678075	9.62140499095636	6.97105142715215	8.21056477959952	12.0682363665947	12.4788119226151	8.91271125976827	14.96683112753	17.4048197347746	17.0208084708101	18.1551577795402	20.8216300514633	20.7127246879786	23.8743127440352	20.8200854945411	16.2885551231532	15.7192455607768	14.102263009886	11.6658754065008	8.64562467378731	12.4787027370637	10.5153692279444	13.4350538889876	9.45008788318924	12.4705485444707	14.9967698855454	13.9117876996452	12.4497799980562	15.5711021446781	17.5431952619812	12.65229358654	15.8320810066144	19.3164891737603	19.1685874805631	15.9390245937448	20.7974726829968	17.473312851317	21.4416432439307	23.3780589656199	20.9896447087606	16.6069882278516	17.2019423321903	14.2260997465925	15.7840375379685	16.7427716343502	15.2164619409375	16.5569155038008	14.4398640229055	16.8755181846366	20.4200294074225	18.8504124358063	23.0192469251277	19.8485357898259	22.4725821613806	23.4922879898915	25.9083369786638	24.3272299697273	20.5132632947564	22.0050434900729	18.2235187875448	15.3502256986665	11.9632317540036	9.191762507811	4.23500365997481	7.63375733174693	6.41323358377036	8.58512166483388	7.54690824112762	12.1677798303552	11.3798290408951	13.2016799688524	10.7631126538748	9.61905182437438	10.6849916237684	8.68283024134412	12.7459502980358	15.4090140177754	13.9090739087834	12.6150807369592	17.0202696218362	18.916869429163	17.0527894785575	19.2116228101636	21.9259305161719	22.9850960624488	18.9659719761472	21.3255843061802	24.605067811327	27.7429658291971	25.9445704917233	22.9804866136468	19.4090357565748	16.2542876497249	12.5049530586884	11.5291139728949
49	10.4687176865173	6.92458504171911	6.98498969218996	5.00445411608499	2.80992615561335	3.406147970949	3.31824486739602	1.32860754175189	0	1.33141315901564	3.11833304828076	4.48794318145852	6.91893098679269	3.987150110041	3.7761039445439	6.84550955006273	9.53306042150159	9.19432449938548	9.68577776949275	12.3457752287979	13.863203165214	10.9912922807102	12.3444138378458	16.1955942774571	19.0088872372898	16.5152026024509	22.314575192013	21.2730868940076	16.1002885377871	21.7046071146197	23.0523448048132	20.913393913949	20.2976996479897	15.7364854398941	15.6215564205363	9.95651891978316	12.8141838991018	10.1741292010668	8.09587956926238	7.65607947973374	4.02048031956382	7.32909032554518	3.85409003527421	6.78269607162226	9.45459433291561	7.79242260147639	6.60841962953322	11.9788294503261	13.9709793858555	13.2314045361783	15.4753073313586	17.8532037181006	17.9207180938711	20.9902744622361	18.9654644024342	14.3998905898621	15.726109309044	14.1860721484137	14.010463803886	11.4199017508909	15.3846970070912	12.3291129445715	13.2331959858532	8.26893771895762	11.9756784776479	13.1932944331581	10.2560992097386	10.0829563620994	12.4677384476897	12.8025794666544	7.38825831979364	11.7824495755339	14.5465777418608	13.7426111783751	10.8753137426007	15.985427176025	12.9060699285259	17.1590304504654	19.4658698752458	17.777737820094	13.8732688649792	16.1554226499959	12.8875699416143	17.005067333004	17.7552480692329	18.2874603485558	20.4296521017858	18.2393411613468	21.9700264451366	24.3344646129723	21.5487638624586	24.5551399507313	21.2156324911609	22.9850066347608	23.6627064808741	27.2625211233297	24.8640607705178	21.4465874674737	22.1057650851537	18.0583934501384	16.5079090741378	12.2855867991724	12.0898481793611	8.15659211926157	12.1113830754378	11.3971023510364	13.8669897598578	10.9067210012909	16.8583260438277	16.628290050393	18.4221461561893	15.8850260623016	14.7395293683347	15.9438794839901	13.7147285062447	17.7687432588802	20.5117901949099	18.7763239746229	16.9768917355327	21.5878915366925	23.4488952405012	20.3882990462667	22.5705334894858	25.4197699438842	26.2261021884686	21.7758264596318	22.7930491817133	25.9641699848079	29.1282329879449	26.6389039188928	23.9238421872407	20.4116098826134	18.3577254854734	14.3672191115748	14.5512728309244
50	13.2095355709427	8.36023941044753	7.5867338163402	6.82020879445784	4.65927354852664	2.62837192954117	3.42708082775997	3.29340234408127	1.33141315901564	0	1.33057619097893	3.11813069001285	5.76016918154319	6.09218277795406	5.15944270246313	8.20781213235293	10.5184854423058	11.1925174111993	12.1310412578641	13.8428933753027	16.1071210338782	14.9152422038665	15.9674713401966	17.4298926273228	21.0923977062827	19.9279528552232	25.8407940667465	24.411950372717	20.0958368076574	25.9823556668752	27.7127660293952	25.8603242632416	25.1589883938127	20.4266999292593	20.0242732951785	14.8133992385273	16.3813856251539	13.944809034189	12.8483512560951	12.4998359189231	9.27307764445009	12.5167323611236	8.95391232925585	11.2879625708097	14.6760267783893	12.8971671308082	10.2718534841576	16.7373881176246	18.9539801361086	17.6546835712227	19.8440320751605	22.3534368945807	22.8678467941343	26.018772376882	24.1858803643779	19.6373319216232	20.7268169288002	19.198639040307	18.2300543608625	15.269661260159	19.3733998306957	16.2252825245048	17.8809175100161	12.9647289211923	16.975813618204	18.6892158476486	15.6030040697296	15.6158893758889	18.130029812441	18.3705271018553	12.9582031933444	17.2717361316111	19.9919906712663	18.7862851303817	15.6399821611151	20.798196580473	17.9485977446708	22.4077755701007	24.8016788544647	23.077228906435	19.3256336248	21.4449591512784	18.1132005178544	21.7166201790242	22.467517019021	22.2589992811896	24.0107312258498	21.8754204531022	24.8347683903031	27.9734106250918	25.7319606326452	29.3121795504872	25.9525059291006	28.0242281963304	28.67499722755	31.9804964470535	29.6683598468132	25.8882827163178	26.3466288925168	22.0546779164875	20.3267571934138	16.8095817021126	14.9136005377642	10.2048407140925	14.4705013389309	12.9448543444876	15.5298887632848	11.6410175242545	17.2106057127575	17.7913214236605	19.7442936313255	17.5902852734116	16.8537014035493	18.1021487674806	16.3835887704739	20.1423452954218	22.9407893499766	21.7047356583765	19.6429204804174	24.214924715968	26.3298778956531	24.0470270511762	26.0203710580768	28.7771903771025	30.0100129123598	25.893036438394	26.6377649400245	30.073729482723	32.9143412360023	30.231304437619	27.5066994566778	24.0159969603596	21.287398361472	17.2432914781372	16.5570677053638
51	15.0741711878299	10.9396181377597	9.12595934683034	7.73364002265427	6.56291810096698	4.91968708354505	3.14058386291466	3.15148552273368	3.11833304828076	1.33057619097893	0	1.32629936288909	3.38474518981858	2.91986523661624	2.99474973912679	4.83935884183019	6.79162351724534	7.60565769674129	9.02902264921293	10.705316950002	12.4211351333121	12.3822593657216	14.1764693065657	14.5563770561222	17.3749483164699	17.8771281810027	22.7104225191871	20.6530323681536	17.157398404187	23.4613888122592	25.6474244710848	24.1149055357884	23.4126230482618	18.5895497793787	18.3452336589099	14.2446914322494	15.4760231971912	13.9168514398911	13.5831107998131	14.0327885325761	11.1230649103563	13.4881861641957	9.15571531885958	9.37596299054129	14.1231280175463	14.1057577251277	8.72515776361666	15.237634658962	17.8139613225133	16.9734873258267	17.5949160270801	20.5487691602198	21.3011163087759	24.5594358444977	23.0029829370019	18.8650365491297	20.1222301199445	19.1892212973846	18.5035322303608	16.1503525038929	20.1967532539267	17.7638453325849	19.8111064557233	15.0573367166973	18.8410298020039	20.8115816313898	17.9712869878593	17.5318961039586	20.2082790212329	20.6944675215382	15.3397636878799	18.8430591200049	21.8777564206205	21.1372823466026	17.6546499540489	22.2419835895992	18.3812397840842	23.3854512250673	25.4676021839513	22.5274762678823	19.6079041970324	21.8201768095495	19.0005672020601	22.6186947678242	23.9951585533416	22.7881277423135	24.1129579064867	21.2733456701103	23.0778676874619	27.6016646237143	26.1506865875449	29.4146581656153	25.4107050866362	27.9106598452993	27.6572605114823	30.5635729095929	28.0154992459531	23.9901233635844	23.767780144557	19.29368261893	17.6028426397557	14.8655873076041	12.4361282560128	7.21411352835537	11.3286022527053	8.23636102899818	10.1518347602786	8.4910254975474	11.7357126754194	12.1209853147341	14.2851764427325	13.2059226107077	13.5062448889393	14.1434467510575	14.6956795351559	16.4370227839472	19.3150480196141	19.7099899543353	16.914133173178	21.0811004219419	23.5638528683235	22.4171742643893	23.5450309832032	26.1694579615245	27.9352461775442	24.9491887844074	24.0054752504507	27.6532100487448	29.888987436847	26.9328984886514	24.3471301388891	21.0219840405229	17.8680354264256	14.1169857972586	12.8010898754754
52	18.0447183685421	13.9726679270639	12.298034233161	10.6710169149899	9.32698547227345	7.93821069259314	6.20225837901002	5.07790005809488	4.48794318145852	3.11813069001285	1.32629936288909	0	1.32754397290636	3.3050037821461	3.43553474731373	2.82965899005516	4.32575242009988	6.62081913361179	7.48383203980421	7.41500647336198	10.1775294644624	11.8931839723432	12.1230715992276	11.2215573339889	14.9453849398401	15.7678335227133	20.5451939148795	18.8044621300371	16.0880088886102	21.9771893334885	24.4591084874327	23.2952542162562	23.3228436945412	18.6315056557434	19.0384449995266	15.5744901682206	17.3695250942563	16.1008293264664	15.5921368003234	16.0098126784794	12.8487224656773	14.907990072441	10.2281255858539	10.034877677381	14.8800380039837	14.8579158026959	8.39015720949256	14.7959374829715	17.3767723700347	15.8734380018949	16.127237209144	19.2686513798968	20.7450809109051	23.9172058777776	23.02297291837	19.3336505088925	21.1835782860215	20.6503923933663	20.6457614294072	18.4554190686638	22.6303580395892	20.337825326224	22.3652391223523	17.530198886493	21.1200571495439	23.0199377496986	20.236896352949	19.2930995177032	21.918871572232	21.7100820357732	16.7982471704639	20.0274371051316	22.5989614141889	21.1769135853174	16.9707036094559	22.113139578088	18.4387318978285	23.9207512214813	25.8624185063965	22.4017718272462	20.0574456250042	23.0928485466822	20.5992646956147	24.6914914494852	26.0004317464153	25.1790073473916	26.7019983896337	23.5204702546527	26.4288570127427	30.1803942485846	28.1168003336084	31.0151781713406	26.7060662209918	29.1613683320931	28.2754510662518	31.2462414379714	28.3610393321542	24.3715692765156	23.3162229145288	18.8523433821899	17.707726929225	15.152383772859	13.6123557476287	9.71099608691096	14.3189729380288	11.0498330304127	15.214081536524	12.959891743375	16.8813254811345	16.4797961455838	19.2526688539537	18.170000715465	18.0161340192617	18.6528069737506	17.6538030746919	20.3947292455673	23.1336058797586	23.0292039158977	19.2329684656321	23.5414155479232	26.034628651087	23.9047497163221	24.7331982768101	27.5530651833875	29.2362955587742	26.407944353925	24.0577350970535	27.7260521170974	29.4509981834233	26.1339103273888	23.8284524466026	20.6047445749759	17.4521185533448	14.2779143434887	13.2079965929735
53	20.1946668949998	16.3658037688346	14.629363007322	12.6593907436338	11.6054076188646	10.548399831254	8.4015123043414	6.91095789308544	6.91893098679269	5.76016918154319	3.38474518981858	1.32754397290636	0	1.33477563657717	3.36573246114423	3.80007447295445	2.68483332816024	5.14102966340402	7.04625418218787	6.94396666178633	8.93125937368297	11.136979752159	12.4137008986039	10.9724265775625	13.4759314705886	16.2411098758675	19.2820151177204	17.1099291056392	14.9196194321437	21.2774350192875	23.9311861385933	22.3096337262627	22.3479284498586	17.7445724941459	17.8794842766787	15.1325437716202	16.3302788096223	15.74091414118	15.9218364204636	16.8337419785382	14.4187615973079	15.6199681817858	11.3947726173013	9.69509164474478	15.0059091360704	15.5604725827977	9.13557956563239	14.8264569604474	17.5466521593152	16.6780750687842	15.947111776118	19.2676113205555	20.401366032695	23.6085731250324	22.5520462042804	19.1137640458388	20.631983641909	20.3690408708903	20.1771030874107	18.8931277982234	22.933803304293	21.687140613737	24.0878786529657	19.4179516427454	22.4981099872856	24.5471854394755	22.3095790412997	20.480393502079	23.2623700426246	24.0141163485147	19.0992830755502	20.9318966412506	24.3072364945092	23.9727982096375	19.9810726939271	24.1481155786533	19.5823031331864	24.9147441688651	26.6374794040277	22.6276003809507	20.4951663325771	23.1265051402066	20.9313882482744	24.5834348495079	26.3767256876209	25.0445176435882	26.220542976834	22.4371789002094	25.0780540313638	29.1310211458507	27.3067785540514	30.3746719982291	25.8425071732601	28.6116904953203	27.3869156167685	29.8969038029024	27.0559241202366	22.9610211227637	21.6414960896884	17.3319834121776	15.9238596137997	13.8845860579277	11.7915815309059	8.27071877166671	12.6308164423366	8.82235966167782	13.285325438242	13.3195546847483	14.606507625028	13.4344301330574	16.7490609587523	17.3946690971688	17.3221514252705	17.0671840676779	16.4411573193617	18.0133342554897	21.1212769737059	21.5081282542205	17.3933561453792	21.4757564243963	24.0740816024205	22.3099086730538	22.6148002202098	25.5164489104577	27.3837059946239	25.076323833449	22.1693308424048	25.9290385089768	27.3705684632234	24.0749124401315	21.7805102327746	18.5493077229313	15.1125723157906	12.2151144489112	10.8092307311853
54	13.4214381494682	10.5804312766541	9.99415073930747	6.98896923730531	5.8880676796382	7.3538162881595	5.78988255494013	2.98894529893071	3.987150110041	6.09218277795406	2.91986523661624	3.3050037821461	1.33477563657717	0	1.33346353530946	3.44498272854887	3.32891694098846	3.15970900558896	5.24670582365736	7.0594756887463	7.81600901995385	8.32473188757452	11.2096657398872	11.6110321246649	12.7628462734611	15.2852748094367	18.4657723640253	15.7243148658376	12.635562591353	19.336270297035	21.7073238792809	19.2129177378138	17.8606934355864	13.0700834350818	12.099150631346	7.89505687123278	8.86946650030316	7.50669274714238	7.86768790687582	8.74964233554721	7.35765166340457	8.9012180065427	5.04379083626591	4.33402630356577	8.96472024103374	10.8597085596253	6.92438401592517	11.3337184542409	13.8662972707208	14.8744299386565	14.0559966562318	17.2644902618062	16.7847639840422	20.0695824321285	17.626907442884	13.3656060842747	13.8279003106039	12.9242950291302	12.0612988106588	10.679734266357	14.7138187429369	13.9727934930707	16.4303001798506	11.9557411313561	14.6091112323782	16.7961168428896	15.2525219226199	12.9110901940928	15.9380350733709	17.6904620911948	12.8223520853235	14.5122782153596	18.3843965361934	18.9122790271294	15.3663242514272	19.67398693707	15.4047559539254	19.5039053781544	21.2534673171226	18.0629683330288	14.6616784850849	15.973323699218	13.4670434023211	16.4332782791505	18.0792293530449	16.8431147357013	18.3142779546451	14.9271053791417	18.1691675648611	21.5163263825403	19.6494721812063	22.8733529898876	18.8299604619872	21.5063493182827	21.4116684310214	24.1478778570706	21.8673014796065	17.8740995017931	18.4211270284964	14.2530836312708	12.082365041663	8.93924543795504	6.62528293735445	2.76589623811162	7.1144401044636	5.87207978488031	9.98648006056188	10.0861816858512	13.1114952999267	11.6021407076453	14.417846753243	13.206161402921	12.1550445906216	12.4410014066393	9.34476933904738	13.3973355933185	16.0166112208544	14.6876509013525	11.7629327125509	16.3728166177967	18.5462579783632	16.0987566290071	17.8370864493056	20.5747794398871	21.9026592905976	18.3125153651813	18.342009977099	21.8313308343765	24.6888604030239	21.9633558683549	19.3841966560392	15.8364543064412	13.002944820309	9.07302187807348	8.4858452731593
55	15.3838034958849	11.9329612418712	11.2274514917678	8.7503600497351	6.92270200138645	7.38752069371044	6.31577342848839	3.00973653331982	3.7761039445439	5.15944270246313	2.99474973912679	3.43553474731373	3.36573246114423	1.33346353530946	0	1.32677164576275	3.26741533937759	3.34904598356009	3.04364534727685	5.13206430201337	6.941465047092	6.96540135239887	8.74291381634292	9.98565801537385	11.9579726542587	12.2875339673996	16.7140162737745	15.1487121894899	11.4862750707094	17.4698265017143	19.7628972825343	18.4909823968333	18.3858380554165	13.7163208623887	14.4555690652426	10.8367906688281	13.3712335257447	11.6309453614055	10.6988465266121	11.6419873303487	8.4120063005207	9.50078775681259	4.79840275508424	5.50181688172189	9.88788162348235	9.74092567469848	3.90204882081196	9.87892570070248	12.536632761631	11.7208878076705	11.6203341173996	14.710766431427	15.8016584889055	19.0129496396535	18.0221866320377	14.428056383311	16.5123393254863	15.7562593911118	16.059614783674	14.2083822442951	18.3984036264019	16.6662994692883	18.6180249758131	13.8141828567599	16.9996113190861	18.7549920821098	15.8809086012104	14.391706292167	16.9002905300471	17.3351274872728	12.5085635865994	14.6198598146494	17.6870688922727	17.3868779543655	13.5688834102147	17.7374803734916	13.5984280709205	18.7732791754664	20.7920820265793	17.5765681519459	15.009427737259	17.9414167222101	15.2925662333043	19.5582603776512	21.3676047791979	20.817538519239	22.4869028770082	19.3824026632407	22.6720525316964	25.9002210608327	23.7051130560476	26.325406150713	22.1900392518806	24.4049539847958	23.4232621126947	26.561038176246	23.6176920337276	19.7443866453228	18.8302547513304	14.2883424511033	13.4933501399764	10.476958003161	10.3415903032367	6.42315140721438	11.0362629997658	8.27169807234283	13.3444238541797	13.113317086077	16.1859187567466	14.3224688514236	17.4071920193924	16.8784790191534	15.9297573741724	16.287769521945	13.8508820657747	17.2463490049343	19.9609287860059	19.2324863967195	15.9087627740186	20.3440407244972	22.7132854514709	20.0375501995628	21.1060961335819	23.8391288850914	25.3078932548721	22.2192812214977	19.8021006208937	23.3264664490788	25.2694871534822	22.1023415501616	19.7489605042898	16.5838496737036	13.8619312146613	10.345721482816	10.3510309148413
56	19.7576894904237	16.317881847838	15.5483579518868	13.0974229908024	11.3024419927731	11.3853685930672	10.0811575724219	7.13437131077434	6.84550955006273	8.20781213235293	4.83935884183019	2.82965899005516	3.80007447295445	3.44498272854887	1.32677164576275	0	1.33901194916252	3.34886533022754	3.30796327065462	2.74571411476141	4.83129661685142	6.81372504581745	7.34528556286275	6.55657807091474	9.56498583375846	11.0115719586261	15.0288496565772	13.583436715353	11.3268195447795	16.7734526559084	19.4849019756323	18.5430105430591	19.3190222061056	14.98101725518	16.2493393404163	13.2599030916519	15.5769724272723	14.5344603614995	13.8299696673565	15.1795367847639	12.0500533608777	12.7382657375327	8.19488749160109	7.60557229930792	12.3294253312959	12.0427439564245	5.75153718583128	11.1129266622254	13.6355564976278	12.1640344458572	11.2426892245583	14.5721914275101	16.1946614660511	19.4941253202086	19.2409863832393	16.3338748923824	18.698987379	18.3174523337717	18.7464220319505	17.686242506536	21.7730451705773	20.6687442772898	22.5353300841146	17.7851814722257	20.6404436241085	22.3655013134068	19.5214078385756	17.8953122353314	20.412749202398	20.7420513209277	15.8850886368317	17.7712938471007	20.6205877219831	19.2706389359564	15.0066093105671	19.3825844509962	15.3096315435741	21.1397067387417	23.051940070198	18.8386152888157	17.3859724490751	20.6524102709587	18.3581053488643	22.4969783971092	24.435738826563	23.8597261090734	25.3674047155006	21.7353528841839	25.108453277731	28.4082114009312	26.0256977043844	28.7164605931859	24.3392349304575	26.6966207786678	24.9863325440129	27.9456247201597	24.7561371986827	20.9562926587696	19.0497980566724	14.7085272546234	14.4531922425463	12.0959672618605	11.9720180838487	8.85001158191333	13.2204268463617	10.4911843945286	15.9824129905343	16.3711219224585	18.7876351092946	16.5402696773662	19.9309924238609	19.6482467665693	18.8617936050631	18.8136837966412	16.3434552650289	19.2709688910547	22.1078884790022	21.5475097633114	17.6954774448162	21.9423687645614	24.3847643827042	21.9193794163977	22.3013635905969	25.1666090683668	26.8081422146332	24.203762476111	20.4634345846439	23.9862753048488	25.1734639849187	21.6961739945088	19.7085291434952	16.1121756134918	13.9396244210524	9.91885290746869	11.0664640694307
57	21.7321292560117	18.5791076211964	17.6650061703924	14.9621651173886	13.5943989569234	13.8245071521556	12.0762036253121	9.19444886874684	9.53306042150159	10.5184854423058	6.79162351724534	4.32575242009988	2.68483332816024	3.32891694098846	3.26741533937759	1.33901194916252	0	1.32725920603324	3.22183193230187	3.26175566221628	2.92617207286243	5.14360661404038	6.99992235671225	7.17288728476894	7.59973775863352	11.3097753293335	13.3799239908155	11.0518505690224	9.15231976058529	15.3391503676051	18.1759776903472	16.5819867325963	17.2595715763747	13.0997408371311	14.1156621169536	12.6769205251118	14.5697322212867	14.5791428074493	14.6418252277508	16.2170697106475	14.0978471406098	13.6847838857616	10.1698946405555	7.32193396583171	12.1469249606639	12.3465843859749	7.03507633220849	10.6072342766623	13.2193859539693	12.8650048192762	10.6304711560683	14.0688138448129	15.2727464458754	18.348583433061	17.8151942172967	15.262062802911	17.3008362225645	17.6810946210918	18.4074545768827	18.3682140939178	22.1080568797893	22.1543299830981	24.3020083326461	19.7436224639755	21.956366616542	23.9262172104159	21.5944061275137	19.3122958500537	21.8756439219512	22.8746754512496	18.0740628802713	18.7405407072475	22.3721786377635	22.3881171383393	18.5078792680307	21.675683633971	16.8484150293136	22.0631147846355	22.8675146222759	18.3221385760506	17.125992584373	20.2336032628892	18.6871723650209	22.3612988442085	24.5553246975071	23.6348568220753	24.5810209104504	20.5394368471972	23.7436063183334	27.2068669273035	24.8167148913792	27.3916348179513	22.5216253853935	25.1633785887349	23.0281872061176	25.5719708470036	22.3627841066357	18.4739860885517	16.2946833660553	12.0861687064181	11.6454859065648	9.81018919287493	9.8564071547395	8.60452363585574	11.7243420710929	8.34864288372667	14.403318680082	16.3141587892235	16.7435426657563	13.1668190919447	17.4567319106412	18.6071797164428	18.1841420473994	17.0504911366213	15.4870058113245	16.0489643591105	19.8308168515571	19.7876474852368	15.5674798538492	18.980982745896	21.8978148681552	19.539869139787	19.3305369299458	22.2516313109848	24.0205228294473	21.8031353937914	17.5327075775534	21.0683437175303	22.1788726719822	18.661894598352	16.6395590386284	13.2677948054679	10.6590459704422	6.87890361903698	7.37101512683294
