8	9	10	11	12	13	14	15	16	17	18	19	20	21	22	23	24	25	26	27	28	29	30	31	32	33	34	35	36	37	38	39	40	41	42	43	44	45	46	47	48	49	50	51	52	53	54	55	56	57	58	59	60	61	62	63	64	65	66	67	68	69	70	71	72	73	74	75	76	77	78	79	80	81	82	83	84	85	86	87	88	89	90	91	92	93	94	95	96	97	98	99	100	101	102	103	104	105	106	107	108	109	110	111	112	113
8	0	1.32786181509975	4.30597503476274	6.67260436411451	10.1807987898789	8.359328382113	12.5972685134516	14.1461163575025	11.727600351308	13.8295274322733	17.310231829759	18.4905111340925	14.4688144987763	19.1360323473807	16.720837479026	21.0245242276728	23.5367896493978	23.6378319860346	20.6514492953884	19.6992925253675	15.3554556103035	14.8976367588957	9.16282947565871	12.313011248269	7.74131326068129	5.97806942080803	5.64900752345047	3.56626891863191	5.08878197607247	4.42126203702065	6.07633351619215	8.37943846567298	8.64498403700088	9.93848927151406	12.045916237464	13.2016790977512	10.778870859232	15.5038120796145	17.9362000713641	20.3001088667032	21.7811776082011	18.823144184753	17.9866098528878	13.2012069902718	14.7865688379691	12.9681346769688	11.5578477667773	8.9890681385781	13.386939680151	10.699414423229	13.1402409414744	10.726310176384	6.56390942960063	10.1895785977635	11.0709377199946	6.64646507551194	8.3621462555973	10.7560982702837	11.1976078248883	5.77955820110845	9.79269140737111	13.1348498278435	13.0555701522377	13.5265761373675	16.8301131606416	19.3005770380059	17.6550590483295	13.6678136510563	15.306621900341	11.8943962015732	14.9746429339734	16.4840561755898	16.2226343729987	17.7643464557523	15.1988782151842	19.6236988358464	21.4552695625107	19.5446656149447	22.7516515884012	24.8822951915614	19.0828443372575	21.1348222135886	25.6991983143444	24.9584801019613	21.5153934428353	27.2067435206788	23.0535820643994	26.8495723802075	24.7011576651784	21.0106938962044	21.3610270820483	18.1875529415037	16.07773556817	10.5816555888008	11.7568388183219	6.27393759930715	10.6443679943903	8.56777246429899	5.65249723573573	4.44584615118427	2.89551981516273	5.22212657832037	7.3414617754232	7.5811884952163	8.15166541266262	10.2300590907384
9	1.32786181509975	0	1.34323974032933	3.40161211780532	6.36083406480628	5.73673330389343	8.76746542622211	10.1349893931864	9.95620354351999	12.0982845478192	14.8941310924807	16.3361602587634	14.1898471098176	17.8768837888487	15.888689247386	20.4196529598326	23.4586682060172	24.2112241119692	21.522186087849	20.9290786705961	16.322490036756	16.5918977214784	11.2812249334902	14.9130062361685	10.5373787063007	9.68636784352112	10.2296323492098	6.94085859242212	8.17821435277897	5.92654123414323	6.42339536382434	9.57699436148941	9.88841686014501	9.00389188073691	11.6483668383169	13.9698740509713	10.9146141480127	14.9185160455053	17.2605300903535	20.1066589218597	21.9704243472902	19.3316823116872	19.6085627724216	14.6100634495542	17.4767700105025	16.1996724966896	15.1617756875638	12.9202054550228	17.3076814449539	14.8252495425878	17.2399787702885	14.4591513928031	10.7625868173037	14.474432907717	14.9105804380648	10.1780984962811	12.2833808456793	14.6119480220811	14.2836077375431	8.3626850951115	12.2743279245749	16.0613689640703	14.7390857925449	14.7212950856913	19.5204553737867	21.9028272832527	18.8665132443703	16.4360516548227	18.6797253191796	15.6482368655386	19.1771940335389	20.8614291217069	19.8513299554463	21.053160000342	17.2947261614632	22.2316706749628	24.3382246065731	22.2176097049165	25.4229822208174	27.8848588305553	22.5823248581717	23.7377258809685	28.6716074540651	28.5460974740857	24.7294658858617	30.1508638184713	25.5555909734054	28.8598506059889	26.311704429778	22.4801420369178	21.8137731032483	19.1276393995705	16.7321525513007	11.0880318812673	12.0472618465774	6.5203940831824	11.2799527038016	10.0906054327776	7.7637091006812	8.02762499124118	4.57514688288802	8.38810204992762	10.7732154438682	9.44754486626023	10.1707890057753	12.8094903879897
10	4.30597503476274	1.34323974032933	0	1.32258572500991	3.54760609425567	3.02241261246707	6.46138885998978	7.36059841317267	7.10167649220943	8.77263609184834	11.8292884824067	13.2153937890628	10.6640491371711	14.3959953111968	12.2720220420271	16.8168968005396	19.9114018341251	20.620577392498	17.9634576571438	17.4309593826616	12.8400400310902	13.5218112322277	8.45854532410863	12.7764949027501	9.12970196665806	8.17915759721012	9.64735347128942	7.92504996829673	5.85659739097712	3.3453576789336	3.74574612060134	6.43338806539758	6.74689595295496	5.51944290667092	8.08083788972406	10.3843174065511	8.10650417874437	11.5568482727775	13.7290195571279	16.5378531254816	18.3770680196815	15.8200968391474	16.2231898528002	11.3239340778724	14.6543067730958	13.7539938199783	13.5791043150865	12.332921308433	16.7625836910662	15.6803668962177	17.6538004123758	15.616893993365	11.4292269642352	14.4891562556279	15.1230814981604	11.2376485084736	11.1789370693282	13.5144875596524	13.4524583998613	9.65638426120253	9.43833051974765	13.9784563525448	12.5540159709951	11.5510525061572	16.593335439266	18.8556587262286	15.3515061476065	13.5803346424158	16.2165851830772	13.5328758214949	17.6237265639251	19.6801237038795	18.5929912870415	19.8000399494546	16.3798087900928	20.9229958896904	22.8139648680364	19.9865869772705	23.126703375103	25.5729585695516	20.2680899198716	20.7935364236101	25.9153292666715	26.1510345110858	22.0629974844761	27.2578996989863	22.4638727515983	25.7295793980391	22.9780201279397	19.2093049067373	18.28541314819	15.7567536631122	13.7523222039043	7.86410973982434	10.320424119192	5.63735700483835	10.5550876358276	10.4385036283943	9.14129432848544	9.20811701706706	7.28075669144355	10.7009170167795	12.3814650587077	11.4354390383579	13.3963909318891	15.5851905666886
11	6.67260436411451	3.40161211780532	1.32258572500991	0	1.33562082942728	3.16284334104615	5.81543300193545	5.62616699005637	4.11612888525129	7.63238075570133	9.81134297637178	10.094209330106	9.67139297102543	12.8616161115157	12.2319624345401	16.9284571653769	20.3820460454784	21.3434169241947	17.6255850683034	17.8334598718252	13.0739544897479	13.3223532831103	10.0592521093767	12.8577969341563	9.59025135228477	9.71617249743952	10.6430037583381	10.2399577147564	9.17319170191052	6.89775883892732	2.77508954810471	9.12559132330612	10.6685045812429	8.60569067536127	9.82310460088866	13.271074334808	12.3237066258492	13.142073390451	15.6983627808762	18.9042129167019	20.5338079517658	17.0079696025128	17.584623766234	13.4236247340277	15.9433477350273	15.5350554875095	14.4402248251196	12.9102257919837	17.1657147826707	15.8773411502052	19.2304231362703	17.3123499560285	12.6204921060948	16.1288652421675	17.8307046691935	13.9374219639071	13.9035254881631	16.6926591350809	17.4379703520794	13.3500904116789	13.3742268561588	18.2074206026005	17.2353078881696	15.958267731806	20.6437302346257	22.712901465907	18.6569308569228	16.5332454769171	18.516184596185	15.9917822333847	18.9207986353642	20.7906186055153	19.1031491121228	19.9182640056808	15.1989307518654	20.3941437917849	22.5636540702077	19.8605109954402	22.8776100806006	25.5966714632977	21.4329094851819	21.3340092340844	26.4245461834257	27.4539158227019	23.5800337149886	28.1077178369216	23.5573677858966	25.2457390068106	22.6179597886282	18.6232539852734	17.0706182664835	14.8039525803077	11.9242536454069	7.14136975656631	8.01850597056584	4.88919563936646	8.26181735455342	7.54923261000746	7.19918092563314	8.7031476489831	8.25852946958476	11.6426752080439	11.5100076889636	9.41562472701626	13.4546450714985	16.115993732935
12	10.1807987898789	6.36083406480628	3.54760609425567	1.33562082942728	0	1.32751986802458	3.23080732944569	3.13945138519455	2.99519364983301	5.11530751763763	6.81603931913542	7.48555335295929	8.7150415374799	10.5401420294036	10.4504888880856	14.9743507705676	18.4096632777463	20.0306670133573	15.5608027427893	17.1564215674482	12.690819083101	13.7463345659852	11.380111335132	14.1147405573039	12.0126623194028	12.7704894581218	13.9417332494923	13.6813613723196	11.9006185133379	8.96455380930919	4.64013114038817	10.2042408340846	11.5821251935903	8.14418448956063	9.26999487594249	12.755578426712	12.0332331066925	11.3252340373168	14.2090898019542	17.5266483105014	19.2540942658958	15.6520536991157	17.2609272636206	13.5330256040547	16.7796577438278	16.9493231428279	16.9265770609418	15.9873813678163	20.0974984264211	19.7370893750826	22.6798716266208	20.8586957885674	16.1413199584173	19.4347160771646	21.237622559976	17.3743442466183	17.0725589177487	19.8353823255313	20.3830090761889	16.4021951274822	15.1619242182515	20.3045237077849	18.3423840871355	16.4309067613446	21.8143522480041	23.2239343135482	17.945619576933	17.6295617075411	19.8866449156211	18.3386117522565	21.5154178439555	23.7000339451234	21.4436841051159	21.5171661238184	16.1530656223517	21.3327483695843	23.7574676470368	20.9084343268452	23.7527344952113	26.4912332857495	22.6527518416637	21.6945893945933	26.9715610597533	28.4428907286162	24.3157949695255	28.1609367919464	23.572263064882	25.0957498592889	22.1556543121615	18.3299948172388	15.7686860264259	14.2541492555677	11.6554149647278	7.45807274032642	8.5576299288997	7.47346111249668	9.29438029133734	10.1714910411404	11.7104232630593	12.862075260237	11.9001098314259	15.5400032496779	15.6745367395659	13.9643723095598	17.2141636160459	20.2348181360743
13	8.359328382113	5.73673330389343	3.02241261246707	3.16284334104615	1.32751986802458	0	1.32882730254914	3.28564179423138	3.17070607278568	2.97686025872899	4.94444678401942	6.95980876174051	7.54559586778937	8.65001410403475	7.77904962061562	12.202103834995	15.4734954357443	17.4963142975885	13.5837109804354	15.5049198321049	10.6596199744644	13.3009305689489	9.65482620247512	13.9196394349854	11.3487764098162	10.6455083955629	12.4722355253579	11.0559223495826	8.2938462729906	5.12966899516918	4.06793043205018	6.95722732128252	6.89298926446284	3.30510211642545	5.84974144727782	8.62330922558156	7.23878401390731	7.90949562235165	10.5956761936178	13.8063912011793	15.8040902617012	12.8859258883481	14.8980041951934	10.4755426112445	15.1525389621674	14.9544741131208	15.6948587760451	15.0510696962043	19.3620466635116	19.1782173571998	20.7008306355083	18.9059035753386	14.6893521300294	17.2244828369388	18.3601368186623	14.703585209057	14.0108549346569	16.4128899344387	16.3882309905615	12.8045307606331	11.0457601368127	15.9827585228583	13.6011115354592	11.609952196284	17.3593498438162	19.1965247375664	13.9251893703461	14.2693255972383	17.1955906266694	15.4409192083891	19.6197520371691	21.9064228709299	20.6931204751724	21.6991658825864	18.1706248103911	22.5771939133277	24.2704319285834	20.9455080864609	23.7471374695983	26.3444546347044	21.4164607019928	20.7629915233812	26.133818339462	26.9668193526786	22.4558971764657	26.7423963398944	21.9492931321261	24.3243080477123	21.0383784546243	17.4958471072423	14.5018123350152	13.2948529138159	11.7241058507675	7.91562897058724	10.5715518255363	8.22222409084063	12.2692163156414	13.0610334966265	12.972954983349	13.0978859362876	11.8212709130618	15.0623151274962	16.0723232297014	15.5186885399508	17.9139900078123	20.0690355772269
14	12.5972685134516	8.76746542622211	6.46138885998978	5.81543300193545	3.23080732944569	1.32882730254914	0	1.32759142811333	3.30499228440854	3.44916772569847	2.98890899828014	5.19703097931886	7.06207936800486	7.84632582805481	7.80125752683502	11.9522568998495	15.2525691934179	17.7300484770911	12.8702233469354	16.530960468164	11.8240164918694	15.1502877530428	12.7051506878116	16.1365647831253	14.4799696822887	14.509556368132	16.3141426988978	15.4419742908736	12.3245344333975	9.15334195799545	6.70697018034224	10.6263649946725	10.722921430282	7.02741666617257	9.06848928984316	11.7669411913207	10.3942362393781	7.80211804576168	11.9000794114997	15.0614244014303	17.0204004947005	13.6683725439425	16.897242999969	13.6458409048325	17.992914438745	18.1551541166689	18.8087027995022	18.6671730586075	22.7538314575809	23.1318789984731	24.9330987644938	23.32581764912	18.9661683267865	21.0102101369786	22.7575454959449	19.2495698912989	18.1628898856983	20.5733150707415	20.5382024043001	17.0839892589524	15.0653459966906	20.0012272373472	17.226735210132	15.2351625196451	21.154639065699	22.6990955987238	16.6566992228352	17.9004183191343	20.6542597543461	19.1416320359576	23.042699906912	25.2997896038682	23.5638140800678	24.1244234127989	20.2412374374691	24.530703088171	26.4127610635465	22.8617420814775	25.4167526840074	28.0529456207365	24.2161197139426	22.5699625165838	27.866076203872	29.7843713715767	25.3118445396617	28.1724730543841	23.548287942014	25.2216827352974	21.8231276631009	18.4675354609109	14.5718608969479	13.9285580373562	12.7298591901089	9.73894229369904	12.3398272678348	11.1138007900088	14.6088524532216	15.6750431259375	16.3614606927377	16.9667368990033	15.7976935974844	19.2874331625543	19.7623408279485	18.8529697130187	21.4033622358731	24.2209348704793
15	14.1461163575025	10.1349893931864	7.36059841317267	5.62616699005637	3.13945138519455	3.28564179423138	1.32759142811333	0	1.33020336791034	3.30733926291211	3.27259973110064	2.95696618174777	4.76794158940732	6.65828168523982	7.78935022964047	12.1829342114287	15.6330665257972	17.5789257350954	11.6563985432894	14.9994369227648	10.9392211788591	13.1137287222208	12.5875842797576	14.5797796965523	13.5093732645153	15.3416793735236	16.8376465101272	17.3188537149547	14.2917404468455	11.2887149401515	7.52878482890831	11.6956691557174	12.8110349308711	9.23436933417762	9.14998387976722	12.956373142203	12.8799647126846	9.876666239172	13.281761856019	16.5458313783261	17.9254037332496	13.7786876733599	16.2116521983418	13.7177765691091	16.8998020402607	17.74054477743	18.2825705249563	18.8183965841939	22.3880205913788	23.6283409066316	25.9495358147309	24.9172234809579	20.2605859244001	21.4486600513878	24.5480551979174	21.2232428719081	19.608785505482	22.2651568375343	22.8222595288021	19.388892722381	16.9305247998991	22.1720247834969	19.6908830172748	17.3813440504467	22.6940215475354	23.3540994474204	17.4975576867173	18.3858469481283	20.5698101595518	19.706112782586	22.758625639524	25.0116738744131	22.4930453696248	22.4478679165751	18.3800490206093	22.2077396643603	24.0305417333859	20.4628837899256	22.8988834880655	25.631066540431	22.7699707729281	20.3639522195472	25.817038966543	28.0795678385548	23.9274235554102	26.5433729205615	21.7914943728052	22.8273547744805	19.7037501760452	16.2046156696171	12.4377096766245	11.7168890495728	9.89091426512231	7.6200748683986	10.1975925099996	11.2186961809294	13.350957194149	14.9521418198197	16.2151512173029	17.3676726132202	16.3879292773675	20.0619716129796	20.0242271760985	18.4934791210307	21.5241134776789	24.7973156006855
16	11.727600351308	9.95620354351999	7.10167649220943	4.11612888525129	2.99519364983301	3.17070607278568	3.30499228440854	1.33020336791034	0	1.32806099257527	3.24519783680441	3.36541735896159	2.8648549701512	4.47510737301352	5.16082648419805	9.56369180808332	13.1484062152034	14.5711877690187	9.38512173602453	11.8883540071786	7.61252165842568	8.96798935101955	7.69503235860643	10.0784299372472	9.37740678439407	10.897034504855	12.4378921445718	13.2388197736807	10.2149209492781	8.152057531691	3.74179248489277	7.19449164291682	9.26524360176245	7.17870949405253	4.86895779402533	9.46625342994788	11.2584466512925	8.28973105715741	10.6001683477198	14.0079289332863	15.0199210716967	10.765648935387	12.3200071834395	9.16224977830227	12.1327759807886	12.7828135400623	13.6139464520763	14.5254049513258	18.0213392676571	19.3651182800416	21.5180544427232	20.7245404774147	16.239674534916	16.6733721544263	20.0429344408447	17.8348337250449	15.0724195138007	17.7435610292861	19.0280316638374	15.8948003447668	12.68543058	18.1437381484632	17.2369234203787	14.2700220041877	18.4930111393467	19.1333461265927	14.154768631101	13.6102842365617	15.6353375723072	14.8073712049101	17.9108897601431	20.1607334439995	17.9906081331344	18.2980009290633	14.6675021049939	18.545669332758	20.1189678164661	16.593286744946	19.3185100098325	21.9583733004064	18.1880570430159	16.7968050831103	22.058590276806	23.7207939580445	19.4806566624434	23.0290364540074	18.4341555000494	20.1719931092592	16.906587650972	13.3551822525939	9.87299159323049	8.9443119355264	7.38101842566458	3.74021068925268	6.68597778937382	7.07606486685926	9.64802124790364	11.4128791722334	13.6519457953802	14.4144402943715	15.0599961819384	17.7141905262419	16.3609275103828	17.0771691155179	21.1497457431526	22.7869672839542
17	13.8295274322733	12.0982845478192	8.77263609184834	7.63238075570133	5.11530751763763	2.97686025872899	3.44916772569847	3.30733926291211	1.32806099257527	0	1.32199016637795	3.32609621027414	3.48893192825541	2.90070163925902	3.33179231045394	7.48670161018856	10.7456696859712	13.1043241718144	7.81561091662066	12.1867466126116	7.35791261160392	11.7345017363329	9.81736344442846	13.3799644992055	13.0356923483181	12.7904519857588	14.8795126600302	14.1183431393347	10.0903181317538	7.7150923520072	5.35467720782495	7.25747931447276	7.17957220174016	4.2948467958706	3.91815568858615	6.44416169877821	7.41009655807534	3.70750185434883	6.98680170034902	10.2818022739207	12.0172170239203	8.84399683401119	11.7295925334174	8.50343007262364	13.522878022078	14.3250642581456	15.8401783449556	17.4120403456918	21.0875968521783	21.7047993079872	23.1327581796897	22.1786036981592	18.3495939464611	18.4114584158887	20.7240565044588	17.8424124209704	15.7729898877797	17.8509875917272	18.0292543107029	14.5794849703273	11.6123191051572	16.5513743840202	14.3051865069981	11.2470092913627	16.4915525345554	17.2232964324487	11.056124863622	13.2798791033654	16.0047013405437	15.5513470799156	19.2030495494856	22.1628847625935	21.0510198565295	21.6766504792599	18.0828707344824	21.8309510786864	23.2025461964846	19.5922405303732	22.1395171356559	24.5956054204811	20.2207216735704	18.3829009952184	23.7996598925279	25.231897946845	20.4833363981555	23.7019216520518	19.0948435709749	20.9494855784098	17.4308502948078	13.9972912022291	9.98578314405034	9.83559281385723	9.75598570109653	7.07101647572681	10.5558286268772	11.3222291533072	14.0734215100664	15.9131761128946	17.8206403083615	17.9544837018501	17.9270216712091	20.4559436105989	20.3494352255781	21.0508723334688	24.2460382330805	25.6326887586925
18	17.310231829759	14.8941310924807	11.8292884824067	9.81134297637178	6.81603931913542	4.94444678401942	2.98890899828014	3.27259973110064	3.24519783680441	1.32199016637795	0	1.33309602054766	3.52822377408236	3.50543620680794	5.40886402121555	7.98054453029366	12.4251645059532	14.7556260795671	8.08710597185421	13.7720107464379	9.72736619029016	13.6442089547177	13.3745847786015	15.5981424855654	15.4907394271545	16.6725125281105	18.3758027307653	18.4775989782223	14.8477244384451	12.2526788499495	9.40901657985573	12.062391926977	12.4433705240984	9.4040034028067	8.29336897768331	11.5052861329043	11.8805326900775	6.80706875240731	10.6854432289915	13.8048096690972	15.3404270475108	11.5660557235386	15.0187865688277	12.8937213402493	16.9432095542728	18.0142344550081	19.2000761717239	20.5579309270169	24.0247155238101	25.3935374849586	27.272362457257	26.3710273785456	22.0951596735575	22.3922485248802	25.4753146987432	22.6761692091058	20.3540829073678	22.7105880813333	23.2186950537708	19.7974317778847	16.7591006321938	21.8238507372095	19.4693532506861	16.424910380273	21.5945664462151	21.7979182721654	15.3466717564428	17.8852089168676	20.3490361933925	19.9671401307248	22.9150056731392	25.7689838371636	23.7075342454672	23.8181744682501	20.1908791537169	23.6475499999471	24.8823588110131	21.2170068812733	23.3264769950372	25.9095983758915	23.1214364173163	20.2194522675566	25.5662875873679	27.9072648247728	23.6341604674251	25.2662152488259	20.7623498429248	21.7215432692983	18.2795324611982	14.7628704525915	10.4353392853323	10.8187837116748	10.5892738655679	9.25406294553911	12.5310501156128	13.7727735042728	16.2301961171145	18.1885718240878	20.3302913407555	20.870005534259	20.7904122373752	23.726544670474	22.9945882546307	23.463162808965	26.9495148935932	28.8592957987543
19	18.4905111340925	16.3361602587634	13.2153937890628	10.094209330106	7.48555335295929	6.95980876174051	5.19703097931886	2.95696618174777	3.36541735896159	3.32609621027414	1.33309602054766	0	1.32595248783657	3.34540565552221	6.06837910813094	9.30951819376277	12.7645952148903	13.9339705755395	6.7680086436115	11.1356378353465	8.53305103699726	11.2714453820262	12.7440620682732	13.701083460807	14.2728055756393	16.5312795935463	18.3661796517403	19.6650915583935	16.3198280321822	13.974764005163	10.3855829398258	13.1881788735215	14.4339216431294	11.6854327262622	9.24812489102521	13.2113729036766	14.253869404481	8.93864245844972	11.8524852246269	15.4489520680207	15.7384970692884	11.4273094821135	13.8298096516185	13.0155906896306	15.3661720997781	17.0008166274447	17.9423452201768	20.0832355212003	22.8512325488145	24.7029796785732	27.0507090849759	26.894315942221	22.6862239696253	21.9991043681328	26.0050614496486	24.0954798665642	21.0643976889917	23.5689937417786	24.9012930989537	21.6962869864869	18.214783254269	23.4331425976116	21.7452426521297	18.5613448058054	22.6449394125928	22.0125789947475	16.2734430591685	17.88876862727	19.5492565843308	19.8340342341139	21.465239667891	24.4911425009124	21.7826313607884	21.2979380692122	17.768498923657	20.618478726618	21.6388951196682	18.0164694377117	19.8243344654997	22.3873420932455	20.7656734299661	16.8172208167699	22.1925460233836	24.691652557089	21.3289529513289	22.3658681700488	17.7229703210269	18.1378068133939	14.9675270168455	11.3756291254594	7.25911055157586	7.51510113039073	7.52370566941584	8.05533152638673	10.2915150488157	12.3906715717914	14.2688005452456	16.696720935561	19.5320779488512	21.0914295390332	21.7080822736602	24.6308147043495	22.5650165078601	23.1157714991302	27.398928318458	29.5829570023012
20	14.4688144987763	14.1898471098176	10.6640491371711	9.67139297102543	8.7150415374799	7.54559586778937	7.06207936800486	4.76794158940732	2.8648549701512	3.48893192825541	3.52822377408236	1.32595248783657	0	1.330110145815	3.45198334294938	5.99719017540715	9.31157564539965	10.1000779204915	3.83595646482074	7.33153449149631	3.66932773134262	6.26812164846854	7.27943665402756	8.73238535567459	9.92418465164771	10.9557485823653	12.9636387252962	14.323265863622	11.199694995847	9.95099783941289	6.68901853787235	7.7581444302101	9.66628092908539	8.32044283677257	3.56844307787024	8.41024648865894	10.7411515676858	7.99443468920724	8.88139572364614	12.2888503123767	12.0030988498804	7.80757260613054	8.57761277978902	7.03598244739141	9.62583985946162	11.0834228467563	12.3241487332797	14.8582925331278	17.7365949663401	19.4859966899309	21.5800266450253	21.3680666416033	17.2702422681328	16.2550997843754	20.2451504069493	18.5175638246504	15.3080614710028	17.670821882414	19.3315330224998	16.6122858150226	12.567423005533	17.7487451387415	17.3329042286629	13.8385586677226	16.9473035318307	16.515056221521	11.7105546837031	11.7742860930079	13.4941638125524	13.7583550615617	15.68450592145	18.875988159564	16.8515654168982	16.8245793409523	13.4779729188035	16.5181544065916	17.2745811526647	13.5822422670191	15.6999530254074	18.2381533604694	15.6990212115278	12.5713680242048	17.9739253642603	20.297775888013	16.2599751537326	18.6127514355079	13.8355413699645	15.0115724026499	11.8278798184628	8.279206785677	4.97505567808039	3.86371336928609	3.68941255486561	4.00685974299076	6.94203586853309	9.37972227733849	12.306088127427	14.6176602778967	17.0976705723324	17.1483164479782	18.6113135753498	20.6052999250193	18.6585564822148	21.1894186328932	24.609635633223	25.7621292792347
21	19.1360323473807	17.8768837888487	14.3959953111968	12.8616161115157	10.5401420294036	8.65001410403475	7.84632582805481	6.65828168523982	4.47510737301352	2.90070163925902	3.50543620680794	3.34540565552221	1.330110145815	0	1.34503754594435	3.1247657512204	6.21554004089749	8.01348775502902	2.86362392782293	8.37728709069947	5.70452460771272	10.8797417708326	12.4705081692768	14.0150605778213	15.3594204968807	16.297447315454	18.439700756791	19.2113878207692	15.5317336121889	13.7451935235558	10.6496113074609	11.6266231124949	12.5793661605027	9.80847898504146	7.21054436225171	10.0030155953092	11.041307033137	5.91348873339588	6.5881561912268	10.1760778790259	9.93159710217848	5.99915169003085	10.1002053444472	10.6089866622595	13.6652532724425	15.9100602135881	17.5869259110283	20.4185678733843	23.2470881187301	25.0398916531202	26.9983183550383	26.711229642231	22.7324540030328	21.5545376661157	25.3785787230097	23.0736149313453	20.2589888444611	22.2007636580366	22.9865153949006	19.8208654957345	16.2468109486139	20.793250082659	18.9915919290617	15.2297560715856	19.0762623173409	17.6333587271399	11.512478881631	15.3872094936021	17.2826488131883	18.5362105350581	19.7250309251976	24.0819826011066	22.0634563475445	21.9876025296075	18.7117057747283	21.7431664207401	22.2756606860492	18.5826648788595	20.5035596421695	22.6960068954871	20.2142734225101	16.296615538203	21.139758134851	23.3134557498454	19.3507056460482	19.6126985904541	15.5836774222261	17.2134071002809	13.549349246366	10.2854431601171	6.66531882208195	7.49562205557351	8.60529377766965	9.23817822949958	11.8213573247745	14.4119079583517	17.0520018179685	19.4404111324838	22.0306058473207	22.3333337412935	23.2679087801203	25.5377246049839	24.008804614141	25.8278746125189	29.4807852507358	30.7375331801366
22	16.720837479026	15.888689247386	12.2720220420271	12.2319624345401	10.4504888880856	7.77904962061562	7.80125752683502	7.78935022964047	5.16082648419805	3.33179231045394	5.40886402121555	6.06837910813094	3.45198334294938	1.34503754594435	0	1.32435833519482	4.76311368749477	6.91555493073405	4.47279699964128	7.75636957603234	3.76701805145661	9.55978477791211	10.4512109346238	12.88269766004	14.360040459553	13.4711168430832	16.1634394854561	16.1440639864936	12.1467737691948	10.6269397758715	7.41587924658971	8.13910959503557	9.07992009876739	6.44245558773982	3.76885791719454	6.39795412612501	7.97928981802265	3.48692543654148	3.77116016631487	7.01478117976605	7.7309801448458	3.8937892855161	7.89095203381696	7.39341558415324	11.2439350318294	13.3743711627874	15.4466947597213	18.4605678677553	21.5259537767784	22.7227953826108	24.1663945593876	23.7949727673725	20.1031498278255	18.8739385926732	22.094759944385	19.592474065314	16.9947548673113	18.8511477369416	19.4034245946431	16.2687240126569	12.7474570797473	17.168388654734	15.4076871723176	11.7260439194129	15.5369655982113	14.7208883223805	8.33120219416142	12.0519762694755	14.2562315497469	15.4952350417798	17.2957915401406	21.671951827189	20.5474378208087	21.1390454136416	18.2612378824657	21.4580809486776	21.605251699529	18.0098072727056	20.0586863976682	22.1303505846609	18.3996683122278	15.3387161783508	20.5669872854534	22.3208350426233	17.6622069119349	19.2309746502875	15.1614560646397	17.407179725619	13.6388680248766	10.6628838031745	7.56343076916818	7.76741437030368	9.26054409848579	8.40489767932959	11.9059113468898	13.9754689366762	16.9463590779849	18.9975420778584	20.887533698357	20.3220548173653	21.1924785478245	23.2367771001058	22.3841099666706	24.4438701313847	27.5012266453698	28.4335697723659
23	21.0245242276728	20.4196529598326	16.8168968005396	16.9284571653769	14.9743507705676	12.202103834995	11.9522568998495	12.1829342114287	9.56369180808332	7.48670161018856	7.98054453029366	9.30951819376277	5.99719017540715	3.1247657512204	1.32435833519482	0	1.33311739918133	3.13366654256639	3.25549704346356	6.39440919866723	5.86823295379452	11.2337173722682	13.3090479373996	15.8744689989933	17.9702982167798	16.6684780948952	19.8622806595819	19.8144582817699	15.7696458425673	14.700923304337	11.502475994324	11.1174187651631	11.8625176922945	9.53030728780557	6.78991465336642	8.91864844020662	9.58901486076646	5.63238936864276	3.51836908240167	6.79100449123692	5.81971382457935	3.51490113658976	7.30851380240881	9.70283303989098	12.8468525717391	15.5179700025487	17.9797800320249	21.4211323930366	24.6525602118725	25.9594650753824	27.1461228723367	27.1250577142243	23.4353116471704	21.678216601003	24.8585323782399	22.6189539324877	19.7564007096434	21.3416315449405	21.8386346871777	18.8268346781927	15.4671615042968	19.3294768165101	16.7524057675308	13.1587660895693	16.8323859568393	14.2810026958894	8.7234372812556	13.7047005804578	15.6451440389662	17.9884029863688	18.4659168469914	23.8989127158538	22.5604437456359	23.5069286168993	20.8795843828367	23.7771440463316	22.9860436352148	19.645789090795	20.7531958261854	22.5207929256498	19.7593707895773	15.5347778870507	20.0352039670177	21.5546324255367	17.7663165850437	17.2007460884695	14.0335485177485	16.3957508519738	12.4723445670812	10.3911430073886	6.87392937118211	9.00248860038156	11.0936931632347	12.4438374708126	15.5558883385038	18.1555973187334	21.1456844533347	23.3486415450664	25.394308515886	24.5534863715929	25.6464955500747	27.4671560049453	26.5343193242261	29.0174397561191	31.8689779252489	32.6192614723264
24	23.5367896493978	23.4586682060172	19.9114018341251	20.3820460454784	18.4096632777463	15.4734954357443	15.2525691934179	15.6330665257972	13.1484062152034	10.7456696859712	12.4251645059532	12.7645952148903	9.31157564539965	6.21554004089749	4.76311368749477	1.33311739918133	0	1.32984585572915	3.64249378860143	7.23124117976991	8.85328944517234	13.0016064392059	15.2468061245626	18.2565783760265	20.4260757366656	18.0820540315529	21.8345601512831	21.2522587505423	17.4470572303756	17.1389084249844	14.2027728982759	12.5473079184341	13.1315175817573	11.8121026917311	8.61381570501714	9.07870365195384	10.4052387286405	7.35713911789087	3.57578424964371	5.10519666614323	3.26477610258345	3.6326493087002	6.54887417805534	9.96509718969163	13.0637675270192	16.0090815789039	19.1105655070696	22.7094662420762	26.1995623055043	27.0924096196702	27.7208662743429	28.0115968127488	24.4362397475553	22.4334716662402	24.9414413376613	23.091791377024	19.9049089673879	20.6971138326096	21.4310496476491	18.8907022632829	15.9651192604377	17.7280399931859	14.7318409915394	12.0047545164406	14.8839323433023	12.0997565677992	6.85387328450125	12.3387928501941	14.8159050010453	18.2035349589029	18.1803917999585	24.1406899859967	23.2711945976136	24.9416625949434	23.0670293709441	25.6968530952722	23.970135523188	20.6569841458041	21.5514784875655	23.0580397475588	20.1927272798897	16.2383282390768	20.4235635969828	21.3120915444731	17.4389370375605	16.8550660040238	14.2358966349156	16.7964587041436	13.220242168735	11.9040610297495	7.92460604699061	11.2339764108707	14.0467365960923	15.8070233124393	18.9499157517916	21.5860779438971	24.6266551931033	26.7995812467285	28.5203056259922	27.0086467080452	28.3714838173826	29.6553594650276	29.0557532685009	32.131042715729	34.3300613748359	34.6670979893039
25	23.6378319860346	24.2112241119692	20.620577392498	21.3434169241947	20.0306670133573	17.4963142975885	17.7300484770911	17.5789257350954	14.5711877690187	13.1043241718144	14.7556260795671	13.9339705755395	10.1000779204915	8.01348775502902	6.91555493073405	3.13366654256639	1.32984585572915	0	1.32297392264549	3.73956361090436	6.88036721403735	10.3156086587268	13.1495460377916	16.1692016500506	18.6636775047149	17.1552449705622	20.8400492561798	21.2325024667372	17.7381298901547	17.8055578401801	14.5974256634518	13.0617065500646	14.4961903961006	13.4584653657094	9.51599931693987	9.96507586524057	12.4381591483628	9.86021095109025	5.17974729113303	6.62169630834879	3.44887314930544	4.3897846188623	5.23700572846737	8.35536941134263	10.6293289534194	13.8525525084729	16.9378243585178	20.5450823556393	24.049660351032	25.6236689215264	26.4594814952977	27.3431109056742	23.816661625845	20.8789516259797	24.674455333401	23.1683778672569	19.8685313246853	20.7231220379556	22.0994389747794	19.7977363857589	16.3507791557467	18.2486930216934	15.4751712753042	13.2035383515177	14.6236663665443	11.2579830342739	7.90227391324801	11.6506402828342	13.1651227491429	16.3072998684638	15.2652378297883	21.5516817673239	20.0530218670404	21.6061301717823	20.1382924300945	22.3435136225259	19.977574702651	16.576611626023	17.1761388559827	18.638012018453	16.3278121314523	12.0909462408862	15.896309037006	16.9567944494235	13.0960098885118	12.2296163880966	9.82154086689049	12.1844861196523	8.87577005109979	8.45103839773551	4.49251332774874	8.86736787327559	12.0597249554042	14.2845991193313	17.6316945300218	20.4585602132701	23.6271926601533	25.8680054894072	27.9982265688382	26.4791563498537	28.3229291740808	29.4244743538436	28.0970142541872	31.8645324773485	34.1303951046571	34.4783825171657
26	20.6514492953884	21.522186087849	17.9634576571438	17.6255850683034	15.5608027427893	13.5837109804354	12.8702233469354	11.6563985432894	9.38512173602453	7.81561091662066	8.08710597185421	6.7680086436115	3.83595646482074	2.86362392782293	4.47279699964128	3.25549704346356	3.64249378860143	1.32297392264549	0	1.33018795664372	3.98161600358447	7.42226798222754	10.0397292792186	13.1064601246866	15.4890783780056	13.9433284763718	17.589026408531	18.195314396844	14.8813040759202	15.1475557434195	11.9199363672798	10.4321906136727	12.4175013187034	11.7347614377115	7.08161394033874	7.70157321590855	11.1300375560912	9.23671835664594	5.22528286315679	8.034197221876	4.67438177730489	3.25204966136743	2.96125547698945	5.56647330003477	7.86147219037249	10.9808636272381	13.9767218259505	17.5986365949184	21.0866947149144	22.5674785033685	23.5289412001475	24.2464812498639	20.7083460469444	17.896384495199	21.7719127317744	20.3424649932106	17.08998882387	18.2046286971199	19.7337410543465	17.4607241831489	13.6802381558217	16.7697730753878	14.87487687344	11.4452135847261	12.9810340497204	10.4736369041513	7.26867594545252	9.51718603369715	10.832508573733	13.861372010014	13.2024180739742	19.0564192334237	17.7089051891979	19.1940532717819	17.4168443180732	19.8249567212642	18.0209938405183	14.6904588423915	15.7382239785816	17.354699277141	14.6298286387777	10.3779416552609	14.8815074841227	16.3963398964525	12.4457144833071	12.5081971922416	8.99590868117279	11.7726794741044	7.96928265278626	6.66022627243249	3.36346071777269	5.78201954337755	8.60563036621955	11.1740715050513	14.3205422383372	17.4013899444843	20.4209894226504	22.8065645593544	24.8548882314928	23.2955633114977	25.2280491913267	26.3080965484012	24.8316144662404	28.7804159976884	31.0013966298294	31.3531895985082
27	19.6992925253675	20.9290786705961	17.4309593826616	17.8334598718252	17.1564215674482	15.5049198321049	16.530960468164	14.9994369227648	11.8883540071786	12.1867466126116	13.7720107464379	11.1356378353465	7.33153449149631	8.37728709069947	7.75636957603234	6.39440919866723	7.23124117976991	3.73956361090436	1.33018795664372	0	1.32861958438072	4.31151585872069	7.36944733341653	10.2516258710509	12.8573742653778	12.5466965771872	15.7931922675563	17.3872878851188	14.6110762437269	15.049938837085	11.7764655563543	9.86572075420747	12.8013203225292	12.7103217897896	7.78091729810824	9.04940053263198	12.9642595623506	12.2014000016392	7.6825996251269	10.3240825742533	6.62029213856911	5.51482819315344	3.34877947915356	5.39660939850199	4.38502006836913	8.37970333603762	10.8014973499048	14.6327072683082	18.0659393334529	20.1134785156621	21.2022600917921	22.4991307609872	19.3077190004412	15.5478027386509	20.0506798388484	19.8938087605164	16.3921169773767	16.7416306254797	19.3922486060797	18.0812906895498	13.4690807407187	17.4702428431891	16.3763947802928	12.3296930213205	12.6052652887593	10.6653759427411	7.58885459077982	9.03820452302337	9.08316607797083	11.3649527055769	9.4799131325134	15.4606460408354	13.5368893398742	15.138419270188	13.9692942556165	16.0968178842901	13.494486281441	10.196516954333	11.2590463628142	12.5803764649552	10.164080578193	5.65276481024994	10.2077908481708	11.6366504201166	7.87677833888957	7.1721097314528	4.44058667295212	7.0843216330147	4.72223389933197	3.54139195797358	2.8453375898125	3.3185878020628	5.98587420516001	8.3022282551132	11.8132194595716	14.864941977687	17.6111546753755	20.3941374419219	22.7658261875118	21.6812247347792	23.866732788549	25.0921718071593	22.7063625664702	27.1644896326068	29.5689849842703	30.0386482052705
28	15.3554556103035	16.322490036756	12.8400400310902	13.0739544897479	12.690819083101	10.6596199744644	11.8240164918694	10.9392211788591	7.61252165842568	7.35791261160392	9.72736619029016	8.53305103699726	3.66932773134262	5.70452460771272	3.76701805145661	5.86823295379452	8.85328944517234	6.88036721403735	3.98161600358447	1.32861958438072	0	1.32841710317204	3.76973394286652	6.83165646091781	9.27231195549417	8.70815807160159	11.9050667364782	13.7723813844956	10.9347744375456	10.8922931469916	7.6737419815889	6.35331433190583	9.41601131052846	8.45418624114704	3.68172147235502	7.14634941770972	9.56073977263266	8.18731494447356	6.53903708507606	9.75406663909982	8.28928495106785	4.75089823086119	2.8018058462356	3.33574129692337	2.92750969255441	5.30479801688999	7.69732323603472	11.2597579902945	14.6730361547977	16.6360921493	18.0898371745022	18.901899401912	15.3632932992897	12.217941888878	16.8307528649196	16.3805603384011	12.746813444936	14.4243638681226	16.5453496789884	15.2608561686427	10.2467638793914	15.150313693122	15.3247147771174	11.3239387140694	12.2522720750072	11.5758656695731	7.20926445623962	7.17465971318501	7.31162758898455	9.29884707907384	8.69003204827232	13.3034327149048	11.6600858058592	13.0510375832728	11.1939656065221	13.8814426123512	12.8552183178661	9.54300597296261	11.5414749923916	13.2936644308483	9.17272587620495	6.65169587398582	12.0675512843327	13.5136167253626	8.88909011091687	12.1960871184163	7.7673278545456	10.9037139544286	7.43107118792439	4.93972762406997	5.07532274835798	3.48957948756007	4.88218578097966	5.04215717724071	8.09319837888581	10.7027085356932	13.8803517606723	16.1052131932489	18.3624783458007	17.5348297111777	19.5232225055189	21.0835261045206	18.8010885589106	22.6478984897054	25.3696450507294	26.0875817392107
29	14.8976367588957	16.5918977214784	13.5218112322277	13.3223532831103	13.7463345659852	13.3009305689489	15.1502877530428	13.1137287222208	8.96798935101955	11.7345017363329	13.6442089547177	11.2714453820262	6.26812164846854	10.8797417708326	9.55978477791211	11.2337173722682	13.0016064392059	10.3156086587268	7.42226798222754	4.31151585872069	1.32841710317204	0	1.33603330796803	3.54286734157519	6.23340556999142	7.42090250576033	10.0743764571312	12.8722975804632	11.2146092664881	11.7712648428281	8.82866388532263	6.57870511575036	10.8583770886813	12.3862221439792	7.0506564942564	10.0440802963736	13.6783927052852	13.9041481580139	11.5688281601898	14.3066161268135	11.728270887049	8.96928269149769	5.5648055671335	5.40733659022628	3.46124442939241	5.37115155250715	4.36188651846882	8.22683857870081	11.2163734335123	13.5920057754549	15.5512521682339	17.3476184532633	13.7614597336184	10.696395794846	16.0590002490815	16.2035335652443	12.495034053575	14.7561241523647	17.165398597178	16.0898786819541	10.9858415699481	16.6175294794383	17.4168616576007	13.5212847392546	14.4161915220352	13.7623775925528	9.43120453600705	8.93659672358555	7.82513239504611	9.2281600549622	7.2330642192642	10.3253901136955	7.2888634230585	7.99837164677911	6.079210557301	8.1463467885918	7.51841053680896	3.84128155698069	6.08349554121641	8.66032222264276	5.46807635279538	4.38634551762626	9.34205678638275	10.7769213600174	7.62032702710323	11.8488349638266	7.98007155356392	9.0101344607059	7.72258130420134	4.27311525704608	6.05945657629461	2.81444861384962	3.38362837793987	2.89782866988371	5.65086710160485	8.31147068815141	10.9782477654679	13.6862139030486	16.157378376457	15.8694379547607	18.2792227952941	19.7392766078192	16.436018556816	21.0509822336156	23.8115943607311	24.4577820130935
