9	10	11	12	13	14	15	16	17	18	19	20	21	22	23	24	25	26	27	28	29	30	31	32	33	34	35	36	37	38	39	40	41	42	43	44	45	46	47	48	49	50	51	52	53	54	55	56	57	58	59	60	61	62	63	64	65	66	67	68	69	70	71	72	73	74	75	76	77	78	79	80	81	82	83	84	85	86	87	88	89	90	91	92	93	94	95	96	97	98	99	100	101	102	103	104	105	106	107	108	109	110	111	112	113	114	115	116	117	118	119	120	121	122	123	124	125	126	127	128	129	130	131	132	133	134	135	136	137	138	139	140	141	142	143	144	145	146	147	148	149	150	151	152	153	154	155	156	157	158	159	160	161	162	163	164	165	166	167	168	169	170	171	172	173	174	175	176	177	178
9	0	1.33015074333701	3.37460886622435	7.07785186338341	10.2752386346985	11.2667330668655	16.1655462326517	17.8160091210125	22.1263819229444	24.1551486437157	27.9982031566313	31.6350967281594	35.0186604255503	36.6277582306098	36.4007148418819	33.3655779659217	29.9910144876761	27.5460033035647	27.7712454708103	27.9001350175944	24.9049743023357	23.0561584397748	24.4931930135701	23.6291660665373	17.5480976461838	17.3308251967412	22.058604420951	20.6071374043073	26.8326310860489	30.1419166776103	30.5432652642117	34.545106542027	35.8315740792949	29.025029646841	34.0723737065676	35.0681315584392	34.035523442427	30.7639173220837	28.1374119278941	24.5770458151504	21.3488831089591	17.6660331144261	13.1527546164292	11.7173697560502	6.64324416230504	9.3229942078712	8.57934467194319	11.2032342651575	11.6045858607707	8.34087962987118	7.5130908419904	5.3200678567101	7.41344110383296	8.57495737598736	12.1474132637364	15.1500191749054	18.258163324935	21.6736391498982	24.6708820677332	27.5856848020853	30.8417015419059	34.3631874394678	35.0615928617055	34.0674773207527	36.215624114462	34.3493105170977	30.1673020006762	28.507433171017	24.7603992294147	27.3096903131471	26.5188140006298	21.5413671803811	20.3475196031359	25.30479274762	23.3577014494149	19.3083003135957	20.4442673872164	16.10860506065	20.6617272753272	23.3377325805229	23.8204893736464	28.1378041787201	28.9354649349203	33.3209757060024	36.2069938133505	37.4192964792231	40.330724243435	40.576905894856	42.2285219371931	40.9502161410657	37.5820028471075	38.6130657938476	40.0568012452318	37.0672886923228	34.6326665591895	36.9681792897622	35.8121621100989	32.3879107229843	32.570641504275	33.8950675172657	31.669461962591	27.9043209915597	29.7903747039207	31.458738023004	28.3575613020584	22.4929545635961	28.9990093106644	25.8320294208566	30.0294096345566	26.6560069402752	22.1197436920051	21.5512627936277	24.7774912571874	23.5715975699569	28.8262747333054	27.6440432824144	32.0780442047205	31.6258638617193	34.5626304988495	34.8441605581193	36.0733999506562	39.4786360579998	41.1903950454472	45.6791657213658	44.4327469328647	38.487532253965	43.8468452799058	40.4353634953366	40.0263869715966	35.5103598404747	40.0473059018956	39.2682017031593	35.887988478041	32.3248247172355	37.9433800945567	35.7846847967116	32.9759330118194	34.9013825514119	36.047900022054	32.0258985510165	29.6057955981595	29.2122314450642	25.9893418346829	29.6493104304299	26.209034358404	30.2938973392332	28.4332087003912	30.2276269660719	30.3414365019193	32.4517544209862	30.7164592034954	31.5059833841129	28.0345297980901	28.6058394912647	25.3317840469241	22.7899399955331	20.2756728371712	21.6256751339698	21.8451484316312	18.5225485287527	16.64101541373	19.7510538706166	18.9166159235736	14.0424751735583	17.1608204057965	19.3366568465182	16.4851105546793	10.2763237103548	17.966263328806	18.5920848212351
10	1.33015074333701	0	1.32997218016017	3.44265725857222	6.96327695844421	7.79897082953898	12.9564505556113	15.1463784780389	19.404492495296	22.535404544849	25.5591592584733	29.1389767322053	32.6847799441881	34.7251222748027	35.1760802392762	31.685868190725	29.299615594748	26.8543983734509	27.8470969582109	28.2496604581365	25.0082742507355	23.0171450227868	25.7004696260594	24.9754372334099	17.8709406859292	18.1156378855397	24.2114429557596	22.9393460674013	28.7142694317651	31.6571709569886	31.8491509619958	35.4009218241559	36.4153657128416	29.2867734139492	33.717968266193	34.0223012302225	33.0486889603809	30.1376970752578	27.1258015365445	23.8441900889923	20.8913950706984	17.3834292071501	13.5823963644123	12.688845534563	9.13536583832306	10.7036265349647	12.1808515301682	11.8383763244796	12.8517074741063	11.0119718942613	8.81598389290725	6.01188472943386	7.49828873810552	8.39457759509078	11.6881418112547	13.8825696828793	17.0965399423392	20.078782283794	23.4134277285493	25.592595530739	29.1772007910286	32.6770231967357	32.8139702565843	31.2551819863523	33.5147106506979	32.5156299954345	28.0554174447646	26.408622796352	23.381630161304	24.3728761946554	23.6439503679059	19.1084842412997	18.5602670778198	21.7197142016188	19.9434823940053	15.8771094976384	16.6269534792156	12.316370569287	16.6622479275757	19.7657269028994	21.6259686950666	25.3097500185205	27.0471073684415	31.1658957836928	34.3981657795877	35.8139104399394	38.8687348134719	38.5656836449194	39.6064097969003	38.1888132834735	34.8924316148932	35.554482614714	36.6481613999939	33.7129180137229	31.2593533042512	32.9022179495547	31.8480408973613	28.4059558719646	28.4601840823281	29.903524558152	27.7841600556864	23.8582476095794	25.6835898191822	27.7239583212787	24.7223313221063	18.7459951456304	25.2094429133212	22.336513805874	26.0653024920103	22.5841047420525	18.098971296734	17.3650616180882	20.9000014114832	21.1762683681521	25.9603598010505	25.5847241337482	30.1688102847958	30.9302068696606	33.7277206612009	34.1596833855351	35.9752176087929	39.1221323933141	40.9124124685895	45.060095173002	43.1800986798317	36.993028978444	42.1068015170946	38.0766508637511	37.9688966655604	33.9141411508533	37.6073646510893	36.5160298088387	33.201216408439	30.1470597073744	34.7416030862135	32.3472040522825	29.8710482909455	31.7651096960171	32.1814176661004	27.9981036857856	25.8939842241398	25.4942293666626	23.2336456674367	27.2728707876527	25.1520802718185	29.4737345105774	27.4743696742983	30.4425973596209	30.482419342959	32.9355857546211	32.3251428148431	32.6089823974929	29.2503607328183	28.5731455741226	24.8206593183985	22.5134131797025	20.0299047676218	20.727136246959	20.167373106084	16.8864444451755	16.208039239834	17.9779465456987	15.8732138207737	11.9293510720408	14.8863060226505	15.9809169011043	12.2921651876307	9.13235013564416	14.4689419101744	14.4647919100138
11	3.37460886622435	1.32997218016017	0	1.34505613265767	3.9306524903634	7.24593527434519	10.2000361764064	12.9602060554607	16.7205062124327	19.7844564494454	22.9144899790504	26.544034245005	30.0909840483823	31.8466506245162	32.2728794191036	29.1651626774136	26.5232599994797	23.9965418550257	24.2648017094721	24.5481090310435	21.5614766191929	19.626023158042	21.25041460772	20.5774227249187	14.3833458555372	13.8348604980318	19.0106324460813	18.1059189493381	23.8633049261832	27.0738026143355	27.2590929049372	31.2065229559462	32.4486224823181	25.4766364538178	30.1885768627804	30.5872664682544	29.3283000700688	26.5096006005372	23.4441013050191	20.1719680249598	17.0849736318204	13.7730691931755	9.76675273568447	8.16597287529171	3.66617511856703	6.68726550990762	8.33785637919004	9.21495463906361	10.9190756934825	8.49874108324286	5.90785451750464	3.29356751866422	4.35875222970978	5.01118558826152	8.51980246249876	10.4890621125056	13.6443107924145	16.6982589212169	20.0199411337796	22.3997214491609	25.764527571838	29.2351919097515	29.2603801923352	27.9312847001351	30.0535379115338	28.7605489168757	24.3620971387933	22.7481435286487	19.5651005875257	21.0982826552305	20.5458445920337	15.6221484437961	14.9147068693957	19.1456832993759	17.6484824560074	13.3257040714553	14.3728428990231	10.0166585745946	14.8230891179943	17.8882288111484	19.6546959783152	23.3069002228954	24.7379570094218	29.0320038233671	32.1864622939521	33.9545824447894	36.7326725953884	36.2395608279129	37.5946681990944	36.0451793864311	32.790858573694	33.7158747773211	34.8112626315105	31.6522033040356	29.5541001723957	31.2039298967294	29.7954138417307	26.4568146230796	26.9392330254594	28.1894270605133	25.7615984946587	22.1536874131599	24.6052682570217	25.9944886658692	22.4999602444093	16.7794088394079	23.8314709785191	21.8569202771113	25.5281878714491	21.9370009117017	16.7224787935282	16.5347150867501	19.6713470052256	19.9104334960342	24.4811426408164	23.6869359985626	28.3679579455413	28.3898636312329	31.3250543973989	31.8831941467601	33.0103789890392	36.4623987417175	38.5002274538736	42.6372017491767	41.0559100495897	35.4096745113535	40.2671850021826	36.3880723726883	36.5210063388182	33.0923512763901	36.5289212816366	35.2386230576622	31.9789176958821	29.532284926839	33.8410090422848	31.2946948539205	29.0570417971273	30.9708419969493	31.4619380521925	27.2869109281355	25.3969807851248	24.566365726334	22.4806661155759	26.2603642206273	23.5133005339531	27.4277920000863	25.2729599572349	27.2440108831281	27.0994276692332	29.3590416396721	27.8966111741193	28.8244986773404	25.2944157868886	25.87321533942	22.4071516485251	19.7885519682467	17.4577045741988	18.920964800982	18.5134251288086	15.1444600431973	14.043238372968	16.992743627796	14.7151723401393	10.8234439528276	14.1448448913376	15.5502399659941	11.4610787014138	7.78575198680256	14.8222581950255	14.1287350106087
12	7.07785186338341	3.44265725857222	1.34505613265767	0	1.328664366949	3.70534721719841	7.23851628443288	9.71591529399058	13.6731022814868	16.4881190255287	19.7847082616853	23.4098131987421	26.9163379938654	28.7417493900424	29.0703165789435	25.7970523122313	23.2871824186611	20.7095864516895	21.6905051577874	22.3119719209217	19.1458629996143	16.8017679426898	19.6359887960856	19.512355316568	12.4596472261457	12.1178909468603	18.6413786239108	18.4003323067819	23.2607168849113	26.0191101692583	25.8972266082683	29.3631757989493	30.2023145305124	23.1550175340033	27.4490353018098	27.8020624055123	26.9264111422224	23.9080520745627	21.0813172738328	17.6431757345439	15.031854809038	11.2928962184198	8.254517611587	7.27661480360202	7.06773188512411	7.23283554354722	9.48814971424882	8.92831551861828	11.0910210981677	10.051646681017	6.91167570130428	3.72473475565711	3.47567734405828	2.90906462630173	5.59621086093081	7.62540136648557	10.849432657978	13.9113932084461	17.1930965506508	19.6961177139049	23.0877446494888	26.6173834551783	27.0004023118175	25.7370136768041	27.8633478426409	26.9020791389811	22.2903588351556	21.1949042460682	17.8543380442961	18.8417040895987	18.515601421504	13.9377270743834	12.7004965650954	16.728450496086	15.5092059435678	11.0447895860446	11.6402441125605	7.25735799034332	11.7369076421347	14.7739033772392	16.3240092195514	20.0792216233598	21.3598065066142	25.6959438627967	28.815955545496	30.6759746707419	33.3681116187296	32.8991455968084	34.3294003151817	32.8038649399732	29.5281487906032	30.5520868190701	31.6769542885676	28.529020172449	26.478640410716	28.1431127453947	26.8215877978915	23.4399052472488	23.8025083762195	25.3000657904283	23.040449713493	19.1520929665663	21.2500171764636	23.4225922561957	20.1052303891301	14.3543361044668	21.0751000472121	18.8628119589843	22.1323713596171	18.4715335854931	13.5953702413726	13.0152543194515	16.3396770163917	16.6961040365709	21.4190064428768	20.4172964419876	25.1210321643041	25.3663880361395	28.2463199372945	29.2349502821537	30.543420126109	33.8107875093142	36.1234713863438	39.7847948090725	37.6942554907243	32.2458527255832	36.9585057327809	33.1820471640916	33.4127122664413	29.7433634614514	33.2222502850123	32.0521464335854	28.7514616845822	26.0272638016369	30.483648026442	27.9585630889715	25.6743228537775	27.5528781436713	27.9816692139694	23.7774035167846	21.8914012571146	21.1408753130044	19.0023792457682	22.9105633496865	20.8383779599085	24.7880387485577	22.3827870918704	25.137653450551	24.7350078633503	27.3730141197494	27.0703214794357	27.6606127553241	24.2075257926125	23.6231520970424	20.0152380450496	17.3949039089039	15.444760729775	16.4858740441628	15.4020994997435	12.0476819762143	11.9800102671075	13.6559794961768	11.4080799874475	7.60394917131881	10.6866496620784	11.9905363933395	7.92949916451222	5.77569121404529	11.1997550866079	10.5504442086578
13	10.2752386346985	6.96327695844421	3.9306524903634	1.328664366949	0	1.32961385371844	3.92926876148731	6.8603131123878	10.3053627301517	13.2391302584422	16.3090951925605	20.0135662739053	23.5480531254709	25.1220867166722	25.7149721952018	22.9179937385453	20.8894229695317	17.9959277060117	19.1467623633867	20.4714491426474	17.6007105254305	14.1373640046509	17.5078359884938	18.581012701142	11.9901405329546	10.3433954773082	17.5870521691385	19.1536917068225	22.3417703192921	24.7208653772476	23.7349282493122	27.0440759132199	27.1334659415269	19.591171174792	23.6455496447006	23.768036961432	22.4902566903982	19.8470184410657	16.5158587121591	13.5670549125446	10.6464103809688	8.01295613366253	5.04540067784512	7.51457956242397	7.46034436202512	9.20089283711097	11.414214909489	9.50426078135486	13.9934553988641	13.6944174757454	10.0071794227944	7.04811308081816	5.55903642729565	3.2129069392063	5.07701408310042	3.96068441055331	7.21026615320128	9.88788804548272	13.2750452353278	15.4337717360339	18.7926842148747	22.237114763386	22.2871098619808	21.1215789655982	23.2078754736404	22.0159645939032	17.4704409217398	16.3868477444565	13.0069602136702	14.391910019174	14.3578695146599	9.44885183501149	7.9276653562067	12.6172877434098	11.8583010587521	7.38897286501987	7.84207791341045	3.45351733744019	8.23248018521757	11.5032231135452	13.8740106674314	17.2475678285374	18.8798854604576	23.1171393991558	26.3551588308627	28.6170454449791	31.1436538318804	29.8907195965571	31.4707847217066	29.7233294568425	26.5787488418849	27.4881574136936	28.3349216339132	25.1210952189589	23.1873612340861	24.5659603923803	23.1604452677404	19.8112323947805	20.3280721417453	21.6271952180582	19.2453192750861	15.5314876621655	18.2778622929488	19.7394098189384	16.3390429952308	10.6018160708437	17.8072854191761	16.4318615804783	19.764975233984	16.1408197127655	10.3649804630785	10.9781508916575	13.8335806283117	15.2484708085762	18.9896983388362	18.260821476593	23.0453065937514	23.7102385690233	26.5008871360941	27.9171789584836	29.2120377241986	32.3056378051881	34.9579182160494	38.1360366189251	35.5651386051004	30.434480133559	34.662035687478	30.7830194263006	31.3083618543034	29.023723158823	31.4134040498638	29.7344421336604	26.6408083398383	25.3021407197099	28.4040045944229	25.595282026186	23.7493476541988	25.7589022281618	25.8331078269727	21.6920069610905	20.3307661685437	18.9485055083508	17.9709648321953	21.5724976996174	19.6445480222885	23.5567805949794	20.9730465359709	24.1862325300986	23.2012755899326	26.1758857538766	26.4793618880818	27.3029601508701	23.752180152567	22.7328414853929	19.1570023490107	16.6128404856003	15.1559207242582	15.8112715807426	14.0333354552651	10.9694149342615	11.9939839086102	13.1359942904982	10.1613670832226	7.77377675264732	11.0379049189599	11.4747305414986	6.74312575887474	8.81311324107435	12.2117542556342	9.46265866445578
14	11.2667330668655	7.79897082953898	7.24593527434519	3.70534721719841	1.32961385371844	0	1.32555837291309	3.59686113159794	7.04172343961335	9.96804775269461	13.1322962196259	16.7551493278932	20.2648997530212	22.0670642587545	22.5496800199027	19.3385478513771	17.3291184426675	14.6691429197482	16.1666709931266	17.2072546909726	14.1570190718244	11.2530843327507	14.6116211626226	15.5539443550503	8.86329092380477	8.01749773931992	15.3548399535782	16.7173968667374	19.6613139438848	21.8726550971756	21.3061880447911	24.2277019545808	24.6722842477141	17.9173057684463	21.4736771420267	21.4488890854515	20.8977983529366	17.9489049526705	15.047999833865	11.9346299900751	10.0470842536529	7.02619569895402	6.52983476054333	7.22491259462701	9.17242045481998	7.09574020099383	8.5161966276032	5.63447965654327	9.18367638802675	9.68283945958003	5.93043691476437	5.65213074866462	3.38524297503148	2.80071812219652	3.49453144212497	2.99527711572736	5.21057156173869	7.6039725144164	10.9102033894882	13.1183348028627	16.629903126597	20.163874106927	21.01900011894	19.9253104869159	22.2065918591755	21.4580704864161	16.6942343939457	16.8185488375187	12.9651981087834	13.4617157153165	13.820803630759	10.1499622166784	7.27473862073408	11.3212259936811	11.3945353569156	7.18054426906485	6.66723135941749	3.5925188934785	6.28666318487001	8.88574262512707	10.440818741842	13.9839370707966	15.1194159609424	19.5113619719383	22.6270854729459	24.9352509111098	27.4032016012728	26.3813647107196	28.0495227232122	26.352457228881	23.1570276590067	24.4447165252535	25.5074293491132	22.235395678962	20.5140116749504	22.2420595719012	20.7802982894856	17.4579574120228	18.4444357192081	19.9773237697145	17.5833058893941	13.7466396257413	17.0700747801525	18.7611770419662	15.183502428623	10.1842454801522	17.4142747767457	16.0170031216829	18.568414418038	14.7699805348552	9.74609403812625	8.72384427875693	11.3765334351023	11.7241362155171	15.7309088421489	14.8894614073176	19.6712946193178	19.9304503963157	22.7494911371661	24.5055089520703	25.4733342929425	28.4992483058764	31.5533820374298	34.4358580697505	31.80344044282	26.9813781152854	31.1518453546495	27.5009814552136	27.8949231940151	25.4926319943626	28.1095373494478	26.5688460231151	23.404697754938	21.9314447540512	25.5571057242404	22.8726971299845	20.7134482402134	22.875116917734	23.3548832152935	19.2443302819298	17.4625477236284	16.4082389365831	14.661420156315	18.1430626135722	16.1140473190319	20.0292089209734	17.5656997868004	20.6122518905626	19.6132425926974	22.5919674442046	23.3591466881819	23.9792300335103	20.3823723349369	19.4159930469703	15.8173725062034	13.4007737463178	11.6328739785145	12.0633833148085	10.5088919492019	7.51507484992665	7.87479688626951	9.4708655359476	6.81081617722869	3.58694256993334	6.85141014682379	7.84688861906425	3.85804782240967	3.00902243261828	7.7385196258716	7.22861266080843
15	16.1655462326517	12.9564505556113	10.2000361764064	7.23851628443288	3.92926876148731	1.32555837291309	0	1.32656435953933	4.27334295370732	7.60337957752998	10.037279063571	13.8813706095616	17.5010994226077	19.6555333684945	20.5959062437175	17.375361233655	16.3248793257408	13.7255853427094	15.4101356580661	16.9708779973224	14.3450489716836	11.1468757057751	14.8026911742426	16.4899845967181	10.5534776732601	9.57090732375985	16.7494203183274	18.79629902401	20.2719354034093	22.3665183924544	21.5543498626147	23.969096165688	23.9641313007586	17.0439002578635	19.9412304033628	19.3375536456916	18.1800488998242	16.0646878899031	12.0751230635551	10.3933514806341	8.24707863428014	7.75714902525406	7.49448550602375	9.31956367004379	11.3559561904756	10.6535466864326	13.4932164067727	10.07102407901	15.3785118265715	16.8413762204874	12.8618047333957	11.4247409160996	8.42522694056368	5.27486265224034	5.69808134375072	3.21239676876939	5.44740607996136	6.19711142388129	9.43768689881159	10.1247732814123	13.9340483708074	16.9260873505958	16.6878371876046	15.1592873183405	17.2355911996079	16.7518219009157	12.1098980177374	10.7183728709166	7.56870272900185	8.14358459156654	8.10613329522776	3.03539799696844	3.50001757138446	6.31049807859887	6.80200088209345	2.83105739963004	3.61989184921318	2.70610661282958	3.28201447285048	5.74684617855742	7.92905044756306	11.2367312417802	13.3142985545616	17.260903365699	20.5993262996633	23.19314650926	25.6529917748398	24.017736550308	25.1623016037882	23.2494243584653	20.1975726511876	21.2898164153663	22.0407148931245	18.6803115070386	16.9912913576338	18.5377790740962	16.9639091603321	13.675712339765	14.7542793792174	16.1918956888933	13.7708167150681	10.0527571342393	13.3893584611063	15.1743761980518	10.9937570466151	7.27864692095997	14.1770648936936	14.1206662024141	16.5422263616479	13.0714650288328	6.66564100443461	7.61516296608287	9.50429197783822	10.7683726718572	13.9614598806858	13.3705883939339	18.0628596019567	18.8972525251688	21.7897742530757	23.6276805886655	24.9696173178525	27.4572655776208	30.9667525743337	33.4007637038437	30.1513822071228	25.6966132787961	29.0225070419494	25.1561489898593	26.1841071453659	25.2119068894045	26.5582873883088	24.467970737272	21.6371482871473	21.8289762013705	23.6580877925499	20.1776071921326	19.2618919371904	21.392247684617	21.3373006961987	17.5509565266398	16.9049463175723	14.6413907126338	14.5434656461244	17.568965194342	15.7791418651332	19.6615050542933	17.1498848975729	20.6810467336641	19.3836261829411	22.5430434946127	24.131355763819	24.6017008355114	21.0357388508224	19.5577672805461	16.3788570419306	14.0431403183191	13.7763616386911	14.0352734209206	11.2412716807308	8.65544239192891	11.401699653999	11.2515219859359	6.14782742113017	7.41271583159641	10.7869858626031	10.6264509597513	5.2591045815804	10.3309909495653	13.0636954572586	9.52230885867498
16	17.8160091210125	15.1463784780389	12.9602060554607	9.71591529399058	6.8603131123878	3.59686113159794	1.32656435953933	0	1.3281208529347	4.21699632439963	7.3445431444032	10.9294019507016	14.4732012353867	16.2136043494345	16.9125611898376	13.9957355290817	12.8196274906879	10.0624281860791	11.6088594185648	13.4669171676371	10.5840401548747	7.79618631126784	11.556882018953	12.443108855909	6.18056219125736	7.04332229846115	13.3794122815615	14.2845431498526	16.7397021180187	18.8364379329002	18.063922359222	20.332423687303	20.1337052973366	13.87496309905	16.3223845378057	15.7986239907151	15.5790886447186	12.8565095574188	9.89708441916103	7.66301755185253	7.36961715423535	6.91866034720595	8.46474500501935	8.83757178188669	10.9531371305211	8.08070597163391	11.3231899215725	6.79455178801369	12.4103003186869	14.7656122121638	11.7853562101449	11.7812519708221	8.77960278144746	6.83694924655727	4.43539862921023	2.82760923750083	3.19936884400658	2.91678950217529	5.70512059469386	7.26550225380187	10.850186772586	14.3562152394007	15.642823434406	14.7298699586928	17.1045214197884	16.6457483460492	11.935286213577	13.2157325184796	9.45998467229202	9.5082554130608	11.2735807975993	9.09120921550043	4.63271432315872	8.06040879856599	9.9449771241567	7.04985588505184	5.39503901746781	4.93872635403097	3.36978960767583	5.38986187207056	5.94450889477003	9.11399089312689	10.2007560994271	14.4380488293952	17.5531820761935	20.2336475208994	22.5884682526284	20.8282094765729	22.6300386875498	20.7084801470316	17.6492977197394	19.1998605724104	20.1820207115145	16.7211491530935	15.5144339568029	17.5204193442965	15.8164680317699	12.3116122827191	14.1790620282161	15.9846700310016	12.8264902058201	9.66253931427966	13.8615733955421	15.8909673085058	12.4461565955117	9.30673111247983	15.8384608469384	15.9768263431759	17.3857597188044	13.8815429978083	8.31423875048101	7.43662598225835	8.60061823359228	8.94076221582925	12.2125956700449	10.5146370836087	15.2631331318311	15.6118080311026	18.3910871348053	19.9051306451377	21.1583814362063	24.2102129069531	26.9645635047186	30.0183746062308	27.0439629122657	22.6308940609955	26.3857462657398	22.8550783197083	23.850096226221	22.3935661519107	24.7583163199762	22.8289585614412	19.9450345449688	19.4203312536115	22.4043575672234	18.6081022406907	17.5660447739382	19.9212134921545	20.6333334921917	16.9402100636326	15.7202291968024	13.6915901560045	12.4566709035761	15.2236708451017	12.1159343841076	15.7837406529631	12.9572868301971	16.3456968343353	15.7066310200501	18.6020887536857	19.8698687715848	19.9502246102644	16.4139595771404	14.929165113964	11.5486259788773	9.09154937290669	8.59684953922075	9.18053473388125	6.73624858508057	4.15929381025193	6.35287061099154	7.73027586829862	3.7715087166809	4.33057825238155	7.75234583851882	8.66274154064405	3.64012376163229	8.82435278079928	11.375696945682	9.45147745064231
17	22.1263819229444	19.404492495296	16.7205062124327	13.6731022814868	10.3053627301517	7.04172343961335	4.27334295370732	1.3281208529347	0	1.32948185395665	3.76204066963663	7.25349688081549	10.8242355850194	13.0819089203373	14.1421673374345	10.7040722624616	10.9201788446893	7.30901922285063	10.1191426514305	12.346979428184	10.1514393560716	7.41193658904338	11.8177075188041	13.9496845842478	10.513174354114	9.49810554795008	15.8182571100611	17.5603400308764	17.3570857000823	18.0374910117788	17.2834643228723	19.5004869169977	19.2075895416369	13.7847437770892	15.2504201581465	13.6749548445324	13.5873451785108	11.9294666268027	7.41219737999468	8.51158945203538	9.03115972619242	9.15582497648355	11.3411754681779	12.4803948655481	15.0433192148541	13.4603914133282	16.89755878818	12.5449596252838	17.5967489611007	20.4284077206228	17.2254318088111	16.7408624031141	13.5616469132624	10.6296401632417	8.93170358890173	5.40049155170157	5.39256423234809	3.76595618668088	5.98201521228423	3.77540580600285	8.25004539381451	10.8009397739271	11.9514602036739	10.4224206881127	13.1376570590041	13.6995724750811	9.23215787343349	11.401712327541	7.6173935174704	5.61478592646238	8.11803042615633	6.75957557839248	3.56760381769052	4.14537163593326	6.73193382320415	6.35377470485065	4.36814205355091	5.69582206533877	3.01150029055287	3.28231168538273	2.94708160728542	5.40926519963664	6.99693397139061	10.7432017573906	13.9885001697823	16.8172041076988	19.1553302764531	17.2249442959912	18.6396799596989	16.7247344971452	13.6472029368659	15.1694030864764	16.1703453890138	12.7665856437812	11.6384433237439	13.7650189611202	12.227937929185	8.56462737076167	10.5978117552634	12.7545262162105	8.57219866778646	6.5312213252959	11.3702346941477	13.1218902220679	9.21616693642211	7.24420285469699	13.2981171975585	14.7773477322556	16.303379588294	13.5769194223137	7.75123744959474	7.33359461655742	7.64116699202419	7.47990247262623	9.72566445030878	8.37892695993944	12.5453061341683	13.0261400268844	16.0827438268475	18.2280924673977	19.818446810989	21.4877373401668	25.149733477713	27.1749261452538	23.6495740765029	20.1739191284192	22.6802926347964	19.1136597489858	20.6467225001936	20.2876076460484	21.749741147885	19.3114059819579	16.8792986524915	18.62640153116	19.5087864563637	14.7860763219997	15.4079757917775	17.9023641455535	18.2167049160928	13.8652365288155	15.4768385337575	11.2465733448015	12.3549505462385	14.2624296317282	11.9667646839068	15.3175904763119	12.8369929890142	16.1780845899631	14.9824334805799	18.265429778683	21.1729220940332	21.4282029577844	18.161465524566	15.9490091228264	13.6257088255988	12.1534110849588	13.2351843205903	12.9356379432945	9.16219848071411	6.91343228794497	11.2826501762662	11.3645770268849	5.24386861010075	9.61119872856659	12.3204752343406	11.7908744798679	7.81616613180656	13.3250121200695	15.6408736648564	12.5381465137396
18	24.1551486437157	22.535404544849	19.7844564494454	16.4881190255287	13.2391302584422	9.96804775269461	7.60337957752998	4.21699632439963	1.32948185395665	0	1.33020487143898	4.58939930709892	7.91751198294009	9.37478367750424	10.4043703317404	6.93043735993624	6.08493393554934	3.7486581599287	5.83537907937436	7.90021480720619	5.85843272556748	3.77251242542685	8.16186920992979	10.2015001837965	8.10506915454767	7.38547290293587	12.4067378468315	13.9754866820444	13.5068923516847	13.3157802249812	12.8615741649302	15.0966990762882	15.2806988387312	11.0200035390194	11.8671400092861	10.2815510989344	11.4245993365194	9.32620035169736	6.96264095009932	7.65938554976834	8.95810364976874	7.6419215515471	11.2121666951575	12.6054144319019	15.4758332247411	13.5085223470223	16.9896639460585	13.0601482763405	18.2869449334765	21.0092990125801	18.4675865234199	18.4483508477045	15.5507696915619	12.9600540508132	9.96737844169669	7.68898120689601	3.90929789092619	2.92338673459397	4.34906863592655	2.69478552022234	5.90522666796119	8.884419452052	11.292190487235	11.1046861279372	13.5624592902615	13.9147418589063	10.1639569066383	13.246404682026	10.3813916697137	6.8937581912916	11.3643269048369	11.0506920145301	7.33973766561176	7.17137343888882	11.0336432786274	11.0649877541731	8.88238976852513	9.46763824826445	5.806205042883	5.5334088950664	3.67728745136955	5.87545019551693	3.87471676384223	8.30183238809361	10.7711705956224	13.4852395232714	15.6338262431178	14.097781704935	16.7260957189656	14.6358046926023	11.7828846637825	13.7136023349082	14.8827323768184	11.518609377872	11.1060090941796	13.1948962860645	11.814556022128	7.21219564349165	10.8614161599674	13.2932936475503	9.65262870932059	7.9197027090668	13.2462508658111	14.9791556838161	12.7264974757393	11.2808060882191	16.5740659465323	17.6395874384862	18.4442802516119	15.7793777126983	10.7335655306147	9.56756301259626	9.7484755731345	8.31191037006536	10.0193616563132	7.08956881622571	10.3824250057489	9.05000690607471	12.0110161934784	14.578567282144	15.3942151797355	17.0174799838284	21.1306054101628	23.2938649863006	19.9850697521925	17.6227813355327	19.7487728226338	16.9958012756092	18.8890210175117	19.0625088852438	21.0595594208426	18.7811516153829	16.6404246940996	18.0518737254613	19.959328696126	14.5565623002136	16.1004960482589	18.9395867167159	19.4903165956841	14.5549875300531	17.3833491019424	12.6029512813468	13.2172099173767	14.0627360424634	10.851946277051	12.8510688271443	9.40214959464058	12.2427495277817	10.3791893710443	13.6624499267152	16.7845431573219	17.4035597795394	14.3033838304088	12.6974358435079	11.3920072858123	9.52422023054906	11.3714792793198	11.7438397894385	7.87302064013553	4.1812849699584	10.4974342579508	11.9019836161877	6.9539912999658	11.0896233479772	13.859360050161	13.7335382913508	10.8215436052349	16.1363154716311	18.2873748252722	15.5554228164971
19	27.9982031566313	25.5591592584733	22.9144899790504	19.7847082616853	16.3090951925605	13.1322962196259	10.037279063571	7.3445431444032	3.76204066963663	1.33020487143898	0	1.3263747585053	4.78455442021512	7.47910970637549	9.16392001274564	5.28861550880758	7.80812218142109	3.43503522543802	8.45315053693	10.8948715458238	7.9079864693865	7.6653927492334	11.9835382504501	14.0219675509538	12.7955577838561	12.1767526048614	16.8985744369163	18.281069060643	17.057732381533	15.5811517866941	15.4757003718733	17.0965701823494	17.172403122452	12.9763519141552	13.3856565397443	11.1462275232475	12.9027347101303	11.3740558289469	8.13482028074376	10.051639518009	11.8951535088876	11.48636034608	15.3552790270968	17.0979163935258	19.9501304256388	17.95315877499	21.2194403554853	16.9234502687838	21.2499032703681	24.7538001325049	22.2810760512144	22.2828869538936	19.2061684362082	16.5479855269456	14.2356744483709	11.0334743394816	8.32668217239015	5.56286526890594	6.58268562214542	3.68161757927137	7.36387459154486	9.34264170350121	11.1622989567562	9.6707162609602	12.7163462519703	14.164283850587	10.5117588442658	13.5363527214682	10.3316506425643	6.10562265457013	10.1981817006759	10.8841928501842	8.134655309231	4.41950166874049	9.7111433930305	11.39607818506	9.64930184002967	10.7530435691482	7.46394808395664	4.28816056135961	2.88658760476795	3.61632202659	2.8549106816151	5.57398358447529	8.46368477673879	11.6652043702629	13.7371608056396	11.2493269576451	12.9603662756884	11.0464785791672	8.01299550729938	9.91755458769953	11.2819886988066	7.91390131351156	7.26351333722187	9.28583641897702	7.72563615503604	3.84810628751338	6.56343088635814	9.02313681598589	6.31607132638636	4.32765536982787	9.6205941604456	11.4656573732168	9.67562349412171	10.3240345795624	14.0722665551787	14.4807414174827	14.9963806633467	13.4620872824388	10.2320182271143	9.00876123559727	7.73472417090616	7.18122942120637	8.07267991437788	7.06038136363752	9.26747651736976	9.11732817222239	11.7762599325932	14.5824010368663	16.2352200169878	16.7310786562015	20.6086721794491	21.9698997266715	18.1659690905825	16.1539735668968	17.3289024176374	13.9656775345846	16.480724832361	16.9582594920587	18.4109950029867	15.6338188552893	13.9645698107747	15.676122128894	16.8712214732662	11.0891386500485	13.8153755287361	16.1718824198051	15.9396394250309	10.8075822458124	14.9586304520167	9.8361265241964	11.9118926287975	12.7568235466357	11.2789245497964	13.3111527675104	10.4144012309878	13.8314727343114	12.9434644512202	15.8927951600717	19.3524926818227	19.7358938231842	17.3315132922662	14.7338689080635	13.7755202442594	13.0540185766683	15.0187938596946	14.5924546598576	9.84914646048072	8.69988930964067	13.9307589886553	13.8901008635647	8.56690299933412	13.5403624766843	16.1480899489692	13.9149481134498	12.9351793957409	17.9119028581555	19.4689164824342	16.2710787902954
20	31.6350967281594	29.1389767322053	26.544034245005	23.4098131987421	20.0135662739053	16.7551493278932	13.8813706095616	10.9294019507016	7.25349688081549	4.58939930709892	1.3263747585053	0	1.32975524063641	3.79097533624264	6.24500552441709	4.43908436504647	7.46647333083029	3.09769042998167	8.62935924620131	11.1370054323413	9.43332316842798	10.0109210864935	13.8553484979628	15.7643499390238	15.414326258387	15.2703032386394	19.2150148321567	20.3456797133937	18.2685047280832	15.7432695778228	14.9519767923843	15.4707325618408	15.34618939672	12.2164434267916	11.3587681110233	8.44911379968337	10.6738048042861	10.6494284353668	9.27150397724123	12.2710777032826	14.446554295056	13.8380269186037	18.5221452591216	20.4855793669596	23.4241092253259	21.4030151847818	24.5084477272633	20.3143857893858	24.249112066218	28.0219497180335	25.7695487542953	25.8793807885738	22.814987464384	20.1829331366875	17.7952928045593	14.552953274164	11.6729717295983	8.57531556270672	7.97446581283035	4.66545581910278	6.88417395189866	7.32976452554924	9.48262416211884	10.1607693606341	12.592157241712	14.0957662438053	12.2559592035875	15.4376173679749	13.8111199401062	7.62318522666215	13.6498845782666	15.1034997599894	12.1909800262325	8.50466189804157	14.043211206843	15.8594297816788	14.0081736496947	14.7467035299419	10.9932055379675	8.258334214598	5.18880381205534	5.2759365045459	3.41478637692023	5.66545276213649	7.67524631526572	11.126172252846	12.6778542742847	8.24367460541717	11.0388820991983	8.54011317255222	6.34337284100501	8.35621331704738	9.63237348736022	6.81150042208029	6.95436884267724	9.09739764987768	8.62167164765627	3.37837164918249	8.6031609888459	11.1727546290071	8.19735835498241	7.85127868566643	12.7772180853267	12.9375914682757	12.9585318227028	14.3906332730704	17.4680173173718	17.8158981249894	18.2083583828966	17.0034882303603	13.9054836305682	12.479905969197	10.9447855164	9.18509956396772	8.86643406336504	8.08561890024505	10.3457968760265	9.74210505999602	10.7839394471594	14.9396569572397	16.5516464739916	15.8818476569951	20.2613373941603	20.8025097043602	16.7288293374043	16.3452141619497	15.8621769628258	12.9716155894322	16.4130918781319	17.3826304971371	18.6110561495043	15.6128283792527	14.3666111870545	16.2415889924601	17.2339739468296	10.9871334751153	14.7976062253325	17.2940909272503	17.1105971257581	11.9028271431622	17.5201873563042	12.0917298597016	13.7006423207089	13.6619354778157	12.7661748773859	14.6071406510651	11.7834393536013	15.0042074765714	13.9109760261457	16.6638671982226	20.1761982791605	20.9029327368195	18.8332241796247	16.3712883732466	15.9082486151053	15.255914689064	17.5056142422938	16.9759661286184	12.080641373702	11.5885459829955	16.9133402082498	16.6338161887163	11.7955392415947	16.7226359465247	19.1953496972574	17.0088414949402	16.2283122042928	20.9854177466163	22.3728088759548	19.8645561994221
21	35.0186604255503	32.6847799441881	30.0909840483823	26.9163379938654	23.5480531254709	20.2648997530212	17.5010994226077	14.4732012353867	10.8242355850194	7.91751198294009	4.78455442021512	1.32975524063641	0	1.32965446639343	3.47712798153879	3.2248784473217	5.34937239309435	2.89112486759047	7.85305201816466	9.86263063284842	9.61100291332804	11.1178639135402	13.6003253637551	15.2741692409113	16.4201078254681	17.0705545604119	19.3358818780008	20.0430306091669	16.9717562438305	13.5618823914676	13.0214712302412	13.0357939919285	13.4575569105243	10.6070339397967	10.4837589632727	7.89518923142441	10.0935849924593	10.8662505492925	11.2293203267161	13.3385167841106	15.9440017561464	14.6636020472461	20.6562457866864	22.4274351855044	25.9433906419342	24.0543418118227	27.0374361395455	23.3462384336321	27.0225421639046	30.9111316357069	28.9287931652878	29.1840687533455	26.1785211576208	23.6204989574734	20.6644940175171	17.9851702799835	14.3401063454913	11.5443403449483	8.43287092276409	6.96582895282392	7.94316095770443	7.9182546688017	10.1833915764837	11.5055498782109	12.9691455770995	14.8282694202661	14.0650015641663	17.2119710376238	16.2811432645254	9.52071226327106	16.1736659418946	18.212892192071	15.460275126918	11.5572550806842	17.1718777656959	19.1942819089436	17.5799068825748	18.2842291606729	14.5663880560694	11.7346717465807	8.34848261661962	6.97512616373353	4.2472194433535	6.02530945263395	6.90954709080125	10.1477551212078	10.0151038936199	4.90284274681536	6.92816526939131	3.98257667848342	3.42344709320883	5.6854017448198	6.71742606955968	2.62829317238393	6.31820647019389	8.51253317174153	5.41731391004804	3.59315502031293	9.8721804075898	11.8226374806978	9.86438224117456	10.6936777583767	15.0587390242344	12.7044837754235	15.3001769270816	17.4637155554023	20.0436233251376	20.1082615111302	20.2527072264426	19.6327228116734	16.9432177876577	15.652272103436	13.6846384314676	11.3989678918751	10.0349133528895	9.08149095688588	11.1932054390152	9.05476128895732	8.3268464618966	13.9629906896768	14.8411982669864	13.5632527809519	18.4034417433262	18.3387821296835	14.1541356147241	14.9647098535187	12.4810636565959	10.5882306831689	15.3318221356758	17.594935862344	18.2247202722017	14.8865100342558	14.7539381522358	16.8547053964168	17.6727908944796	10.8181582536031	15.76071131009	18.3976474039481	16.7328772481005	12.1633448524655	18.9683165831868	13.7770513536097	15.3773829698034	14.4386027717366	13.9292296269392	15.4298749508867	12.0770629707723	14.3672838421185	12.5810476908722	15.0108758905002	18.3985693465552	19.8936119395147	18.1905546919273	16.5444126520103	16.9902454661491	15.6038468974801	18.5848635453694	19.0417296745858	14.181524635948	13.5538808095689	19.5779338542145	19.3574289098527	15.0685132976017	19.8320097317443	22.2077896919077	19.7505108794684	19.6733047554294	24.2302459129081	25.0178846827624	23.0764046159708
