10	11	12	13	14	15	16	17	18	19	20	21	22	23	24	25	26	27	28	29	30	31	32	33	34	35	36	37	38	39	40	41	42	43	44	45	46	47	48	49	50	51	52	53	54	55	56	57	58	59	60	61	62	63	64	65	66	67	68	69	70	71	72	73	74	75	76	77	78	79	80	81	82	83	84	85	86	87	88	89	90	91	92	93	94	95	96	97	98	99	100	101	102	103	104	105	106	107	108	109	110	111	112	113	114	115	116	117	118	119	120	121	122	123	124	125	126	127	128	129	130	131	132	133	134
10	0	1.32586613200579	3.66284438653897	6.99711233295565	9.36662287059749	12.6779752721008	15.8172151151838	17.5144627665253	14.2361403477207	13.1053067877101	17.0281433221593	17.9233045223251	12.3953444889604	16.468407725096	19.667408217658	19.100780847913	15.8057560717607	21.7429096718907	19.1968163245888	24.6919167745236	26.8300997389126	27.7042399282132	24.2748457873577	22.7347523628475	18.1673253397411	16.2323932308209	11.4814571810376	9.65875297333978	8.9361408896682	9.04271231434463	7.13208868424952	8.10036357208737	11.0651895148705	10.7390995432578	9.67848035592365	13.1301794732593	15.9172344959795	16.7134850046302	15.2704989767853	19.5881586934556	21.0153262644195	21.5717596176112	21.574781088113	24.9951899572698	22.1509505439383	17.7283021465678	16.9674394355778	14.5084167640718	11.4626758656083	7.95780352861266	9.04422163593971	8.48204114585634	12.1472748384154	11.9057170720625	6.4526115643203	11.9794434762221	14.3815792595945	12.6554561751049	11.870833037323	15.9346600214752	17.400276635732	14.893388768175	16.9182206215666	21.2144184223843	23.7750646055905	22.3335868368697	25.2791067286801	22.9397481241621	19.3207890366827	18.3304817994509	14.9884959552318	15.0361917053488	13.6899573410584	13.4138308845758	14.3985674981923	12.5882790722163	14.1171080253712	17.8074736276654	18.308562860039	21.5686502822963	18.3168405026631	24.1589942050575	28.3826283666612	30.5417099881457	26.0031754022465	26.8288128138388	22.7367722203483	19.9150604568502	16.031863584749	11.5841626801422	9.98097059408553	5.30640085180153	6.28395313477114	5.37802463735525	7.04859574667181	4.83163181544289	8.61499825885066	10.1641566792332	13.5103241633945	13.595392270913	10.5810288252136	15.391421019516	18.164049823759	17.8175585589048	15.9509410694166	20.3621596104146	22.7324946717249	22.8352503161231	21.7983003695242	24.7523355059679	21.7162127913686	24.4037246542408	20.6031175068241	17.0580264391869	14.2093488239257	12.3586117747909	8.90614153267283	10.3866482081565	9.25800556275486	13.1293762608892	15.3199182112699	13.841479761933	15.7057903653398	18.3320249563435	17.6249017585914
11	1.32586613200579	0	1.33055514729755	4.2948161776728	7.24409531963792	9.93490075441119	13.0805751402605	14.5221201275847	11.2523018533987	10.3447612345573	14.1337052466789	15.0393942697171	9.54933505538475	14.1260567746275	16.9752144316353	16.4635097716131	13.6226065787719	19.6510963052955	17.5862460462715	22.9041573737171	25.0352481313847	26.3763049155866	23.0778382653142	21.8978031774879	17.2000117151123	15.7992860914663	10.4219891575457	9.85057673438464	9.69943678777278	9.14287279797767	7.60110334096307	8.50190666850678	10.3879080665936	9.08938958346489	7.24644885443898	12.1477653500551	14.3647361618653	14.3818945205421	13.8897853835112	18.0488592991358	18.9462517929009	19.2124253023922	19.9663948172924	23.6163668247256	21.2620460210206	16.9313902559713	17.1560703542507	14.9096495599327	13.2197959515266	10.4532097941254	12.6066062840084	11.3937018128438	15.1554791742129	13.9921340759728	8.96161609309393	14.2394976386107	16.3771003843782	13.0193476027027	12.491096429057	16.6763201276541	18.2112958901886	13.4130450308645	15.9608034258931	20.7603105468102	22.9462056994179	20.8939798028044	24.4878137856363	22.0677804275827	19.3932980433963	18.9991537179949	16.6080803827535	17.4597502845831	16.9010258564384	16.689223049621	17.804796488587	14.9830190882879	17.5372195059536	20.7015007668526	20.4159388958725	23.6120911822735	19.1260308741777	24.723397137125	28.9964072946977	30.8215564175465	25.7828646585285	26.2258616255024	22.508909835885	19.2496945430311	15.6835147527587	9.89715221667324	9.1479573129743	3.49465949700397	6.71742644172603	7.05386716631381	7.53942902347386	8.47730104455422	11.6107796895816	10.7280887859861	14.8445448902956	16.7042845102686	11.8823081091175	16.2058524613795	19.0301637670305	19.2538024815879	16.1031675765981	20.5437415287479	23.311947559138	23.8699892752385	21.9900099590701	24.918710921715	21.4164359546587	23.6315053265762	19.7359723854691	16.5552402881988	13.1232588559397	11.1289472098667	7.2809014551771	9.58110484234465	6.45846072992629	10.8568076799767	12.8168447755288	12.7200541665513	14.4874766263832	16.7754442862179	16.8250856164241
12	3.66284438653897	1.33055514729755	0	1.3289134659563	3.95764816526179	6.55462989039045	9.8000469386631	11.6185267138308	8.19651816322028	7.67466259844692	11.7635333552466	13.2250044990541	8.55773153353153	12.8913624183016	15.6590688101177	15.770818463225	13.3063375502052	19.3439804331994	17.3578503853444	22.3865329606887	24.0127354751598	25.1593902350594	21.6465969842837	20.4782073678337	16.1032928620205	14.5969269026052	8.65102641309111	8.905070072717	7.01586623304635	5.10685010549556	2.78012391810149	3.67806158186619	6.13220131763464	5.62839453130287	6.37991614364954	8.93180491278219	11.4983846256768	12.2845842827505	12.4790958807119	15.6216537536843	16.6384784460599	17.7434601191538	18.8793311851877	21.8556530444643	19.1046435716556	14.3833869794287	14.4660749686983	11.2803519005393	10.1139376110395	6.26770500263055	9.78691887163678	7.58925958180375	10.5080170346265	8.60574581311812	3.88233756904265	8.7809185168751	10.7760429657644	8.02250596758893	7.47810463954604	11.5259203537071	12.9717311489253	9.82944413484303	12.0693672162214	16.3517233648322	18.8531819330319	17.5060134239638	20.7234404720838	18.9654423096325	15.0752622862755	15.0092617073592	11.7689464694169	13.2438176142682	12.4652610883206	13.2698689141981	15.1363459923457	13.6573762487529	16.5354074942228	18.8676410025207	18.1215811672161	21.3453283179247	17.8327004124446	22.8484269261584	27.3813433015986	29.328647786763	23.81762593123	25.1139001152748	21.5487384549537	18.5816065236567	15.7034791686429	10.0114379586551	10.1625640957388	4.48424731699758	8.89331872812394	8.35295690160077	10.457585715642	11.4477401700074	12.1281050457192	13.164289574451	17.2504579069658	17.9225238736066	12.2920115929005	17.5508565318049	20.3555324175026	19.004161281151	16.9110298030605	21.5418347872227	24.0721685354685	23.1616630016068	21.803368386559	24.5579869899795	21.4291193006152	24.2545133325738	20.2593876018008	17.6989995479971	14.2920997757502	12.7801741380937	8.40814854768872	11.7748164316901	11.5073608616398	14.28508347893	16.8108156554047	16.1625553363322	17.4831583245133	19.8906102973237	21.5258534093308
13	6.99711233295565	4.2948161776728	1.3289134659563	0	1.33005789347682	3.83935932155354	6.51467451220704	7.3869239876961	4.42097568416747	3.64318473316959	7.22211111794882	8.39792605349678	3.78972360469732	8.6548877520162	11.1673770420811	10.8749868505668	9.20981188732973	15.0735175390484	14.3216444237385	19.1083431516184	21.0235234439901	22.9162273945778	20.1226452038493	20.1078312604816	15.450398117848	15.1121809809173	9.01403932762666	11.2044946784761	10.1543909713976	8.04243035406586	7.57505181500431	7.40163880502149	6.99399299399134	3.49619021221672	3.9965294944489	8.3446961598371	9.5874586830922	8.45950701873342	11.3034437672773	13.6998939046987	12.7454705680096	14.0253676957148	16.5847139559294	20.0095441977073	18.7807004661701	14.6539847481837	16.6843873426626	13.9903779434295	14.4268949188659	11.6940787153157	15.7313307129435	14.5378975783983	17.1798075367566	14.9327276142036	10.4975735291543	14.5229998622874	15.2526325924412	11.1480422496508	10.868991903576	14.0976680341112	14.5007366709419	7.70059069162879	11.6298041686006	16.186035246471	17.8615207919147	15.4377902563806	20.0645498578961	18.441178189042	16.5049594970724	17.5567833329457	15.7159889921061	18.254997507532	18.7037966466704	18.5535589577849	20.2043435181646	17.5560049270898	20.2631744058033	23.2141973369746	22.1386343526424	25.2556656217966	19.8456989798797	24.7554717385874	28.9126106223565	30.1511753336416	24.9014490542217	24.4886612741489	21.024715503426	17.5896805258083	13.9994303098376	7.02306336294925	8.42964655249554	4.26961649331647	8.2914426368395	10.5551811448217	11.8944721614706	14.2503463466682	15.5587738270084	12.854523989631	17.1144740205476	19.1122966961064	14.2607239998536	17.1753921934843	20.0111974654192	20.8556275618836	16.0662024448841	20.0344086261611	23.5503527362118	24.6089505058627	21.7036196289928	23.9401180865926	20.2515580141381	21.3612201196467	17.5342413864986	14.5779890588517	11.0338075930297	8.95215610900525	4.00159843062744	8.41462090649365	10.1990153446301	11.5265995419291	14.3904519734441	14.405496312172	13.6563414573597	16.4736636180298	18.7583542188541
14	9.36662287059749	7.24409531963792	3.95764816526179	1.33005789347682	0	1.32777596001735	3.27169313964498	5.97092463526379	6.16651100704442	4.10546574702554	8.21311591297724	10.2664086222983	8.08371263714885	11.062840729216	13.8658993938367	14.8662852118476	13.0444313022837	18.7366969340917	17.3294501932404	21.5549381117182	22.5486896736817	24.6730668948957	22.3828680914667	22.3844051518016	17.9121026403937	18.0013524214155	11.2168490227871	13.9741909962616	12.1619832675432	8.84606330522227	8.01826296650341	5.84378892500405	7.74783640766892	3.53526137647558	6.71991316908187	10.2552255947882	9.22063658323003	8.78552935229289	13.092237241969	15.0713965510831	12.3164457535443	15.3697708831329	18.596617541908	21.830322329274	20.7904521836347	16.7351566171339	18.523321381437	15.3064351499623	16.0908543589208	12.8274652211573	16.8633402088673	14.7271448013524	16.2982471756935	13.4444677469954	9.79255201671148	13.8768128185113	14.0239653094266	9.34067363737756	10.8046414563372	13.6714855813112	13.5980080158823	6.82387082234123	12.1984155118605	15.941086443527	17.2350228604432	15.0117316789237	20.5634935018348	19.4198904476828	17.1472242360097	18.6842658137803	16.1958044567104	19.0203990231541	19.0036986400016	19.9736186255771	21.9963059171307	20.1457349828692	23.1309684405993	25.5354279580351	24.0431717957511	27.3169723249119	23.0226334505851	27.4475882000587	31.9349189133149	33.0869152536165	27.1651685435596	27.3413915520041	24.4268030040773	20.9416158402354	18.0257639505237	10.8477466784582	12.8128673215639	7.81294125153901	12.6147192596585	14.2049203447256	15.8182455095374	17.2448774423015	18.6183226419568	17.6968400569141	21.9089111094093	23.456958647702	17.9911873426964	22.0616208380073	24.8787294490695	24.8681181636247	20.6499813559238	25.2207954275832	28.3326589115812	28.4024761948672	25.7927207948289	28.0387100452214	24.3344810711057	25.8911145762402	21.8428075576378	19.5366784792093	15.8087310369934	14.5967042855571	9.56159866340352	14.2820454417426	15.715915531715	17.0393584973144	19.8447946575418	19.9504180156707	19.694049177353	22.4232500320538	24.6443454366311
15	12.6779752721008	9.93490075441119	6.55462989039045	3.83935932155354	1.32777596001735	0	1.32984923957568	3.13869813776349	2.95034252248786	2.85941549971319	4.97606631788605	6.79671251414977	7.26968967700823	8.78781724889634	10.8040524341564	12.2704680432329	11.9217261334087	16.6842975878519	16.4523618365267	19.6781702655506	20.8650648932612	23.2056374831634	21.508126905893	22.2948443367519	18.1683948382899	19.1549031059935	12.8965509342615	16.3881915414728	14.7940165607586	12.0550126088694	12.0500062240648	10.2571597433208	10.1307509593317	5.4092015122382	7.42330041154203	11.3182473466522	10.2429466463513	8.23128386097819	12.4828715846956	15.0069519223592	12.1307353857876	13.1013282532726	17.4685732101966	20.9550268432183	20.9326581446313	17.5394080857935	20.4004770042271	17.9397874569349	19.2713441928683	16.6490945399442	20.7901067337328	19.28010679431	20.6850577470792	17.8725485032214	14.413414793171	18.0668796143662	17.921801946233	13.3867836689774	14.3504426412568	16.9313595732889	16.225675979755	8.87037192004935	14.1343391780444	17.7868410348774	18.607242837132	15.7539725466309	21.5256357861969	19.7192450666855	19.498947381846	21.2001884425587	19.2100270431876	22.5350938316218	23.2056297695193	23.6606166022781	25.5812447117024	23.1428367103084	26.1835945584253	28.688964080287	26.6638247256465	30.0679418983076	24.8806934187936	28.6912969034165	33.0304486194178	33.5015555907483	27.6327581323327	27.2025041126732	24.4798329038415	21.3410363384724	18.4335499022842	11.5076189544145	14.6804453270328	10.3657939879201	15.0261830815414	16.8526424040861	18.3666898759684	20.1673378758824	21.6359072377379	20.0815844494402	24.3388977975585	25.9746592470431	20.5753900084543	24.2604517682586	27.095396084944	27.2923875283933	22.3346654776829	26.5018947247173	29.9816905960955	30.2742563905375	27.0515122312968	28.6883830321613	25.0044936961339	25.6841072260649	21.8848679685302	19.7494927023455	16.3397754268533	15.5813119473297	10.4352515542271	15.9286365392647	17.6219881681949	18.5443175663059	21.3520944405929	21.897240853587	20.6045624316558	23.4231033383709	25.9272719351651
16	15.8172151151838	13.0805751402605	9.8000469386631	6.51467451220704	3.27169313964498	1.32984923957568	0	1.32852775657869	3.17006009406762	3.17093125122573	2.52737690105769	4.98881158193011	6.83613377575366	7.18265619391601	8.92682211091943	11.288947780905	11.3805183537482	14.8686577739889	14.0568351345529	15.9237564349622	16.0359778311146	18.5270850648449	18.1369018578146	19.765553824773	16.581679890771	18.7763158793199	13.0943009740879	18.0150322231186	15.9657230340502	13.2793771314772	13.8761641313441	11.5637958300897	9.17738448578897	6.27613208911349	8.06746676472856	9.98875823113163	6.06870282679915	3.50367250181863	9.35913259869738	10.8649613436956	6.22019300343647	8.79285334803214	13.0015864801185	16.6130345211223	17.661113583237	14.5946253805982	18.5553582827172	17.0866659708675	19.932345597044	18.5757484371424	22.7059306129478	21.4253733223018	22.043667435343	19.4018076735133	16.5648464224695	18.3564578282413	17.7023303833139	14.5107128356949	13.8129672771639	15.7458558992517	14.1047643014692	7.11217533529651	11.3160304877638	14.1116667335932	13.4248584350078	10.1842425835209	16.5127042001	14.8497580451669	15.8462486727932	18.8941280296287	17.8314713077749	21.8728650615323	24.2122190845862	25.1584718534334	27.1624009616234	24.7347196871119	27.9757329483965	30.1999072515132	25.9659131555199	29.5179339554787	24.6958211242307	27.4058693348706	31.6554750398726	31.2663900218749	25.2623829834004	24.620297479925	22.8028893125411	19.8020577213582	18.3184064263243	12.087928606672	15.8223004964512	12.7497433699663	17.091449967747	19.413723728332	21.1693001301413	23.1234884911425	24.1690562496759	22.4485301523285	26.4705561331831	27.8132390598434	22.7045059184295	25.1877630209592	28.2329259730549	28.4610144759459	23.0861519097488	27.0407396718359	30.6004819733285	30.6715828740546	27.2116492333706	27.9961844543145	24.5911998283939	24.004156931665	20.2857261639804	19.7146704258529	16.1715368781078	16.4514240720978	11.6501207289882	17.4112071379327	19.706245177608	20.2370897858363	23.1669570941028	23.645774802277	21.7316652146125	24.6177089916994	27.211470302062
17	17.5144627665253	14.5221201275847	11.6185267138308	7.3869239876961	5.97092463526379	3.13869813776349	1.32852775657869	0	1.33399325335625	3.44929616008832	3.6336199581134	3.3692202361971	5.51076718796938	7.36635140351042	7.63740099772167	9.48489694198097	11.5798607072797	14.8261482523277	16.288738379629	18.6891978158507	19.9950869215415	22.6061855473231	20.7981663855254	23.0362306378452	19.2690441122542	20.7564535265541	15.3820324404807	19.1951131541338	17.9236637437774	15.5516079232985	16.2339056914841	14.3054777620323	12.5839578034893	8.8602317689776	9.11724815939546	13.3626449851816	11.0630000451957	8.60359791017688	13.6048766624325	16.0096761990991	12.1028344200852	11.8417201453167	17.5404023328999	21.2386968997629	22.0965929274176	18.9820445158049	22.5301933191884	20.3481816878069	22.5890865906526	20.6934952340101	24.818323513082	23.8431262421688	24.731679926766	22.0105746403859	19.1044794223763	21.675733297861	21.0751653611543	17.2289951244987	17.686887826862	19.6484994083518	18.3013510430241	10.5814524522865	15.6932953199766	19.0320766602071	19.0379376509117	16.03341788266	22.2082941713226	20.4174048301933	20.9442090086974	23.1897391102186	21.6666520948669	25.3182871063585	27.2194187116478	27.3871436991885	29.0863404538969	26.1750215281669	29.3012218345925	31.8193736110565	28.8749416103306	32.3240644257494	26.677833289081	30.193042145501	34.232329485444	34.1872384523816	28.7101964465588	27.5662298111294	24.8461584354604	21.4517764765532	18.9544625880029	12.9079724976466	16.4896696146406	13.7887461721507	17.5445672787903	20.1801573086039	21.6006720265829	24.1920407572408	25.1130584955318	22.3734668525019	26.4763101658823	28.2865119270652	23.4131827182893	24.9031158291488	28.4445725754493	29.1677915859257	23.5978268490978	27.0703257091598	30.928159094909	31.7724870918221	28.0679292075493	29.1811506798481	25.6080658191906	25.3705366517936	20.8478328370121	19.7703674219778	15.9081644761424	15.9950737416243	11.6259726904892	16.8865538224944	18.9496041383455	18.2349679736489	21.7257949221657	22.9261629803157	20.4124982057562	23.1345012049104	25.8270537615114
18	14.2361403477207	11.2523018533987	8.19651816322028	4.42097568416747	6.16651100704442	2.95034252248786	3.17006009406762	1.33399325335625	0	1.32696081328726	3.19769448196666	3.16887519476549	3.05656670138245	5.08950862068235	6.85477395688581	7.45613445425979	8.60606512873334	12.9105458056583	13.9482390644841	17.0844286998424	18.8944471737069	21.3183863835892	18.8733771752699	20.6989845403102	16.6303420890852	17.7361648616605	12.7681256651084	16.0576290591108	15.228852780167	13.986733893229	14.7096152906866	14.1536692415783	12.1245597858232	8.84733615276373	6.01273490185622	11.8829437851064	12.2954503374216	8.32779646725351	12.1247354610317	14.9435694196534	12.9077728907817	10.8166952901522	15.716644711897	19.7855359543279	20.0605609094063	17.1571381354817	20.0121173542432	18.5567591459285	20.0174682215309	18.6605464282266	22.6993360695858	22.3264512406249	24.1210846356461	21.7672405233185	18.0078901873595	21.1277257886409	21.4005845480912	17.6201126273358	16.8967556057369	19.6600392929414	19.4349627475846	11.9947476838823	15.8051118945739	20.1273001170053	20.761121405165	17.0809395818848	22.5527863910427	19.846682216431	20.2887952821256	21.8224151733945	20.7836706334565	23.7759884337119	25.6426305007891	24.9593872320616	26.0976386862873	22.8349979198598	25.8664281453779	28.6004458182036	25.8844518195769	29.2375810558945	23.5281113989202	27.3170317750666	31.3395194762141	31.5849245368736	26.2421533224696	25.1539342648421	22.125130824472	18.9137966045953	15.8023092932647	9.55334941264057	12.8944373665546	10.5414079230433	14.1028704525001	16.979288118175	18.1977568947384	20.8140264245052	21.8665100324675	18.8032282600622	22.8356168079603	24.6539106431414	19.9774093165255	21.2878860622656	24.7964278475751	25.6339079541142	20.0627123540163	23.5503766636544	27.4058403629591	28.3802496641591	24.779525116515	26.1017354978553	22.480217525638	22.4574241844429	18.3530661471047	16.4842432340705	12.914735537362	12.3943798150613	7.97083947900094	13.2765361069821	15.5121221630053	15.5275489372921	18.6318831576414	19.4493978055877	17.0925912605433	19.9254436587997	22.5630251739433
19	13.1053067877101	10.3447612345573	7.67466259844692	3.64318473316959	4.10546574702554	2.85941549971319	3.17093125122573	3.44929616008832	1.32696081328726	0	1.33413979777233	3.31634889599994	3.24853043698224	2.88507296268222	5.00356912613386	7.14606227232873	6.50606632305573	10.6084356528189	11.1140273078664	14.0194454241243	15.6515967875485	18.0612167364217	15.8861450956486	17.3640472528728	13.4559334867559	14.9529112884415	9.37834788222318	13.6867431845564	11.9430413212046	9.4346366649702	10.3600511581748	8.83285310644301	6.84638744156362	3.58326736373383	4.30622584173195	7.47524407628272	7.40587530275794	3.52474921093686	7.57685620821723	10.2482144298409	8.4367535225346	7.79363259334182	12.3910535871652	15.9201100812777	16.0436216609592	12.81506757688	16.2551665632807	14.3713563730081	16.5205449365328	14.6667520944482	18.7597138037871	17.9437495802856	19.0192587132096	16.5577587251415	13.6148155330875	15.9655009316964	15.854422001448	12.2100403357237	11.759372177119	14.2088472086936	13.8788147548701	6.45530711895259	10.5815536666408	14.8618676484485	16.03634490774	12.418209452252	17.6658465124092	15.1914455862502	15.4884308114153	17.3703177576002	15.8588728792433	19.2983178023371	21.136471536186	21.2938622612245	23.1727171043881	20.6741588704353	23.8052265899739	26.2127319827598	22.7369145224237	26.247583698314	20.8998587076564	24.2657406439614	28.5190199165399	28.6895805127924	22.8285609489516	22.2614444050695	19.4946446492364	16.3168856096989	13.7102054324507	8.02192464437307	11.8355014257952	8.96267158831562	12.923049910915	15.5892659544957	17.6834022178991	19.8541967855665	20.2701978776725	18.5634239568028	22.5413521111756	23.6927939677869	18.4333081946785	20.7658383168125	24.0200725227881	24.2797358305234	18.7530057590777	22.4023231161413	26.0775200891496	26.5095257030374	22.8437756292606	23.9052239897475	20.3305876452207	20.2241684377875	16.0521793224472	14.8923016689832	11.2815521095282	12.0850736447901	7.9828597632678	13.7453075993228	16.3658940788458	17.2312090405752	20.0420433090042	19.8811707150258	17.8929844911351	20.8949091646745	23.4507255538075
20	17.0281433221593	14.1337052466789	11.7635333552466	7.22211111794882	8.21311591297724	4.97606631788605	2.52737690105769	3.6336199581134	3.19769448196666	1.33413979777233	0	1.33084709865559	3.2069970377286	3.35260704527089	3.04789862036125	5.53341883468078	7.20838463180205	9.8629259857306	11.1628215519196	13.6439366020222	15.1892252600322	17.83082976196	15.812649556605	18.9063245767124	15.5260085340695	17.4657524601719	12.4922373496504	16.6899680646789	15.4185186707414	14.0564693646733	15.3219524865469	14.150533452842	10.9608515180163	7.75146547434742	6.38745254385502	10.8203536448676	8.84414913940284	4.11812833699971	9.23147057624082	11.5145393307765	7.8401265933657	6.72563848270185	12.6373763495434	16.3358068671247	17.671017938987	14.6870979434332	18.7830396634837	17.7896679564291	19.9329548988603	19.10828875122	23.0672222861791	22.9378707163503	24.1860771106023	21.9351244810692	18.9664925592477	20.4972328376296	20.363775951429	17.3060011845602	16.0606052501143	18.2640806229057	17.1663702045598	10.4507333713955	13.4522413745814	16.9078057121556	16.2510567656383	12.4176342754971	18.3042629461008	15.7111049897835	17.4156507199702	20.0386279969463	19.3716516848719	22.9600895033099	25.2850815501948	25.1905398513013	26.5524155963257	23.3454551893939	26.7659081295591	29.1730321701396	25.5817405389078	29.0166424832371	23.4611026381967	26.5793270607064	30.3169757891515	29.8290128230889	24.7037058151201	23.0697700248615	20.4802527816431	16.6523174062951	15.1985271983834	10.1212640514908	14.0673540866788	12.3108774666959	15.6823762867749	18.765035305056	20.6678224542403	23.3185417425704	23.4746571859953	20.9431485216526	24.8027356152502	26.0959807058482	21.2802949697602	22.3605292647558	26.0333034016046	26.3632369977588	20.7614280096529	23.8331241972176	27.7002925977326	28.4713111921457	24.4607307127158	24.9639211863842	21.6370241484359	20.6581458267677	15.9340351135549	16.0088052333708	11.6888611079095	13.7377043569877	9.85787456808008	15.6063588962961	18.1971261742067	18.0975891212062	21.448042195035	21.7485526185077	18.9977563412104	21.8688090896601	24.5233425739641
21	17.9233045223251	15.0393942697171	13.2250044990541	8.39792605349678	10.2664086222983	6.79671251414977	4.98881158193011	3.3692202361971	3.16887519476549	3.31634889599994	1.33084709865559	0	1.3279627253805	3.45349489647806	3.1500268252826	3.01337717519729	6.23484354254379	8.62928143010761	11.5557226515697	14.621083441387	16.8286898777059	19.3301586387696	16.4637172291072	19.632451833635	16.2379231122702	17.7391011328083	14.1099514527868	17.291925456698	16.8040856341546	16.2580214663409	17.39809762589	16.677223150153	13.8573217109224	10.3915358826306	7.57051107918085	13.1189847930394	12.6635402238079	8.44595832336391	11.908952136943	14.7488097485865	12.587394805916	8.24052025056671	14.5525728309464	18.8186763083911	19.7004657051553	17.2361014443522	20.5670238488703	19.8279187763113	21.4032641202224	20.9512933013693	24.7131183787073	25.1453889610004	26.6095559714926	24.4316934533814	21.1986604529626	23.3202525500904	23.5728883677839	20.3071313089762	18.8453657963967	21.5188970906968	21.2099471946537	13.9738069615978	17.1155167319015	21.2651267807178	21.1665658291561	17.1599918414899	22.604433746502	19.2735742663368	20.7366295477351	22.7530602996608	22.2145366370762	25.1830538457908	27.389373523321	26.5120200286587	27.280712857255	23.4643461873541	26.6764351441492	29.4450057904562	26.1890816372014	29.3093911741612	23.4986301941198	26.8355270490445	30.3969763298918	30.1218165620867	25.4199845397278	23.5327402144332	20.5213722007082	16.6361030292554	14.6610415046135	9.83452922106595	13.4425944668431	12.4025553818558	15.377069486739	18.6063390810766	20.0422631706102	22.8787241121528	23.1534970144901	19.6817138989469	23.3307771409355	25.0956481287095	20.8000508653224	20.3240929440898	24.4325870304395	25.3065417234359	19.6391946372554	22.2019971624176	26.3322953234237	27.688243317336	23.7699083717207	24.4143299314153	21.0673680605813	19.9067488807188	15.1110005294156	14.5965803529457	10.3072439090186	11.6979298168522	8.96625423462886	13.6778022357395	16.24476127864	15.0249854242858	18.6845558951772	19.3781158526829	16.0698298995353	18.8092168895996	21.5157681712738
22	12.3953444889604	9.54933505538475	8.55773153353153	3.78972360469732	8.08371263714885	7.26968967700823	6.83613377575366	5.51076718796938	3.05656670138245	3.24853043698224	3.2069970377286	1.3279627253805	0	1.33488651203014	2.94634468452013	2.90463508895696	3.59972971207562	6.85324623809768	8.86640693855183	12.0694553729653	14.6187027126213	16.9030701649138	13.6356996520164	16.3975202088609	12.6037081844987	13.429568943194	9.98082406417426	12.494803599897	12.3314632140716	12.686555521496	13.1685812447659	13.4353562662104	12.2062405760332	9.33705595999082	3.9909158096858	10.4824428450624	12.0461793528073	8.31197840468802	8.86058993521312	13.0310148108273	12.9970140416943	6.6050447386827	11.7609694328316	16.2235084984722	16.7951305442977	14.3629652579124	16.4862203369966	15.9137910316807	16.880871956152	16.4245814254123	20.2117238008043	20.5612407213183	23.1244841239756	21.2159482936776	17.184800958987	20.0517408969895	21.4251269307792	17.9391748695418	16.1862988357438	19.5322807168031	20.5250412179854	13.4857756914462	15.8507689718827	20.8847662424074	21.4622278433531	17.2898377667345	21.7096506881156	17.5754124560421	18.3805580709618	19.3058571682275	19.2103323760939	21.1547733384218	23.184822578575	21.8596791605	22.4582365514303	18.6486560641779	21.7592368202564	24.56875709107	21.7560806672525	24.8533911971787	19.0387149251203	22.8838838705321	26.7023708872452	26.8293635593541	22.125556738758	20.2932805627873	17.1994343220933	13.4965787516689	10.8356886721611	5.14949337313876	8.52875143265414	7.00914431296717	10.4352332987816	13.3438597864336	14.7193736619464	17.5791909085714	18.2016967890359	14.8713378685309	18.8145834128742	20.3143080118423	15.9161227376519	16.4577462308786	20.0419861790193	20.7954314934795	15.150621934429	18.4276182671554	22.3247012969939	23.4422716689317	19.775750832775	21.0691669982465	17.4687578837192	16.823165159981	12.3250602432605	11.2739675802266	7.23448498512506	7.65113070075267	4.18017738858053	9.33131019739458	11.6888509700483	12.4176571864422	15.2129683165384	15.5306037873613	13.4740641975612	16.4784911323822	19.0181042693534
23	16.468407725096	14.1260567746275	12.8913624183016	8.6548877520162	11.062840729216	8.78781724889634	7.18265619391601	7.36635140351042	5.08950862068235	2.88507296268222	3.35260704527089	3.45349489647806	1.33488651203014	0	1.32165994113463	3.1107184057706	3.09034642071079	5.0306708300186	5.68198222454101	8.26024218773276	9.97692763329473	12.1946642020188	10.0550732966001	12.084424520845	8.68781410942937	11.4505319090425	8.25885500538664	12.0648112293562	11.5152999960922	11.6408956270555	13.2452075483927	13.1458232530336	9.54612266839265	6.76617210836378	4.28620974755086	7.3941557327392	7.58760607833591	4.10913202513621	4.33688655604456	7.46176266039064	7.7705490796983	3.0393237734733	6.53053030005987	10.6922441984833	11.5498204747953	9.27084925991141	13.1223984469304	13.2042534813597	15.053995981134	16.0879448967231	19.5164498820867	20.3626329584364	21.8856556218908	20.4115264005414	17.2289940797482	18.1910187180378	19.2216632214801	16.7049997605507	13.4822571181535	16.6201292714588	17.4621348351225	11.2315187753037	12.2356198862175	16.9293674424061	16.4932720828828	12.3925123360842	16.2335850630722	11.724564554814	13.6299473219818	15.7821860969892	16.0567613484164	18.5589648957047	21.0953363803472	20.9508049964673	21.9074904541803	18.0999996132597	22.0072072285422	24.2012216633789	19.6702452704586	22.8092508645067	17.4283218067604	19.9480833665794	23.7479341417312	23.2502728371088	17.8733686248564	16.5262278212543	14.1652756768091	10.9117240617604	9.78031829747887	5.68060780198739	9.20896677157649	9.83676084897869	12.7210648139218	16.3059010790572	18.8571464702378	21.4645565758997	20.2790575964466	18.2443489881114	21.3907874095368	21.766625209251	16.9321096145755	18.6621596820947	21.4818342093965	21.057374670172	15.6980930689049	19.4345643635251	22.798953550547	22.7877137071712	18.7493659092781	19.1302819111481	15.8462301194953	15.0424956705993	11.1146737693915	11.6949384778202	7.5067062017905	10.3850994699136	7.7303673910106	12.9356362425665	15.9966083280175	16.5542850645988	19.3767338320987	18.805744468114	16.4594360170694	19.4503642382347	22.003674443147
24	19.667408217658	16.9752144316353	15.6590688101177	11.1673770420811	13.8658993938367	10.8040524341564	8.92682211091943	7.63740099772167	6.85477395688581	5.00356912613386	3.04789862036125	3.1500268252826	2.94634468452013	1.32165994113463	0	1.3338733073272	3.44437468925783	4.10730386019832	7.97591756476958	10.9563292210484	13.3088003215917	15.7669173905364	12.8618123139782	16.9770590503774	13.6384406733321	16.0644351908183	13.5456916028677	16.8609899175582	16.5595116775828	16.7313333001288	18.1810705405375	17.9537361014358	14.5382746225266	11.3108983728084	8.12032419303564	12.8306020903152	12.31240199961	8.56563599506774	9.75998975409298	13.007430684036	12.2175109576378	4.82766889916862	11.5077230154362	15.636197587649	17.033403007033	14.9761642953061	18.687031599481	18.7543169163795	20.3944887163175	21.1182972324949	24.6333278506985	25.5752027948949	27.2002521495666	25.5098836728042	22.4594434481356	23.618008616308	24.4102931977475	21.6712903169147	18.9221015746137	21.9341700549622	22.2459069493694	15.6451020130902	17.3471436553687	21.6718852202571	21.0649001184435	16.8268176729886	21.4662703094879	17.0504510497523	19.2890212556262	21.3557645847673	21.63296785002	24.1073769829901	26.599027538615	26.0687455202585	26.7164200633243	22.5396541455276	26.4149389739973	28.7193116386866	24.5336452652271	27.5603757231283	21.8561973819784	24.6830107766455	28.1604713916511	27.3063507631467	22.8025974178382	20.6031099836894	17.9482009683422	13.4665012902387	13.0401434424626	9.20330538448008	13.1130457179101	13.452982457433	16.0225893350607	19.5766461121409	21.436388315199	24.2224912426447	23.6204451482185	20.5807215374	23.8505569117369	24.9901501796208	20.467076317833	19.9757565313557	24.0739260196587	24.4401478105187	18.86562866697	21.0283607777687	25.0666447296003	26.2711149934676	22.0916905871868	21.8886815729043	19.0204220773357	16.9530323541247	11.5706831259006	13.0906469282461	7.93140176765747	12.1305302851936	10.0981094270165	14.7903836664233	17.846013952701	17.2358394631651	20.6288566333668	20.31946798024	17.0427706667666	19.7310655312885	22.3234101561567
25	19.100780847913	16.4635097716131	15.770818463225	10.8749868505668	14.8662852118476	12.2704680432329	11.288947780905	9.48489694198097	7.45613445425979	7.14606227232873	5.53341883468078	3.01337717519729	2.90463508895696	3.1107184057706	1.3338733073272	0	1.32633102956992	2.74543930910883	6.5332265382428	10.034829844098	13.1286206815491	15.1951483704504	11.1198144768697	14.9175209066386	11.8976450611035	14.5096648479557	14.0773341936604	15.8539822757565	16.6467748227697	18.0072673662608	19.1440562316349	19.6623067314087	16.4242996502134	13.3337427603805	9.34248462669326	14.3851981564384	14.3914579178067	10.7477655817384	9.94773999459173	14.4090240474503	13.9658727618434	5.92169072140719	11.1527436086373	15.5101174721535	16.5424028786631	15.2936290657254	18.2890685930148	19.0524847723335	19.9917300151838	21.4882717080737	24.5299441091903	26.2445796880042	28.3813309413072	27.0273011786231	23.6854524339308	25.0319405160687	26.2048003617658	23.59094389803	20.4533868833502	23.6769227307942	24.3825256690114	17.8737395359785	19.2949417983056	23.8223445319725	23.2383472088701	19.0203735767729	23.1866455314261	18.0333581453927	20.2029474582299	21.6554308661823	22.5919472600305	24.2025850272238	26.6173393298429	25.4375080933648	25.3786332768335	20.5174958267329	24.0921462099166	26.6614961883237	22.6740279615246	25.0839685058007	19.4567841638848	22.1159081884511	24.9785396891011	24.324734284263	20.3444626618645	17.7654757605869	14.8799598789782	10.5775665916126	10.0982171198682	8.5100924201797	11.6679699605373	13.0260823734537	14.9651739047697	18.4067879870443	19.7442769682761	22.3668504935317	21.4535268196164	18.2201205813793	21.1063609606204	22.1232939681233	18.0387298056155	16.2692371363872	20.4722366633448	20.944811696456	15.6010747386198	17.0098298933293	21.1003066802357	22.621193801389	18.4711031343556	18.1584411500547	15.4326452042416	13.023222489077	7.88043843957936	9.12862996292434	3.88265244388421	9.25282194792486	9.22113989699755	12.2491236421223	15.1065596679059	13.214036816961	17.1165123491908	16.9936201263886	13.493930376284	15.6371643529126	18.7094339839558
26	15.8057560717607	13.6226065787719	13.3063375502052	9.20981188732973	13.0444313022837	11.9217261334087	11.3805183537482	11.5798607072797	8.60606512873334	6.50606632305573	7.20838463180205	6.23484354254379	3.59972971207562	3.09034642071079	3.44437468925783	1.32633102956992	0	1.32317119073837	3.34078194439565	6.52432073092671	9.30877741704033	11.5274393080163	8.29387563205526	10.7209485587797	7.44188322939833	9.97662437901718	8.83148651134111	11.138231547243	11.4438911214674	12.7849316384563	13.880849001412	14.9234851827581	12.1209767758213	9.66904074869891	5.41124107760872	9.56501129115904	10.987660169481	7.82185297739608	5.39022355751596	10.3083374508211	10.4698290816995	3.16772284141147	6.96403008322049	11.5343100790641	11.8406813148568	10.6093940920299	13.4271410955572	14.1072283599579	15.1349774033528	16.2620900563243	19.4250105276677	21.0476353778756	23.1204898304513	21.927412204818	18.5118643307475	19.8124227190922	21.4105826403674	19.1032973855301	15.4170561067929	18.8450751922087	20.3516343078388	14.4391431186203	14.8418351291207	20.0424172693815	20.156029395692	16.2513916634853	18.8641491194276	13.9359571253646	15.6043545524959	16.8680210161121	17.6909422304184	19.357063465309	21.6400622226462	20.5598761183038	20.9261835507576	16.6230416590948	20.5008990534562	22.7992677513994	18.3156878112726	21.0814798342052	15.4365083487167	18.0928707230224	21.4702429655558	21.0649767623893	16.5274535546163	14.5051797989546	11.4828934506944	7.83583939345365	6.5049855495612	3.51746570701123	7.19271541213748	8.46175584615865	10.8298120943994	14.5416083704658	16.7860664540565	19.4408319009244	18.0633851201817	15.5830233266847	18.5394039278505	19.2231667786554	14.5966502321594	15.2342934854229	18.5386377870652	18.3066864560466	12.9951389757863	15.7211432472324	19.2657867215435	19.7890280963973	15.5765070217941	15.7432505220491	12.5314933667141	11.6088589017181	7.35254119335621	7.62951092796911	3.72699195062184	6.92738832461412	6.23101508584276	10.5135583890517	14.0292107048116	15.4716678480376	17.9124587647816	15.8494241535773	14.1380703067993	17.1422259056401	19.4511765453918
27	21.7429096718907	19.6510963052955	19.3439804331994	15.0735175390484	18.7366969340917	16.6842975878519	14.8686577739889	14.8261482523277	12.9105458056583	10.6084356528189	9.8629259857306	8.62928143010761	6.85324623809768	5.0306708300186	4.10730386019832	2.74543930910883	1.32317119073837	0	1.32724715106118	4.12654686148116	7.61677234791746	8.99601661848176	4.80804856464658	10.1131154942481	7.79307987896955	12.3458667577453	13.74252080224	14.9997332642951	16.3910415776423	18.0174114677997	19.3042095150255	20.3056899168681	16.7677541131781	14.4223440882542	11.198819402062	13.7942940740003	13.9265537373752	10.4111905659247	8.48444376491471	11.9638823548211	11.1059671348334	5.21874276047402	6.87504959982108	10.4514361214141	12.2583064898868	12.1321303570313	15.1374443681884	17.0780832940936	18.5426891792965	21.3523088447128	24.0408963643205	25.9929064746519	27.899491142313	26.9890004631516	23.6680516097122	24.2084409452571	25.8501673882395	23.7196619495304	19.7286243565029	22.9112555308521	24.2843476749943	19.021858636842	17.7404941588446	22.7879198480247	21.1433953044444	17.3424882586093	19.5054662594874	14.0481973576684	17.2545074980424	19.0263842334796	20.8732698923767	21.9325695257077	25.007879838163	24.5691484182908	24.4968014646811	19.5857527299821	23.8359025421736	25.7293387983446	20.0151781655822	22.1619311658529	17.1683654725778	18.2637296848152	20.6120494371618	19.0816104928279	15.4027193053694	12.4298195481672	10.4474411699708	5.4244540739138	8.87576329112037	8.50613760763368	11.4299285649561	13.788764991833	16.0537124055466	19.7418090863021	21.8603098559924	24.3261593557224	22.056524522236	19.9125391650588	22.0870562547389	22.3533979967252	18.0456465110009	17.1171654779639	20.6994321419695	20.2611800248653	15.2922900181758	16.9831217978321	20.256768029476	20.6304013048704	16.2271987108065	14.4667207756285	12.4226345836944	9.09861137756746	4.49658692788208	9.09155531248642	2.97018534775189	10.0140791388924	11.7535871120267	14.9590342602723	18.1767255026861	17.1674447137598	20.3369864778438	19.1954888971341	15.8846222806839	17.7565235617786	20.5645941851523
