139	140	141	142	143	144	145	146	147	148	149	150	151	152	153	154	155	156	157	158	159	160	161	162	163	164	165	166	167	168	169	170	171	172	173	174	175	176	177	178	179	180	181	182	183	184	185	186	187	188	189	190	191	192	193	194	195	196	197	198	199	200	201	202	203	204	205	206	207	208	209	210	211	212	213	214	215	216	217	218	219	220	221	222	223	224	225	226	227	228	229	230	231	232	233	234	235	236	237	238	239	240	241	242	243	244	245	246	247	248	249	250	251	252	253	254	255	256	257	258	259	260	261	262	263	264	265	266	267	268	269	270	271	272	273	274	275	276	277	278	279	280	281	282	283	284	285	286	287	288	289	290	291	292	293	294	295	296	297	298	299	300	301	302	303	304	305	306	307	308	309	310	311	312	313	314	315	316
139	0	1.35134932567416	2.72595010959482	3.04913151569427	2.92260072538142	5.73728515937634	7.02229463921872	4.01432385340296	5.64262297163296	8.42480795033335	9.53534655898777	6.46112521160208	10.5635575920236	13.0325331766315	13.3248054394802	17.1502957408903	16.3016699144597	13.2115169076075	17.287061201951	13.6762302920066	16.9294977184794	17.8117376187726	20.3751059138351	19.6780421028109	21.0058371173348	16.6693508871821	18.25079299647	10.4057681119656	15.7537658355074	13.6721735287408	13.1273054737063	13.1604910622666	13.7039950379442	11.0758122501241	7.80034806915691	6.6171791573147	10.3561379867207	9.07181200202032	5.1322401541627	10.4628628969322	13.0023473649953	10.2147515388285	10.8301764066889	15.3650790430769	17.1043368184797	20.0457856169321	22.1924299030097	20.8354935626685	19.2975445329192	16.0639471176918	18.8174344159877	17.4185948342569	18.1695499669089	16.8809208872028	21.0076525104544	20.4186423887584	22.7907326779988	19.6335359525481	17.2192628762093	19.8868711717052	20.6252228351599	16.8508694137721	15.9165848723902	20.2443674635687	19.4406749111238	14.1038441213734	18.8399946921436	21.1721389802731	18.7704082534185	12.4285546223203	20.5639158235974	17.503285491587	15.6991666339332	20.7920991965698	21.5400671076021	22.1718256803539	21.4889652147329	23.3818600414937	25.18910157191	22.5231498241254	24.6786367127522	28.0949312866218	28.0022760860613	30.8411483249246	30.9752305560427	24.5892796559802	30.5161008485684	31.1525850773254	27.4333230396903	24.4182776010103	26.6303329682526	26.6499415383974	23.3353585359214	22.4162311060535	18.0667152520872	18.0006355443357	10.9064026149781	14.769018315379	10.6615999737375	15.9860114162351	16.2675847316066	19.4603865840327	22.7523192224441	24.1132257070679	17.085658313334	23.0484687994669	25.5948695054302	22.9148270776805	20.7062902037038	25.2578628549606	27.3771851000062	24.3249874409012	25.9109407200897	28.6329696853121	29.3805603418315	26.362009274712	23.7610844028634	25.7975802935081	29.4312411393064	26.2500652380142	24.312117328608	20.9819883233215	18.7659553713633	14.1576309458892	15.4305880639722	12.3387565824114	15.2780659116264	14.5748030518426	18.009796473031	18.5795030611693	18.8804322249254	20.4100264086061	23.877817613844	24.4792035818161	26.3735901424133	24.8889978102775	24.409272623329	20.8400879556685	21.5225094029483	25.5211247009218	22.3667250396655	18.330013011452	24.6366825080001	26.5846571916961	23.0414469597723	23.4220369097139	27.6007563302168	26.8928475435384	22.5244739117254	29.9708407789972	32.2665351874043	29.6978262840902	29.4366015191972	23.8892206863263	25.2838378613691	24.1346260381221	22.886596535964	18.2850120590608	18.3215955091253	13.6645519136194	13.4722262822445	9.95074253510762	10.1990245121776	10.1659189451815	6.29461809802629	7.48293531977926	12.9516526358608	15.9759310213834	11.9674996970963	14.455515348821	12.0632848760195	16.6826912996675	16.6294967151745	20.863216482604	24.2186361507001	26.2756021244043	29.5973555068692	30.4210385917378
140	1.35134932567416	0	1.33333904165444	3.21622604926955	3.45020042896061	5.01433345520619	6.52705063562403	3.72039688743016	3.68604082994207	6.26938697162649	7.40729950791785	3.47571575362543	7.28635663414851	9.93630851976729	11.3379426705201	14.7480209519786	14.9929227971066	12.3034737371199	16.8728844303516	14.1732565770891	17.7089418373882	19.194860640286	22.06195587431	20.5652473119095	21.9655276285365	17.6281047761806	18.8350242367776	11.2820124534588	15.8101594236111	14.2573150347462	14.7383506539911	14.2947021654877	15.6325236926096	13.3478167128561	10.0627320842801	8.27603002652842	12.3206935275576	11.9430938621448	8.25900012108003	12.4182028490438	15.2019141886803	13.2879684301251	12.1687410606028	17.2968993753216	19.3615386268757	22.5756698460976	24.5231946328369	22.8262662299378	20.8346422335494	17.7229313884583	20.2007505058599	19.2886682018225	19.028007909395	17.6450861431731	21.6628445500585	21.2501503053508	24.2817306014213	21.9340069526751	18.4385123315304	21.5768177449781	22.8554365086296	19.0968733828342	18.1035582414066	22.4857303639441	22.2186547072499	16.7003135599305	21.5326892421732	24.0138701795442	22.0330705531481	15.6848978319911	23.4617727804188	19.9853913897126	18.2252457047909	22.8902394264455	23.6125541608696	23.4610344827333	23.1968348918554	24.0377953648	25.3645071901663	22.5268444527857	23.660851442837	28.0123005303028	28.1842621865466	31.128844324838	31.7831914854377	24.9590122601036	31.4040749266715	32.5644716216922	29.0866892237669	25.5262269832422	27.7771609960413	27.6142805265681	24.0322517047404	22.8106673729639	18.3270057838153	17.7763273203438	10.6807724907892	13.7996270601781	10.0973712915788	15.1841945456452	14.8428356455227	17.9350601058374	20.9421143392925	22.5991295628836	15.8373893366299	21.1101924671472	24.1291662930985	22.338579744469	19.7549150086757	24.3150085543888	26.646684015089	24.2357607472924	25.5804164547804	28.2690689623836	29.5909101414607	26.8800911084765	23.8801007744942	25.8769737025024	29.4684773614111	26.0270552310476	24.1106799157552	20.8030385040263	17.9816934130243	13.3537801015293	13.7173859390191	10.4863676742712	12.9438486934914	11.3480382886206	14.9443844302802	15.5377222912498	16.5630476060416	17.9354110351561	20.9926841780655	21.4809697406798	23.2119835860704	21.4266383037564	20.8514635217771	17.2304577710518	17.7944167086196	22.0523900065276	19.3560068712532	14.951929440711	21.5564384349549	23.6412581940979	20.5090848406261	20.8694910335638	25.0779999800622	24.6379344507611	20.5650683441607	28.0462000278113	30.4701502129543	28.3770762588396	28.3118296476932	22.5881487953307	23.7684855638722	22.057015233254	20.9804385559502	15.9620945367455	15.6049475808155	10.8002327289739	10.1215636143829	6.52333005450437	6.7178917079691	7.28807155563116	3.48759602018353	4.59980760467218	9.31857397888754	12.2122353809612	9.22447147537462	11.8052097397717	9.89310108105643	14.5335627428377	15.2763621978533	19.5781789500454	23.1377722782467	25.5140037234457	28.8363146743824	29.5737570491137
141	2.72595010959482	1.33333904165444	0	1.32965747469038	3.70215896471235	4.32590036870939	8.37189954550339	5.98546389179652	5.77876543908817	8.4508643936582	10.1855651782314	6.87748522353919	10.2757151089352	12.9595742599825	14.0076231388484	17.5523538022682	17.3828207147172	14.7404891370673	19.0978213678943	15.9851406312237	19.8746427892428	21.5745759170372	24.2395687667912	22.5639325473198	23.4762943200157	18.8523884163254	19.5609525586051	11.3740020221556	15.4969974511194	13.2529593299006	13.5018989405194	12.3488631460552	13.6695710978801	12.8290056902318	8.71488875431006	8.24933245784167	12.4763927479059	12.9783626856395	10.0983997742217	14.1365742667734	16.936829042061	15.5593641900947	14.3978358790479	19.4471914938893	21.5574502434773	24.8056575804795	26.679019884546	24.6434467759687	22.1459800866884	18.3497885001435	20.3037959505113	18.8271751996947	18.123479963848	15.9417414983433	19.6240663726966	18.8320102750609	21.9272832334514	19.102773515906	15.9233811108068	19.4699196454428	21.0072632439354	16.6731836791898	16.9890081523319	21.3769446600771	21.8640752377044	16.7598724935484	21.5500133874668	24.1697358280971	22.6157450242082	17.5435061775006	24.7695409929211	21.6308393965653	18.8729535049499	22.8653838585754	22.8572264502936	22.4251733549598	21.7300546248738	22.7669703078824	24.069893601759	21.8218390150784	22.2790463889279	27.2084825376205	27.999937571359	30.7478973915291	30.9958889370833	24.5704229918819	31.1052265222422	32.4419654614205	29.0847358076363	25.5007805958955	28.5624379561689	28.7916011017102	25.1327794921294	24.5708639042261	20.0319507287733	19.1778319421148	11.8843109181812	14.2958165908772	9.51852278455014	14.5151827752874	13.3116160175991	16.7997932725376	19.8532561057374	21.8491337356885	15.7267458172376	21.4984080805998	24.2089145770726	21.7560947092993	20.2233380034059	24.8293920586067	26.9630868039993	24.3041887130593	26.2867745263659	29.0583902341475	29.9843637417905	27.1925835661123	25.4065201473952	27.9115263108272	31.3254895093437	27.9582267856887	26.0011337637419	22.5583058317773	19.8453123180261	15.3634679678776	14.9990128341835	10.8270803081902	13.4975698923917	10.2497271183188	14.708799985043	14.0869551358695	15.2908170154508	17.6089390367506	20.1927943088618	20.2071671938449	22.1402327223541	21.0764737562999	21.0544655595909	17.658126174654	18.797897781401	22.7808786046544	19.4476534574226	15.7995436959426	22.6446948533205	24.4679269657239	20.9223798359556	22.4255223127578	26.2519132255156	24.6282383657459	21.8190365277663	29.3798323174248	31.6503308829465	29.2455968309761	29.9939494065053	23.7768325266424	25.9388060827788	24.1319374688399	23.1097733653967	18.4704269035667	17.7401927272507	13.0596167248507	12.0438749993513	8.04813456646942	8.14367539873736	5.21620887235164	3.79168313549537	3.26149796872541	9.2416251817524	12.5586235710766	9.01214008990096	13.0447497867916	11.9773839380726	16.4796971149351	17.3676759815469	21.7041814404506	25.2348621751735	27.4839845182608	30.658404312684	31.6195156983784
142	3.04913151569427	3.21622604926955	1.32965747469038	0	1.33588509984953	3.39385341463063	6.56589323702419	6.37130206472743	6.9677991503774	9.28699623129029	11.1368990298018	9.16223848194315	12.2331721969406	14.7833503645148	14.4156178500958	18.28405879448	16.8962338407114	14.2425049060901	17.8850497063889	13.3160604534524	18.1418656703218	20.2906983862064	22.1867283753148	20.0720035123552	20.0678665532737	15.404772442331	15.9566451987879	7.54030669137536	12.0936320846965	9.59195548363315	9.53552043676694	8.84381320472114	7.949141148577	8.38543642275105	4.26520913906927	4.56141787167105	8.67365730243016	9.16996341323126	7.55453267912715	10.9537947305945	13.8078289748968	13.445888962802	12.9730129885081	17.2591434607862	19.2758002427915	22.4621429520872	23.9583551605698	21.3508584839111	18.6065039435139	14.5305958928049	16.2985273874666	14.7181910233561	14.3548318346123	12.495856713327	16.6575709213559	15.1975884271157	16.790043984457	12.1192990308846	11.7992106091891	14.5186236951028	14.4351466913225	9.82003182275903	12.5266085194677	15.4401986386186	14.8939049278556	11.5182750878767	15.7613152369972	18.0674746713535	15.4397586121027	13.3877876439687	20.1926215732381	18.3043778916411	14.7353051206957	18.749862026159	18.3211039514545	18.5508972559281	17.4776892351363	19.2422170760024	20.9454625873959	18.5368490580249	20.1266048055801	24.0254783303059	24.5405987905756	27.2486571228749	27.3459796130985	21.0085794617342	27.2874980531378	28.4313134765174	25.0165050716522	21.5774910033581	24.7431548716003	25.1786997480013	21.5741142576005	21.5250052264802	17.1551691626751	16.1437490689121	8.98370552723095	11.7459178015173	6.65169219071358	11.8834001026642	11.7685774841312	15.1338540696017	18.5104776005375	20.1757480406551	13.4500577322181	19.5625536932171	22.1047131625814	19.0754806230407	17.6182026608846	22.2075046999882	24.1508788452926	21.0429399561943	23.1745586797246	26.0006223387057	26.5376649688702	23.5641084278612	22.2621542758108	25.6333456263516	28.6084438234588	25.7755795279175	23.405554340797	19.7374221467749	17.4598486820476	13.3188321184704	13.2257892392099	9.30274631493303	12.5828300870671	11.8586957967561	15.0958522117832	15.042573549762	14.8794154455073	16.9314409605326	20.3160693786963	21.0359669376047	23.1397581231957	22.301094793754	22.2410532349527	18.9620681625186	20.4783570630068	23.5963585961902	19.5073104245562	16.4867465559461	22.6828451919066	24.1188905632079	20.1270795944171	21.7245642073667	25.419276405909	23.4818922576525	20.3157961694835	27.822968389444	29.9171368950974	27.0799543020294	27.748299695657	21.5707819978785	24.3523872341091	23.0109820955126	22.8349996496606	18.9292238087038	18.158075613897	14.3185823669803	13.3317857768567	8.85586974836464	10.8232358377705	9.71066182090593	6.50175214845968	5.16540859952047	11.1228937331973	14.2584868061095	8.92389298456677	12.6145483074108	11.0880470327285	15.4355331621554	16.4557037528026	20.0796310972089	23.3641587907633	24.9455318243568	28.1737727328095	29.4901880292412
143	2.92260072538142	3.45020042896061	3.70215896471235	1.33588509984953	0	1.33254118135238	3.16016123006406	3.25613636078098	3.05469671162294	5.20054852876118	7.01558108783585	7.73376977935082	8.95774977324105	11.0764467678042	10.3062754669182	14.1501621192126	12.9518812919205	9.85965927403173	13.3602964787463	9.01194474017678	13.3941197172491	15.6259522589825	17.6302834066841	15.5964832253941	16.3172620865144	11.8540074236521	13.4125176607526	6.06802480219058	11.5852173479827	10.1294851794156	10.0705796258209	10.3820559620915	11.5675679812137	8.85910802507792	6.06940944408927	2.93112179890226	6.67908414380295	8.38980607642393	5.59657011034437	6.91703122734024	10.1872985133449	10.9492763687835	8.39401280675697	12.8821232721939	15.1269952733515	18.5453153383813	19.8963912808328	17.5431464110632	15.0523520089055	11.7126978531848	14.3084434163888	13.5024734400776	14.2859996150077	13.7025259350238	17.7612109102955	17.6746758386116	20.4879238821312	18.3295714352518	14.8417634060108	17.4944187099772	18.7563178156055	15.4831214876071	12.9175169827641	17.8039979218152	18.3460545349675	12.3248124123655	17.0236860285897	19.6846101561601	18.8024180093944	12.7784355850002	19.0358995059335	15.287644324748	13.2571701731554	17.1549853103988	17.9082360940434	18.3725515375519	18.3253840614597	19.6930230284738	21.3219419612755	18.4516901393883	20.9215062794245	24.0265385563547	23.4835703631283	26.3954624320166	26.7324862106015	20.1960434986658	26.0295368379847	26.7020222080651	23.042312687749	19.8611507722992	21.8546403539386	21.877403936482	18.4811316211968	17.6662706307811	13.3345918197746	13.2349641480436	6.38962917546864	10.4118692365972	6.80585049791721	11.9864657843753	12.7142465761837	15.5773096842812	18.8287404517668	19.8776291091267	12.7914979967164	18.6404210789349	21.2141949175546	18.8163178916599	16.3741611388187	20.8885117468909	22.9358019480462	19.6852716770686	21.2014014159442	23.9054752305826	24.5468785999361	21.5176932313852	18.9423053243263	21.3333075260261	24.7862737013856	21.7961126350549	19.7164380657359	16.2930538880837	14.3622803899659	9.98528362141006	11.0292883269955	8.02217732289682	11.0015992019342	11.8768935332434	14.4159926470569	15.6640578714457	15.3219432840616	16.3518922146643	20.2201805382642	21.4018597556381	23.2968050169975	21.7523620096761	21.1684520218177	17.6592409802913	18.3396094015113	21.9806756493061	18.485977334185	14.7772398302254	20.7083992621352	22.488726286742	18.7831889465021	19.2876589040765	23.3450801883395	22.5904876884055	18.1591851689441	25.631421927002	27.8910051808822	25.3335034095168	25.0648705961152	19.5460507008449	21.359556034712	20.0839620095239	19.1031982924326	14.8865083212955	14.5661199363454	10.4122328537159	10.3606963569057	6.23318369695616	8.2979106406372	10.082071414149	6.37635193508012	5.90654399797377	11.0002009981636	13.0775038520354	8.23354376924055	10.3641362881815	7.97807884142542	12.5862732371421	12.8525935514977	16.9217216913646	20.0745676416704	21.8269163190772	25.0792135044144	26.1819101289421
144	5.73728515937634	5.01433345520619	4.32590036870939	3.39385341463063	1.33254118135238	0	1.32850103500148	3.43531497828074	3.39269052523215	3.02252377988991	5.13812271165257	7.06828168652042	7.63895123691727	9.11795185334952	7.53199767657956	11.2076727735958	10.01804836283	8.10776498179369	12.1159154008271	9.27367661717832	14.2087897091906	17.0415781546194	19.3015362341965	16.4394126719904	17.1279802078354	12.5909134696415	13.1255023141973	6.490655822026	9.45544980421344	8.42566377207161	10.4437967234143	9.6693169355441	11.8464361729594	10.8247746396865	7.79280507904567	4.51634243608697	8.88569867821321	11.1182707288499	8.89578265247077	9.07691781388374	13.1225685366852	14.3730716619656	10.4193503156387	14.8469931299236	17.7633365672106	21.3907227788123	22.0409619572286	19.6890837775657	16.7908252626248	13.6696927909884	15.2684117707115	14.8732680000059	13.1672270049544	11.9060596756442	15.2618416975148	15.9112500451724	19.0863631161099	17.9382229610405	13.8775558727032	17.1332550906125	19.4144509837389	15.9907308776053	14.3033878853927	19.3613314624795	20.4885024098883	14.6817004805302	19.3093505328377	22.0645096705093	21.6108207386948	15.9918549893375	21.9025830440156	18.1533289509115	15.8160205804115	18.7296037331279	19.3132986825141	17.9260905107611	18.3176669638904	17.7588192738143	18.4939430354914	15.8140037624885	16.6607341074756	21.1792233332575	21.7736484081102	24.6576843397753	25.4762399501967	18.6067780391985	25.4820759358416	27.3096845276543	24.1908039345533	20.0742890534136	22.4720866854861	22.262752412943	18.4432995692203	17.2684758157748	12.6243273484174	11.8132174279491	4.91305688955461	7.24299730774491	3.46820140706966	8.17184960703512	8.15298239909789	11.0528324424104	14.2469663788471	15.7333966771324	9.01397409581368	14.7878335127225	17.527060734761	15.4758840135225	13.1879630724384	17.7548871581883	20.0845445554536	17.8627038826713	19.1840455848082	21.8492985928611	23.2344028113485	20.8280925914977	18.0406986838093	20.7088803656789	23.6049237660281	20.2059512520445	18.1873483498832	14.9150090177646	11.9985594968729	7.35472072889243	7.53165121337944	3.96859332761622	6.88596609053516	7.40598231161809	10.0979715784904	10.8384445839798	10.5771080168447	11.9544813772911	15.7627900131925	16.6973040638302	18.7360400832193	17.6515412641503	17.1658201377039	13.8929844525933	15.4179633544771	18.0216532815388	14.1388104167218	10.8874001947205	16.8284339734867	18.4228912497469	14.5976666971129	15.7869602203844	19.6368437637009	18.3990354094991	14.6047351567908	22.1381736599928	24.3963917209082	22.004151699168	22.3415724827059	16.2727427620546	17.8681622446182	16.5068318886454	15.5275020528094	11.5787026475335	11.1385896324445	7.50333219309927	7.9929311269396	3.76166957613239	7.23586912540574	10.0837903092042	6.71905685345793	3.55519493136452	8.49691785296292	9.43139406450605	3.85832308133987	6.70396755660408	4.52831282046636	9.08709799661036	9.39065918878967	13.5899190946819	17.1164107803009	19.4833221499825	22.8237799235797	23.5601637515532
145	7.02229463921872	6.52705063562403	8.37189954550339	6.56589323702419	3.16016123006406	1.32850103500148	0	1.33370873881819	3.27289153501915	3.25910094964854	3.03253425372245	5.11617464518169	6.759002071312	7.86934438184021	5.71458222445001	9.69555970534966	6.79674554474419	4.16286463868332	7.27898708612675	3.85228425742442	8.31630332539645	11.1027215582487	13.1453143362949	10.5083842240375	11.7245231033079	7.61668234863448	10.0540257608582	5.83271309083517	10.7433203433575	10.4479307520676	11.3710489401814	12.2419765152528	13.773897124634	10.5387794834127	8.6993556083195	4.13669747503972	7.32155864553443	8.70250234128093	6.27280965756175	3.83722777536075	8.02056837138117	9.59358801491913	5.05310963664949	8.70865276607123	11.8109541528193	15.4975490642876	15.9162247408109	13.6817142200822	11.1865370423559	9.19080437176203	11.957610505448	12.5600882560594	13.6796471080215	14.5822319965086	18.2502903538546	19.2344864501239	22.0073091040227	20.654780318367	16.9942184874739	19.1761744881507	20.536169993453	17.6282348804411	13.6256923860771	18.5276453981611	19.3313946470502	13.1760593881479	17.1514833760815	19.6518665525695	18.5652016956455	12.2869140958989	17.3256111291925	12.6616632793642	12.5581639979736	15.2568443984987	16.9213258936763	17.3652778267438	18.5564908589959	19.2842621326303	20.5056929412298	17.3352696258235	20.4320980322629	22.6470595221543	21.0261097447911	24.0742941121853	24.8414051333655	18.2336518832624	23.02145757766	23.895651989431	20.2575726581444	17.1976848441876	17.851026104961	17.3807893088893	14.1063651235887	12.602476978753	8.32116938897412	8.9773517253141	4.03415840045975	8.61261644333474	6.79411318716431	11.2442408814468	12.5760679864575	15.2048427153983	18.3388118480996	18.6683552569582	11.4959496345452	16.8399116684144	19.3832439235542	17.35967805001	13.760058793479	17.6923253417972	19.9642309143127	16.8410342615886	17.3117071659614	20.0886971454099	20.799720262542	17.7023122783438	14.1990174307943	15.8084847154938	19.2825376701305	15.9121939719198	14.1133950911891	11.0959542176417	9.14395718493913	4.77316729227041	8.1333047403869	6.71068558345569	9.69909449381745	11.6743684197476	14.1825981752287	16.3852566046431	15.4547471347803	15.5885976277534	19.957068672528	21.7247321272323	23.5299879090492	21.6766939822474	20.7625185851813	17.3781896065154	18.0341331091905	21.0659254247232	17.6572009389937	14.0064154586389	19.1628917181098	20.8157841312788	17.2769560397658	16.5500848638308	20.7469549090945	21.1911523282713	14.9722384765939	21.6614280461838	23.891917231566	21.2046872648478	19.8233257805041	15.4156494835605	15.7552617559976	15.3013460192233	13.553884461659	9.67150975804709	12.077106689932	7.82259528545354	9.59193520620318	5.91494048997959	7.95508610889914	11.9426597540079	8.46127555395757	7.99577669773237	12.3008653354144	13.133680710296	7.93726124050355	8.86093866359541	5.8961568839372	9.20901927460248	7.39243890742426	11.2147880051297	14.2400834618341	16.2201830754156	19.6197560892076	20.159687423172
146	4.01432385340296	3.72039688743016	5.98546389179652	6.37130206472743	3.25613636078098	3.43531497828074	1.33370873881819	0	1.33267738031378	3.28406881779295	3.30163989556705	2.9629081997254	4.89823529447085	6.89076635796048	7.20969777452564	10.775091646942	10.5693963876846	7.57924956707457	11.6550262547967	8.79703705800993	12.5877074163646	14.8270802924918	17.4363125115375	15.3193375835902	16.7745500386747	12.5368226038339	14.3886573730838	8.36105220651086	13.3256052020162	12.6410782372391	13.0971909583697	13.9483798700781	14.966040024001	11.8758577795459	9.00285382531561	5.77020398252956	9.41200690607481	10.6683614486949	7.03503958766402	8.06538914126281	11.6091819694585	11.4661171283046	7.85757761654315	13.1331207639312	15.6188889809743	19.2099983342009	20.4040110027416	18.2946366730799	16.0428650807766	13.4601526737255	16.1318948050128	15.9672320080846	16.6649857485688	16.6716530074255	20.4284773294536	21.2063800541252	23.8647172621006	21.9912403924836	18.6389896185389	20.7551690670059	22.0676276250983	19.0458411470851	15.8966534213966	20.8297069350483	21.2849530419966	15.1663934407624	19.7552594769089	22.3453473457004	20.969891654465	14.2543689793691	20.9758316879212	16.5216411412426	15.6227150009209	19.2740562933701	20.4609684277162	20.8579739428354	21.1907655831497	22.0543136143477	23.3562302608961	20.2063950768067	23.2210821453265	25.7074717932355	24.8401123185866	27.9011596533191	28.67314649633	21.8456657943859	27.5789558540566	28.4089863775531	24.7868104644385	21.5180654102547	22.7665124689751	22.4023302805757	18.9727204427831	17.3765920997185	12.9308957926356	13.1950029177716	6.90857597483013	11.3512892659821	9.37703961813109	14.0141449614309	15.3645604558022	18.0164529805398	21.1613175865776	21.4922219884311	14.3196222715545	19.489352298114	22.1805518641895	20.0591706209404	16.8958471820741	21.2266196555175	23.507588264218	20.6200377303244	21.4912779750298	24.2155567146411	25.2428040439251	22.3387991843787	18.7754480638945	20.4347147031712	24.04234549706	20.6679128360848	18.8727348574604	15.7567261828084	13.5145638849354	8.8365454788622	11.3086403249904	9.50210508255934	12.3209705786517	14.2512254911639	16.5413542674111	18.6556802609822	18.0810155964758	18.284225933848	22.5312007225536	24.0996070922329	25.8204521649021	23.4929760779685	22.3357383804521	18.704938946706	18.5089347613524	22.6706773388004	20.0958188934913	15.7067235284766	21.2430316574636	23.2209692734821	19.7687184713628	19.1385690948932	23.4820530618598	23.895532239312	18.1167185494504	25.2798480019165	27.6169453234785	25.1083985550652	24.2103872129299	19.2340418269276	19.8589952666292	18.9886933726363	17.3914920866497	12.2094939289063	13.2509621537457	8.05779802427437	9.26268433014966	6.58748313090819	6.13522884658755	9.6054055614534	5.84596168307662	8.74329171422297	12.6166116291182	14.465977395254	10.3913742113351	11.1294250525353	7.8790904297387	12.091147216042	11.1070538397903	15.3861711936401	18.6724125115101	20.832433967254	24.229650822907	24.759808581651
147	5.64262297163296	3.68604082994207	5.77876543908817	6.9677991503774	3.05469671162294	3.39269052523215	3.27289153501915	1.33267738031378	0	1.32814381751375	3.30884587129712	3.3845079406023	2.80916856026832	5.06684142242482	6.31501005541559	9.65634159503484	10.4193305447135	8.51239290681533	13.1656982344272	11.3110861105377	15.0301685286626	17.1485122969895	20.0699787244531	17.8905625400656	19.4209870243507	15.1408684361235	16.6657794597192	10.4326179839962	14.9997268641799	14.3058112318037	15.0646251529867	15.4099413691292	16.758182299999	14.1681124360304	11.3774469456025	8.05860099521002	11.932880540758	13.3508494860814	9.90385430022069	10.9254961443405	14.4875855131212	14.454655651381	10.4703353336939	15.904280335809	18.395764430977	21.9762924989635	23.2161716266916	21.1245887770626	18.8712169188953	16.2444553617534	18.6695821592236	18.4825988973413	18.6517332706641	18.2559803352217	22.1100176842987	22.5251945385606	25.4443299381218	23.6054946569649	20.0034869460302	22.567098949577	24.0501091265715	20.8608933893062	18.1802246960812	23.1292850516396	23.6225670916605	17.6044075731051	22.3005888038859	24.9191481395332	23.7103132202002	17.1909044846395	23.7739474845891	19.394206918562	18.3461456442491	22.0493329150793	22.9949673841908	23.0684829150076	23.3542477078582	23.8972725849625	25.0489828935228	21.8493829203481	23.1840842389774	27.2793137377024	26.7572707128362	29.85129253483	30.8254481557041	23.811186908678	29.9925148162004	30.9571795065377	27.4364072903141	23.942003988806	25.3166776256285	24.9103741441191	21.3138905176882	19.5173557635249	15.05199010098	15.0002504645756	8.63673005251409	12.2186240632896	9.99379817686949	14.5275873082904	14.7616873358028	17.3017732617209	20.0928534558932	21.2281476346854	14.5107438127754	18.9208215730713	22.2762207970742	21.1942921089618	17.8933678775126	22.2959774398881	24.806370351182	22.4326909665336	22.9707124399745	25.8982691892721	27.3197427513511	24.5698057989883	20.7808574895263	22.3881860363898	25.6314897343092	21.8704556422586	20.2607585247937	16.9778386433609	14.1588532374624	9.8426659498329	11.0178437545647	9.0450849636695	10.8841700648235	11.2567594804189	13.5383825843415	15.4183707634756	16.0117729499266	16.4263589392172	19.9100101456529	20.8628955324998	22.397246504872	20.0586781718038	19.0219441172557	15.3516309882696	15.3348953045008	19.6886849230719	17.4456747934839	12.6491343972621	18.7810519407194	21.0243811323901	18.2748541991448	17.3110106579599	21.9001779216517	22.683856484293	17.4730058661926	24.5477570054781	27.1371698229569	25.4288136372895	24.4665470796351	19.5991986060655	19.2216715714321	17.6936794081955	15.6701781738435	10.5735225445449	10.594235932808	5.23252424743546	5.91456372017413	4.06415477067496	3.00301215448756	7.22755041490546	3.87290614396993	5.33375711857973	8.92944723933122	10.9294516788355	7.85293562943184	9.02781130728816	6.67927518522781	10.7999271293838	10.5370109613685	15.1424893924348	18.7038621145474	21.4691846608109	24.8992322371594	24.9366160494964
148	8.42480795033335	6.26938697162649	8.4508643936582	9.28699623129029	5.20054852876118	3.02252377988991	3.25910094964854	3.28406881779295	1.32814381751375	0	1.33349390699771	3.4010899723471	3.16811252956709	3.09311962264637	3.07139919255052	6.25233684313313	7.12747108026402	5.8570012805189	10.1258317683043	9.58881082303744	13.4042289595485	16.0546164077501	19.0551165307379	16.0214533672823	17.2883719013677	13.5866673249918	14.7692850537865	10.9238214009567	14.0701170570824	14.7034299059777	16.2220376340335	16.765649047979	18.3702326876934	16.0115473643243	13.3917657536264	9.5430775434343	13.3736939923119	15.0741963964916	11.7195693180253	11.0868425622447	15.3029613473994	16.1036642414079	10.8473085140969	15.4111782158276	18.5744331003668	22.2987509067212	22.5471800675827	20.3867759834654	17.9655394575281	16.1180152003899	17.9342989269165	18.7633200420395	18.4494677972022	18.9187117426108	22.2800828993072	23.6650590956372	26.5277017851151	25.2039517734819	21.4421865256321	23.9537306906461	25.791534580168	22.7746601291874	19.5294718310557	24.6722694943128	25.4895002108711	19.3800391382474	23.9241549485034	26.5615478652883	25.4551067960832	18.918136853295	24.6601410782664	19.9001574365632	19.6420212809171	22.0459511702262	23.3927271817546	22.9433968714312	24.0596204874474	23.4356167616728	23.9845457743106	20.4635643522823	22.7394546988269	25.6185188096424	24.6110416683244	27.8341895876277	29.3304716634424	22.1866435947396	28.2571627379679	29.6305726404334	26.4211467767771	22.5885509716759	23.272684460543	22.4823868839587	18.7626832036359	16.2422270640451	12.0562004794214	11.8752309451227	6.90493750876863	10.3676547010402	10.6607920906469	14.001651152632	15.0907849365101	17.2347428759468	19.8003477242194	19.7490742567848	13.150017110255	16.4976130697747	19.8852786000096	19.3284128163696	15.1560756134298	19.1534173974255	21.7645741975349	19.8817348337614	19.5273020409887	22.5060303696587	24.2682414690476	21.8807179269785	17.3272751752836	19.0885011721717	22.0286709767067	18.304118361724	16.6540962228516	13.3744910183528	10.4839179699195	6.37193785280428	8.15226336669762	8.11043580826579	9.71497380336149	12.1589659099777	14.0472431814929	16.7375753620409	16.8616797799033	15.8690420000705	20.144230886286	22.0369812360949	23.4596884250409	20.717940486448	19.1457676785236	15.7293343787968	15.1138477562797	18.8054186340001	16.782124805876	12.2672000472806	16.7590548957869	18.9363058171334	16.0537416822372	14.4989230979408	19.0943137085364	20.5729263110526	14.3166502716243	21.2294460361075	23.7853814978865	21.9985706353845	20.8036547029602	16.1767234321416	15.6281944254607	14.3825471318539	12.5665192077997	7.42125366767637	8.54490245702079	3.6442257065116	6.02322189529823	3.6626195543627	4.90053548094491	9.04479944498495	6.0085281891658	7.89465553396727	11.0984314657523	12.0617157154362	8.15509178366498	7.28960005761633	4.19188287050104	7.68550850627335	6.8688552903668	11.462702997112	15.0119860444912	17.7638601942258	21.1953939099985	21.2838126518723
149	9.53534655898777	7.40729950791785	10.1855651782314	11.1368990298018	7.01558108783585	5.13812271165257	3.03253425372245	3.30163989556705	3.30884587129712	1.33349390699771	0	1.33883158014741	3.12788330984389	2.97244966315664	3.93590459742103	7.10742864895597	7.16274284056045	3.9182254912141	8.42060864783538	7.21277990791345	9.3226086477981	10.9639410797395	14.3692618460379	12.7051007866919	15.3510836425316	11.9621774773659	14.8520556489666	10.9459004654711	15.7787825259112	15.8176175513255	16.1394095616909	17.6435333479437	17.9900512506218	14.2286969185516	11.6404935032841	8.45054649120399	11.5674786362457	11.4652533334419	8.10439337643478	8.38558060005388	11.2435784339328	10.9099541245598	5.41185993905976	10.8720163263306	13.4458026536165	17.0547224544992	18.0993760389689	16.2243720679723	15.0359962090977	13.3380725744014	16.9395204182409	17.5074849707204	18.8442812545345	19.9379800882637	23.3358877268468	24.7622100184939	27.0413510017529	25.325365782156	22.2682581716667	23.8143749235624	24.7796130922176	21.6072008367581	18.2240237598616	22.9322848621763	23.0415874019131	16.8999737869619	21.0393150316259	23.3791646129625	21.3197989906096	14.5519352321263	20.6446489434914	15.3630157846694	16.3981177578404	19.6900986792855	21.6434016503876	22.3916778513804	23.5138288247576	24.4295230203129	25.5797314684889	22.3072450562592	25.5092062989031	27.5834607690913	25.8498206183331	28.9599343576604	29.9135813302252	23.2514617605001	27.6969146657168	28.6115975960798	24.9116666042238	21.980667164579	22.0013578217345	21.018690158999	18.0776380647473	15.4849225377462	11.6768362153453	13.1518655710891	8.50616752715346	13.0375581302635	12.7003811753821	16.5564280266004	17.7478896773673	20.0388456753377	22.7358922851073	22.7298337433427	16.0093543280171	19.5469693558874	22.8430210567692	21.9745373102598	17.8899273894558	21.8451291138322	24.2646660187195	21.4169452070084	21.2938153932075	24.1490015528593	25.0217588110828	21.6052470710242	17.6054940288536	17.5735022405894	21.7506993680663	18.0719160577953	16.9163994395971	13.6486259015331	12.3773568664719	8.44583228580819	11.1952513147316	10.9117834930867	12.7460799463992	15.0327360783059	16.8176794178032	19.4123979198861	19.6149721131589	18.8879229668061	23.0520784312391	24.7546530171602	26.1144744729815	23.3019710325114	21.702311535871	18.1859305508407	17.3501366277041	21.4217016130839	19.7334534990711	14.947151534657	19.5563184930089	21.8341123932254	19.1067469758722	17.2775559903593	21.9362612584734	23.4855479178153	17.2073815846572	23.8941511881046	26.4540163113279	24.6356412946771	22.791431328462	18.8371094120091	17.6615993330162	16.4447253853629	14.184855198415	8.94897211974649	10.5914642047264	5.68377277870958	8.06799634357875	6.07532064997396	6.26981809943479	10.3561928815564	7.40756174459586	10.6696632093052	13.785353314297	14.5631193430528	10.5720452136755	10.2586553212397	7.26658406680883	10.6030095256017	8.82493155780825	13.5011268418603	16.5656074443408	18.9974358796128	22.4814222859676	22.0866891588577
150	6.46112521160208	3.47571575362543	6.87748522353919	9.16223848194315	7.73376977935082	7.06828168652042	5.11617464518169	2.9629081997254	3.3845079406023	3.4010899723471	1.33883158014741	0	1.32474752311525	3.15363885059783	5.63592831750014	8.92565566219087	10.1154007829646	7.86218423849251	12.5622061756684	12.5238801096146	14.7285304426477	16.1042109089517	19.8772497846156	18.1198714399413	20.5551958881447	17.0316853540688	19.1319657641341	14.3556379516899	18.7198437226383	18.5568948372296	19.2897441662662	19.8723964835648	20.6032400607283	17.5200593891687	14.3898801940808	11.8808027085715	15.4502788000735	15.7548400499656	11.7244624183798	13.2762736865432	16.4292400615488	15.3597802718659	10.8964587366722	16.4550271345872	18.9533934692445	22.4830254414303	23.728957541367	21.8723242020596	20.492640361847	18.6450424778277	21.5981685103159	21.8934142380763	22.5361638483572	22.6619983893742	26.3611320128708	27.1657034512269	29.8181719258576	27.2030181229951	24.2235128129675	26.7978050593701	27.6087543000404	24.1724696504102	22.0470246745451	26.8381705039669	26.5144586028076	20.7268954018686	25.4436955256111	27.8547656784257	25.7398641216305	18.7160609637819	25.8127194615368	20.7989701908532	21.1430968639885	24.7564330831402	26.3730113183914	26.7752724729367	27.3376602693062	27.830638835643	28.8034492552541	25.4279800416785	27.8968146747976	30.7585217622694	29.6266668560606	32.8116175005134	34.0658450210765	27.0099166048324	32.4620599931674	33.5336885236325	29.9660070413127	26.7206316916348	27.044587721021	26.1518344480841	22.8863888370359	19.9560138554773	16.0525711647698	16.7520357270393	11.4913993490784	15.6672285041101	14.6911127216423	18.9302910173087	19.9612567490126	22.2669844163955	24.9849402840991	25.2951888903799	18.5452314356009	22.155164905728	25.5625127090433	24.6781917692525	20.6981066042283	24.7013626547201	27.2528398703695	25.0062148475134	24.7053305179267	27.6584563922139	29.2241677554725	26.1738674635599	21.7805033229262	22.0149512831621	25.794249475416	21.8855308366053	20.7524510841491	17.3728063651213	15.4319943299627	11.4454742584132	13.8286688802647	13.3010918348833	15.0276091578135	16.6233298108411	18.4679020465239	20.8045962469835	21.4400486006912	21.0267905539576	24.6597463693364	25.823610979102	26.7779956307413	23.9582954527237	22.2390873238989	18.6478884863676	17.0819353119019	22.1511784110914	21.4738739169252	16.0054949001897	21.0899063060982	23.658653152705	21.4760157152112	19.574581528094	24.2856846104861	25.9762870710962	19.8570452484754	26.4984772770059	29.111610329901	27.4449292402076	25.7165324256596	21.6652231006283	20.1794791805933	18.7835152727065	16.2298142010314	10.624070547582	11.751136710974	6.29093268124846	7.77781614593711	7.55921543548006	4.44981909744655	7.7539789785632	3.43255167477491	10.267756570936	13.5037370383165	14.8643041209469	11.6428091541518	12.3393002232704	9.69341854043248	13.1484278908165	11.487824075951	16.1606868975301	19.4643145268463	22.2996844372292	25.7905464463241	25.1814117554993
151	10.5635575920236	7.28635663414851	10.2757151089352	12.2331721969406	8.95774977324105	7.63895123691727	6.759002071312	4.89823529447085	2.80916856026832	3.16811252956709	3.12788330984389	1.32474752311525	0	1.32708477498614	3.56959941730161	6.97848909148678	9.45911021185397	9.20882169444061	13.6702467424696	14.3969800305481	16.7611156251605	18.4001997000033	22.1365274828732	20.0231801919675	22.1781456844345	18.6804769211067	20.3693770155103	15.7159227218767	19.5713891944338	19.6229331650495	20.7782523326674	21.1852247096886	22.6558647815527	19.8415384736164	16.9893762687157	13.6687775971372	17.3973272947312	18.2790051425125	14.6608178830514	15.3258109410236	18.8164684518642	18.3423224810818	13.4030235767904	18.9068692807667	21.473252059248	25.0523935183846	26.0484460189087	24.1334595530769	22.5109515791759	20.7903637534315	23.1954574216591	23.6480612524579	23.7265355878181	23.7159097864703	27.3784256851997	28.1757144718639	31.1063823836845	29.5261768097395	25.8118953391648	28.3743244148649	29.9374961210853	26.7964849560535	23.8277334843245	28.8205842758262	29.2253838469232	23.1187098904762	27.6916499327866	30.2238872582598	28.5433884813979	21.7681024896521	28.3052127001371	23.2760088288349	23.4133409192281	26.8143693008059	28.2014883649782	28.1938245897927	28.8786394935773	28.8484415870251	29.5827255843676	26.1303831391734	27.9056226054894	31.3512098171665	30.4283392415689	33.6464278787511	35.100150156374	27.9388664945448	33.8262055956621	35.0735096333401	31.6695480232983	28.1222333039181	28.5507806373136	27.6329229905198	24.1529579968997	20.9244365515538	17.2387193549869	17.5476144532526	12.4978337722983	16.004686095016	15.3105800347341	19.2693623662019	20.0017819456167	22.0514893147833	24.284500488995	24.838649782144	18.2901138596784	20.9750353754171	24.9809791041104	25.0397910734095	20.8806840165738	24.5628595444423	27.2994776689958	25.7005374457423	24.7843865770368	27.8461364285963	29.8354037512483	27.3048371905053	22.3249622172133	22.7757568919235	25.9275575016236	21.821377270924	20.8749054129594	17.4710049224422	15.1595136135695	12.0184936244107	13.2780898099087	13.308224750131	14.1847083156475	15.6261022971181	16.7356889311435	19.1383763156648	20.5413027337606	19.7491150940998	22.7822798464069	24.0340100690667	24.7371623877922	21.8329671826804	19.7148244222463	16.3679228370615	14.1219373670895	19.104021513807	18.8401291396848	13.4814179521295	17.9659183177482	20.6420207828594	19.342024661343	16.5532679855067	21.2545838350225	23.4111140059588	18.1592757840174	24.0927644947607	26.8821973990223	26.2110271832296	24.3550643809455	20.8288412783813	18.0847130195643	15.9774552103894	12.8687505998057	7.75695081845953	7.9869048448069	3.71313923789561	5.58867032486262	6.45635299530625	3.13019152768645	7.28917752561975	5.4544302177221	10.0138928494367	12.4445336995807	13.1131653310709	9.79645287846576	10.7820991462702	9.2553578536975	11.6852902830867	10.6771616078432	14.9643325945396	18.2271025947626	21.5737678443057	24.9049645050942	23.7667360190666
