8	9	10	11	12	13	14	15	16	17	18	19	20	21	22	23	24	25	26	27	28	29	30	31	45	46	47	48	49	50	51	52	53	54	55	56	57	58	59	60	61	62	63	64	65	66	67	68	69	70	71	72	73	74	75	76	77	78	79	80	81	82	83	84	85	86	87	88	89	90	91	92	93	94	95	96	97	98	99	100	101	102	103	104	105	106	107	108	109	110	111	112	113	114	115	116	117	118	119	120	121	122	123	124	125	126	127	128	129	130	131	132	133	134	135	136	137	138	139	140	141	142	143	144	145	146	147	148	149	150	151	152	153	154	155	156	157	158	159	160	161	162	163	164	165	166	167	168	169	170	171	172
8	0	1.33362101063233	3.72093980064177	7.23616507550788	10.6487588948196	13.480727094634	16.7914965682038	19.2748978207408	22.9768174036353	26.5356722922183	30.0231121971058	32.163367283293	32.4670578586973	30.035374444145	26.1852196095431	23.8170208254517	24.2745247739271	24.6749274568336	21.3644451835286	18.7989705303243	21.9564592090801	21.1314203498014	14.3150995106566	16.9713884228722	22.12594960674	20.5587463139171	15.5163990023459	14.1385947321507	11.8250977585811	9.19483550695715	6.56968903373668	6.80252997053302	8.62426147562793	8.16157656338529	8.94005531302799	6.46250926498369	5.0012387465507	3.41639502985237	4.94960089300138	5.3035781317899	8.51909208777555	10.9116457512146	14.2885800904079	15.7971426530243	20.5412771268001	23.1045617357266	27.0002253879482	29.3755158422793	32.0468293127417	34.7508844347881	34.8930079098951	30.4912080770835	29.7476219385685	30.0215683967377	26.5649923207216	23.8570001886239	22.8758746499451	21.452460045412	19.2692072748206	18.980669034573	17.3591115844101	13.9023653023505	14.5076794491745	11.4901993020139	14.0726417207289	17.1210132877701	18.2756960195775	22.5146542056502	24.2785787063411	28.2052762439938	31.5806922501708	32.587474986565	36.0290275472431	35.7916112238608	36.7202111785867	35.3997434595224	32.0619786819217	31.958471255678	33.575969293529	30.6384055394533	28.4716967706528	30.1539529083668	29.7199038188215	26.3985769881636	26.3541493127743	28.4144676177471	26.3401860471789	22.1526089885593	25.0989663731398	26.8761868761177	23.5697307791158	21.1755430154695	16.0536010290526	19.363848326198	14.9132246345316	16.6500861559332	14.5972318951231	18.5719753661262	19.8692817685995	23.1423468775317	24.1194142134505	27.1585323057046	27.6989842954575	30.5842338632178	30.6484709080241	32.2113046305175	35.7513048852766	38.2958004486132	41.7572093895174	40.3502054145949	33.8651261624699	38.9336570334717	34.8182162236953	34.8020989022214	32.8624395625157	34.3687522758683	33.466170336625	30.1438434676137	28.8288462655029	31.6144889251748	29.7437441826008	26.9267237145554	27.4534174557558	29.7755159149258	25.6616496157203	22.5245147561496	23.2440806228166	19.0142782140159	25.0279944462196	21.4715627051223	26.4688355618452	24.2924530873273	26.720689998576	26.8436447786064	29.0143971331475	28.1958535072092	24.3815045064902	25.3534320556409	21.7463622245193	19.1938122581211	16.93945731126	17.865246289934	17.0763967510713	13.654499441576	13.2367647860042	15.4777786842945	12.7001240151425	10.1868924604121	12.2315455687333	13.1622644328398	9.03891309837638	9.48524190519145
9	1.33362101063233	0	1.33506254535134	3.95251438960063	7.37905285250079	9.68992579950951	12.9600614196075	15.3135959526167	19.0447257528167	22.6022793762045	26.0726484078622	28.2137657536175	28.557486951761	26.154936761537	22.5956137557713	20.212467093356	21.1919903265361	21.8297043956165	18.4149464566151	15.6125208086331	19.2001400515725	19.1798190554551	11.9560793322895	14.7416752779323	19.0085462095343	17.1030891069421	12.9090390424694	11.278660470109	10.0941868914737	7.02865356949679	7.46640770384259	6.93730617747264	8.3262776797318	6.28321478225916	7.72790579652728	7.40493227517983	3.99003884692869	2.78045787596216	3.33460072572415	2.87827274593635	5.28015501666381	7.33746863707096	10.6743556245799	12.8400657708596	16.8225767645744	19.4414601303503	23.2813559313026	25.5347043452631	28.2065355547256	30.9385177731578	31.4340790544275	27.1162779341118	26.4352943997225	27.1500118232018	23.6352647541761	20.7523782974386	20.2816067903902	18.9472836311699	16.2467303172054	15.8215366194311	14.9091309605892	11.1376051734653	10.965083629412	7.47695793755723	10.0622849790691	13.1194682056858	14.4094103279766	18.6620357142515	20.3361428250295	24.3137870559072	27.6899605994664	28.9061327230053	32.2167691893523	31.9090412735952	32.881806154772	31.5123465962153	28.1785761528151	27.8498312203144	29.4820566785969	26.7006428761556	24.3215560563053	25.7823402739162	25.4996921353965	22.1673231807541	21.9413991577566	24.0388347055343	22.2892166080372	18.2120967765933	20.6938667483871	22.6592355122586	20.0012573854745	17.2216475982991	11.9964297188789	14.8228953312098	10.8164761821954	12.0203461264641	9.87255412747887	14.0210651164596	15.9252028558509	19.1237214213134	20.3411805704585	23.4708633415987	24.2568042412845	27.0904662566003	27.5357482919931	29.2698737441759	32.5850157894699	35.3078695335757	38.4521518123499	36.5766379810939	30.3644540211083	35.2183923681931	30.9713436744356	30.8883339466537	28.8862366880838	30.1407090991569	29.147057501573	25.876328197795	24.6305195032504	27.0597995927538	25.1433589840339	22.3114662001402	22.980547643605	25.0040960244517	20.8748592570106	17.7771945199461	18.6503686290647	14.9598616972217	20.9518946637291	17.7257964842204	23.2715284199384	20.8815995077006	24.0089301094405	23.9038870479259	26.3120005700821	26.1043674889854	22.1970458620061	22.7102815702492	18.8231684102332	16.3954410126718	14.5654303403641	14.6669626371652	13.7230648544704	10.4016402552674	10.1201217878047	11.3246337247613	8.73893368781341	5.83799845837595	7.87518660096381	8.74458569630374	4.97400623240462	5.02554016997178
10	3.72093980064177	1.33506254535134	0	1.33258958423064	4.49858199880807	7.56305883885614	10.8748309871924	14.1407187228938	17.3284169502006	20.8664296898152	24.4317048525067	26.6207624796887	27.3737302719231	25.1390085126681	22.1558581418098	19.4110612023145	20.918695107487	22.0177864691254	18.7554612313321	15.3447073937563	19.3148775041417	20.0994209369325	13.1099297480955	15.0065800900805	18.0827813679201	15.4893094746022	10.3845703329507	10.1566971993852	7.7483357567932	7.96058722708319	7.21934138270244	9.12708546032084	11.2536652251611	11.5389410259347	13.4690438042201	12.1396159329692	9.2991594243781	5.47365563403472	5.58172625627592	3.20600577042525	5.88102108481172	6.1996378120016	9.33771497744496	10.2672036115001	14.9968173290202	17.0358895570498	21.0565930055173	23.492284754787	26.1014929266508	28.6674250151631	28.7914270747388	24.3804244015563	23.5349645846345	23.8548043798309	20.5197050173729	17.6725093011717	16.7220862932829	15.5742334321789	13.2012775896881	12.6865955244108	11.2833811421932	7.77795435831299	8.26547820758122	5.62072317411203	8.48865548835621	11.7469567548365	14.0500010320284	17.423547916541	19.4415840918378	23.4056900774149	26.8941500516376	28.6694941357534	31.720512007217	30.8887094259375	31.596797258583	29.942118645814	26.7877438579661	27.341119746638	27.9796069128928	24.9212687277354	22.9845914908227	24.4749453319103	23.6533230223578	20.367136519403	20.6272479502235	22.4598511793823	20.2114216719161	15.9654884046809	19.2117166333464	20.9574536144065	17.4436365474634	15.3106994288308	10.4455339260375	14.4433860642164	11.1072167530845	11.2545970163307	10.7489914875769	13.8897529855646	15.7076914599186	18.937191212004	19.9811108299814	23.2198902021521	24.289779187963	27.0883659344745	28.0761232900841	29.7479106157054	32.8483932788196	35.8874998014629	38.6259162998109	36.2014600396172	30.36613063925	34.6509300596679	30.476920792626	30.9664632788441	29.4792551805503	30.7325147360251	29.3081752076106	26.1675643115671	25.9640615851989	27.6283634151573	24.6998344326435	22.9088084587566	24.5014494877344	25.4293856197903	20.9698664754929	18.4928577023671	18.9873677480582	15.9458014536743	21.7027677958365	19.540188253955	23.903934111355	21.2619576003716	24.7818418605236	24.2119128736248	26.8788935970214	27.2727245613635	23.530225498282	23.6433551341598	19.7793745603849	17.425239252303	16.1471183187589	16.4742517584259	14.4118975155945	11.5894895918673	13.1157019255547	13.6769011841133	9.95944019511137	9.5338443977233	11.6208125791616	11.2112935025357	6.32045488869274	7.6337468519725
11	7.23616507550788	3.95251438960063	1.33258958423064	0	1.33021201317685	3.71307608324957	7.13793639646642	10.1351509608885	13.4306400070883	16.9805161582326	20.4954005328025	22.5348399151181	23.202780652327	21.1368927233877	18.1165368931261	15.2771910376221	16.8963390709349	18.1149698316061	15.0566495941162	11.4059182006536	15.5086522302875	16.8142411960814	10.2155153076093	11.9689295260687	14.0701147472222	11.5655596060026	8.42162092473889	7.16655216962802	7.74994199978297	6.77978959850525	8.88702182961199	9.54850731790053	11.7178174588957	11.19096649088	14.5141110992027	14.7128676674535	11.4425255079462	7.70327060410057	4.70124345253466	3.13475533335538	3.4364357989056	2.82722372655579	5.40498621644866	6.99106494033634	10.9165117597152	13.2841350489974	17.1556773693142	19.5033381245365	22.1635544080818	24.8843143767314	25.2727445680124	20.9726603462699	20.2867949415377	20.9932985735925	17.4750135050019	14.5745247606912	14.3271888729087	12.989494139496	10.0847851241363	10.319645488097	9.33889827549267	6.82536599751251	6.44299813751331	4.14838691541664	5.86908008123931	8.71288643332392	10.5474158920562	14.0014155355807	15.556903580083	19.720062499901	23.1282507336807	25.2875000148295	28.0329452787252	27.2024006844984	28.0887611688376	26.3116899495262	23.1793081432557	24.1143778066116	24.7681327112078	21.5782285185786	19.8957546476629	21.7222979447387	20.8375324114925	17.5877931247783	18.1770311657322	20.245223856505	18.111985065144	13.3200335209788	17.329364529607	19.4470260965527	15.7784824682223	14.203728313369	9.68671440685644	13.3961325015842	9.72535217871312	9.41770954107208	8.4022795121324	11.0597888316188	12.4614806503882	15.6565273608166	16.5643193340385	19.9421216022769	20.5902747917554	23.429103055815	24.8554723551978	26.2082919893686	29.0354447873629	32.5200203259469	35.0981190806573	32.5206385238667	27.1397678324631	31.2540673353085	27.2364522469429	27.6856697589204	26.2093429143121	27.54343422669	26.1517816027895	22.9745273074333	22.804032121535	24.7526726233754	21.8386123643422	20.133268040733	21.8923932908214	22.960565803133	18.5684819788802	16.0431115747538	16.0982719880116	12.7785436572404	18.4594930591281	16.6130017456208	20.885014388312	18.0887233933188	21.4544410554086	20.4844981388366	23.292608999423	24.1677982033945	20.7102399068673	20.6475045707708	16.9989619094814	14.5647216931873	13.8034961513379	13.7994932153322	11.4404354812219	8.9917086807792	10.7705904666365	10.8613604120294	6.77019490118268	7.24200531620904	9.42637836074916	9.27183374527391	3.97153597490945	7.84571679325732
12	10.6487588948196	7.37905285250079	4.49858199880807	1.33021201317685	0	1.32452444296057	4.0487927830404	7.57508719421763	9.58602493216036	13.6307505662748	17.0358401319101	18.9134215307543	20.5705803515603	18.9688426900536	16.8239021632914	12.8740616745454	15.9543662048983	17.5342829052117	13.9050631785692	11.2661060264849	15.4443740889684	17.3377002511867	11.4119433051518	12.9798300836336	13.2275374881344	9.47736909695934	7.26089236939923	7.96938855872896	9.16991979245184	9.04194636126537	11.1416658539017	11.5316197474596	14.3716588464937	14.2996380723429	17.8009485983191	17.8742534389552	14.5819727403394	11.0041239996649	7.66000443864101	5.51181784894965	5.28035245035784	3.429015310552	5.61270986244613	3.56110137457501	8.10045659206936	7.84921970644216	11.9107607649554	14.703428103677	17.0618511891295	18.7394328889644	18.2005993857345	13.831373431442	13.2764056129662	13.0080242927202	9.40266717479673	7.21717042891465	6.432221544692	4.36480137005111	2.75437579135455	4.54776186711662	2.86594312574412	4.66069833823216	3.64097761597074	2.86222937585372	3.26478023762703	5.62003959060788	7.90887400329529	11.1343423245381	13.5593972579905	17.3004426821975	20.858947768284	23.2849522868311	25.9446619750576	24.5251191434415	24.9962972057863	22.9398528765988	20.1358630805834	20.8665601381732	21.2130430867426	16.6107175943726	16.3720816636126	18.1005719522892	16.7553046525571	12.3171940392283	14.7714452238093	16.6088673304353	12.5869354888313	9.52219071432619	13.8435041084257	15.3741655383309	10.6763235245097	10.7502022771667	7.55614782809336	12.0144247053282	9.34015256834705	6.27708148744303	7.1998713877402	9.34648297489489	10.4954628768816	13.6086673116804	14.756373301052	18.0027520118453	19.2678887790022	22.1083320266365	23.9396088940484	25.4034335474557	27.6340630924951	31.264830896712	33.6615068141639	30.5113976408817	25.3217164307635	28.7430551785992	24.5615154662737	25.5390492579501	24.5803110029145	25.7135384185063	23.8522802683517	20.9342945904561	21.8841710832282	22.9045717052295	18.8626633061188	18.48116928119	20.4641140780636	21.060259946164	16.5175406765051	14.8951774074698	14.2480999435012	12.4741857048867	17.2719831229654	16.9408678349133	19.8959673803512	17.1851725624155	20.9164121445338	19.8872727391163	22.8423293689589	24.2277185265142	20.959838787548	20.3403076672896	16.8431968462047	14.7786555883815	14.7804596680888	14.8329665947173	11.7589319668072	9.45725044608633	12.6731114569391	12.1704755453515	7.21829190321367	9.87500784809815	12.1683597908675	11.3452067411749	6.55112906299364	10.1646121913234
13	13.480727094634	9.68992579950951	7.56305883885614	3.71307608324957	1.32452444296057	0	1.32849877681539	3.57898812515493	6.9120860816399	10.381190972138	13.7519011776554	16.0866927924916	16.6041726683385	13.930545538492	11.5644575315922	8.89125519822708	11.4280026688831	12.6031345704154	8.24216209498455	7.69667324238206	11.3295101835869	12.8258126058352	7.22249880581506	10.0742839944087	9.82646034948495	7.24566470380737	7.51322607140235	6.95383218089134	9.18111207861008	8.17756962672896	10.2591268146953	7.5664375369126	12.3970668708368	11.5427091274103	16.1052086605545	18.0831261954342	14.5307522861	12.3634428053031	7.65083923501206	7.10436168842775	3.80155718094572	2.6872696180324	3.3349790104287	2.84736228815372	5.48405789539097	7.50795591356263	11.2595422642308	13.3744168471003	16.0382350026429	18.836928783642	19.598257728686	15.5114643086976	15.143941461852	16.5929655577296	13.1816935937686	10.2038593679059	11.4306705402614	10.4096400033815	6.72938072930935	7.33448573521007	8.2530485276654	7.17347293854239	5.14396549366342	5.09560604835186	3.38284466093257	4.32670336399435	3.73039582350185	6.87661442862693	8.1817001900583	12.2610754014483	15.6769878803296	17.9588520234452	20.5993486304786	19.7881460981063	20.8533472852681	19.2887057367777	15.9941452725677	17.2296935840426	18.2747969619364	15.196722014961	13.5824126354636	15.6161670393218	15.7154425327447	12.0753428522755	12.6681003311467	15.6363224256857	13.9186956285422	9.30857072809784	14.2127341845262	16.573702724497	13.4211023764816	12.3207736770058	9.59664128745052	13.7852534978505	11.0934807432113	7.47892779748541	6.3300354659354	8.28251344701595	7.31262046054628	9.75830031306682	9.33710950990723	12.7632441408915	13.5884117541382	16.3925769481189	18.2738767917484	19.7497297703032	22.0124703066239	25.5345835485915	27.9832144329418	25.1141301063764	20.2856220510982	23.8458653019764	19.9896079751455	21.0959334943965	20.458618232911	22.0990288700658	20.3861110808315	17.4472306398465	18.3735625288075	20.4437838474192	16.5015116277267	15.5795459176447	18.1775332209846	19.8693972228651	15.8720663746092	14.1195745332499	12.1895523707805	8.79578455852575	13.7645812504413	11.7416225028741	14.756261484536	11.639687495805	15.2970364776972	14.5342885962816	17.4566113836563	18.8513103523336	15.404172713911	14.7233434721873	11.1367246082499	9.17906956069078	9.3843266673747	9.56822418215627	6.56525681142787	4.25142752496147	7.58796764621463	8.29257854952246	4.10069433145169	6.62128114491448	9.38536499023879	10.1935599767696	7.13233005405667	11.6065268276087
14	16.7914965682038	12.9600614196075	10.8748309871924	7.13793639646642	4.0487927830404	1.32849877681539	0	1.32822211997843	4.16042978549092	7.67972694827101	11.240899252284	13.4753708297768	14.7448501179225	12.3862380487378	11.4052169641792	6.72015096556617	10.6715468888067	12.8941042341064	8.89858157236309	8.86163128323448	12.3475641727427	14.5653081326829	11.3435125512339	12.3739264988927	10.3948578633861	8.18574095607722	9.34386889890906	9.18005152490987	11.3964522549783	11.4285229579329	13.7254307400533	12.6728568602348	17.1912004525571	16.5427438473791	20.8989865304517	22.3003963417694	18.8882687930895	16.0166285466074	11.4557889732659	10.4300353307168	7.45550125746083	5.18505756959361	5.56909840099814	3.46887705172726	5.55606794414899	3.57085942036367	7.95665689847187	9.90434747976867	12.2775670635513	14.6035585046933	15.1492207390347	10.9315659445479	10.3364135462935	11.9048611919669	8.91281779237072	5.8440482544209	7.78865078174648	7.37826890266274	3.58841873253387	3.62860813535989	5.52668806791192	6.59543463313829	3.35170583434764	6.16838690420762	3.00930905690991	3.27811012627703	2.92519213044203	5.33137074306411	7.22747466270204	10.8964158327406	14.3623037497471	17.0468083816297	19.5731251975764	18.0335619332399	18.7476094209368	16.8233034508684	13.7686049039109	15.0399062829527	15.6297159923013	11.4077367606375	11.1218287614942	13.2156885934862	12.4427942601331	7.7297329837453	10.6640798009017	13.1072780164304	9.6354382360119	6.46617267013494	11.7946008410628	13.8979183333332	10.1359890982578	9.54019758705238	8.16152246826534	12.7444562849892	11.6818543904639	5.57977463702612	7.13593560789333	7.96775118838433	7.21935128664619	9.4614143234508	9.35767706217734	12.5632052040871	13.3367422558884	16.3441397754669	18.5076660332955	20.2457442935546	21.6171795801395	25.4492447235669	27.5806634800543	24.143529671529	19.983900570209	22.63929111081	18.7614636156138	20.3154088809455	20.0996276084907	21.4144663954066	19.2835653083137	16.665387874274	18.2851979754117	19.5875908676897	14.7014420381131	15.0712826594156	17.6501049855235	18.8244077197664	14.8181024763632	14.1285875797972	11.2249686413816	11.0498527139505	13.8969171761222	13.3285884473938	15.517017593597	12.6792531720129	16.2519548054996	15.3068756772896	18.3300151936653	20.3627646698576	17.9312371575416	16.4423382157162	13.6976645454618	12.4473523690783	13.8267484970256	13.6822977967884	9.44361810960185	7.71222315548506	12.5714708765522	12.4775341313899	8.00535533252584	11.329078603311	13.9731729396011	13.6488171648682	9.47765994325603	13.2573401932665
15	19.2748978207408	15.3135959526167	14.1407187228938	10.1351509608885	7.57508719421763	3.57898812515493	1.32822211997843	0	1.3284118337323	4.52678318455832	7.98789696979124	9.96304812795763	11.4463053427733	9.61962093847777	7.30412417747672	3.66378206229574	5.99038871860583	7.85347515435046	5.88467569199867	3.93384354035592	7.13052207064812	9.54869420392129	8.10487772887414	8.40471778229347	5.98534460160816	6.31274472792936	7.44192616195565	6.77603217229671	10.3857026242811	10.1050044037596	13.1879982559902	11.424108192765	16.6645329367492	16.3418560451376	21.0403621879472	23.2240544694504	19.5281527288169	17.355438254334	12.8497812432741	12.2952757594126	8.75690630302734	7.37999708672029	3.72413117384444	2.82222057961457	4.04871078245903	2.61686262535885	6.05441706525079	7.11442281566115	9.64594329238981	12.4109697445445	13.9623258091193	10.4350427406887	10.4525714539533	12.4184105263113	10.2764116791806	7.50379563954137	9.87835937795341	10.3009069989006	6.81816500240351	7.153495439294	9.8110509630722	11.076543775023	7.56992628761998	9.63743990902148	5.90326367359616	5.50211323038703	3.4203909133314	5.66936865973629	5.3599176299641	9.24989264802571	12.2895655334109	15.3205769473607	17.6023856337714	15.6155274646744	16.668662723806	14.3324987702773	11.6020244354164	13.5828247798461	13.9575738579454	9.70421315718075	10.1026559379205	12.1538458522395	11.8159274710029	6.97769546483651	10.5047393113775	13.206999469978	10.6605283640165	8.01303706468403	13.5193270172742	15.8292972048667	13.6549986085682	13.0104927654567	12.1612022843138	16.0970451325701	14.5302810365113	8.82606764080131	9.37410843760621	10.153803425318	8.17410043980376	10.2786269997505	8.09831920832959	11.5185475212806	10.9835008080302	13.8107305020408	16.2178341957242	17.0412504822856	18.7194936096039	23.2112132599742	25.5310108103851	22.0906292124059	19.0667180710263	21.0471116308153	17.5888394728021	19.8135386541627	20.1769902611861	21.6313222203359	19.2679316222577	16.8014621089952	18.6713641976156	20.2928772972193	14.8853935789417	16.127195726474	18.9060940704314	20.1431167896133	16.5527862005162	16.2285379501667	12.4666445365222	11.3135792302878	14.1574717022497	12.1963117375705	13.7467566356577	10.4757516675416	13.351761981102	11.0866400230187	14.2479659250014	16.5426316225684	14.735165896589	13.6549534601917	11.2988030339501	9.59836157893627	11.531361671546	11.9664890841048	8.19423907388599	4.82462267954708	11.0783102502142	12.4086802682638	8.42486397516304	11.6887878327909	14.4175683455984	14.8769828594376	12.3027940322514	16.3323038178942
16	22.9768174036353	19.0447257528167	17.3284169502006	13.4306400070883	9.58602493216036	6.9120860816399	4.16042978549092	1.3284118337323	0	1.32332497898287	4.79908793418083	7.73572582244226	9.44845542932812	6.51898604078886	7.93295109023118	3.67536787274417	8.66488782385554	11.0058041959686	7.77121895200489	9.4817347041562	12.3348707735428	14.4303578957696	13.1732347584031	14.056049409418	10.7632470007893	9.79762001712661	11.7192553091056	12.3789411501954	15.2135222417427	15.1064997269387	18.1070586788689	16.1929819983844	21.4219179813573	20.4995239213012	25.1516315375365	27.4036003838912	23.8667884098385	21.5948561699308	16.8640286408675	16.3731275570674	12.8028225013081	10.8472542608717	8.24539544230597	5.6559353779901	5.54191194444661	3.6590588953992	6.54588466137313	6.37640690357822	8.75033450789168	10.9504809026819	12.3689858112943	8.52643542167534	7.25790858305614	9.63269048604802	8.05117413797516	4.53733368841217	6.92787312239478	8.71663622046945	6.24865745580601	4.35716065804326	8.51825486822272	11.176804820699	8.17489437240629	10.6553727762101	7.28105143506074	4.65661293216432	2.87180169928218	3.40743158405271	2.71314466993561	5.54891394779195	8.60308834082273	11.7112744823098	13.9525781130227	11.8956438245267	12.7766654883033	10.710604137956	7.72295662295212	9.78041088093951	10.4962131266472	7.17152689460201	6.56243879971463	8.88527529117697	7.65896272350245	3.88717596720293	6.20566789314414	8.59138085525255	6.74325655748022	3.54219889334295	8.7352832237999	10.937931522916	9.77476368000782	9.40829633887028	10.7085696990775	13.2585809949632	13.2035936774804	6.80262787457906	9.1651057277044	7.54954899315184	7.09073839596413	7.52248290127668	7.15378599064859	9.30780215733016	9.24974172612403	11.8540655051337	14.6079181952803	16.7848333325059	16.6732378679128	20.8262236855365	22.2304978351813	18.4594295415649	15.9506401752406	17.1292789106839	13.6380687049157	16.1633414243466	17.0279143761061	18.319433752166	15.87828268422	13.3689133814233	15.5374552935801	17.3829076106387	11.447879672673	13.7741233840851	16.4034129985195	16.5771399825181	12.8931492273998	13.7399262370655	10.0059956526075	11.556183928962	11.8008837380935	11.3414923180329	13.4403284930094	10.4795161624953	14.004062731936	13.0849880779464	15.8703952376745	18.193060792511	17.5534581778064	15.2557336762281	13.9439855851905	13.6766683443008	15.8330451272015	15.5475698744209	9.70761046808122	9.66136744979715	15.2285045884355	15.3610948177531	10.9230932432164	15.1655788217925	17.7923006100954	16.124743129737	14.1820239387755	16.706397517119
17	26.5356722922183	22.6022793762045	20.8664296898152	16.9805161582326	13.6307505662748	10.381190972138	7.67972694827101	4.52678318455832	1.32332497898287	0	1.32830756980452	3.91226226114764	6.24170409423581	5.10177420119707	7.23336954676035	3.28030547358017	8.21314872628032	10.8206222094665	9.50655442313355	11.4329152012949	13.5741947090794	15.7775548485816	15.4186738729373	16.5627902540605	12.1087976694633	11.9488156735302	13.8517999913369	14.7312290729593	18.2262652510052	18.2364261301385	21.3704471174564	19.3082405723567	24.634904789749	23.5977629660101	28.270223256989	30.6445888698152	27.2214100112393	25.0730185458393	20.3440606566143	19.9188983631124	16.3164664679581	14.305623964022	11.3747173151688	8.55583748092494	6.57514205169744	4.7726932648139	5.08103237541348	3.25302489999692	5.37797787276965	7.90821029057776	10.3990785649499	9.37641365341782	8.23691167853583	11.5743608030854	11.5404763333235	8.2426113580588	11.3354934166978	13.2551525830524	10.2630044821193	9.19637134961393	13.4095611785025	16.1293657035855	12.821558953575	15.1553354631298	11.2678888883411	8.96923173967537	5.42699557766542	5.37061709675899	3.54213339669753	5.75484534979003	7.81521144947467	11.1680870788152	13.0160052627525	9.34489727070341	11.247646242659	8.43608831153397	6.32656162540127	8.46544741877238	9.1691693735038	5.94393228427108	6.23218854015185	8.61075118674323	9.33462500585857	3.67006130738984	8.95554632616012	11.7341248075858	10.1881973871731	8.73169565433885	13.6262702527141	15.6815506886277	15.0331833288895	14.9656876220239	16.1613012780531	18.7791796945447	18.2978923922948	12.0936904210419	13.0361893588579	11.9663915195852	9.19276242486447	8.6728005857393	8.19715920304102	10.440368001177	9.62608502975119	10.6656978205835	14.8290650750477	16.9541679536331	15.7343852120126	20.4019584354052	21.1724898157963	17.1752477711386	16.2402776761975	16.0830645089796	12.8282713956324	16.3198886331984	17.5992709792196	18.8935923794285	16.2951622882376	13.960607938052	16.4254293703391	18.2448027120054	12.7646108832193	15.2482639667603	18.0011194374128	19.2853802658905	16.0553161289337	17.2387707508395	12.1243662514789	13.585404852267	12.9147961656389	12.8758315071299	14.685502885499	11.6941216857018	15.0136173522572	13.7156243022328	16.3430399864897	18.8167419071422	18.8871983364394	16.6616494681649	15.9201224555592	15.444211601762	17.7891016636591	17.7519368239074	11.9330812869099	12.2864013852714	18.0017058636119	18.047340468889	13.6883497179171	18.2744990902624	20.8143305681446	18.9775606704339	17.9473766606711	21.0951590181255
18	30.0231121971058	26.0726484078622	24.4317048525067	20.4954005328025	17.0358401319101	13.7519011776554	11.240899252284	7.98789696979124	4.79908793418083	1.32830756980452	0	1.33202514991272	3.45188673047074	3.38131010112944	5.27598152005861	5.3278495661946	7.93064347956709	9.96499698946267	10.6566880877691	12.1709580148812	13.4285417674444	15.4207121106647	16.5836576785702	18.0224375154972	13.1854815232512	13.7482792014128	15.712791158798	15.9234142381588	20.8537451312708	20.8535012647757	24.2209564427171	22.1642574881271	27.5578789822439	26.5227930090328	31.1846901860512	33.6881129331994	30.3716905851485	28.3730856446739	23.6869813610768	23.3339180164841	19.6911673600119	17.710692617738	14.3802085520343	11.745056704844	8.50102634980036	7.34830300137385	6.49629332773698	3.49683471156416	5.19663400673936	6.29333464865805	9.14680567192722	9.86732202778444	8.11468643879725	11.8942193102364	13.0011770620971	10.2485750228995	13.546424952732	15.67030759111	13.0817342504731	12.0135955483777	16.5522749191765	19.4505615343105	16.3746363013045	18.6859345230577	14.8438903930203	12.350616907669	8.64330822081453	7.23099536716765	4.53991013126912	5.66629711540085	5.92997951092582	9.01139023680586	9.68395957240632	4.86941002586556	7.10546057620475	3.96878482661885	3.41322047339459	5.77064303175998	6.75276195345282	3.4613767492141	6.27202853947589	8.98655445652003	8.04536618184654	4.61844627553466	10.5063575990921	12.9757093447719	11.5763450190464	11.6264418030625	15.8958336994321	17.6872715250261	17.4290487692243	17.8016675061636	19.5047082777467	21.7625734461713	21.5333380134154	15.4151727204076	16.2650780815833	14.6247181169416	11.5907256459637	10.0303516887495	9.37166441994164	10.8923151349931	8.87639572123731	8.11347705980611	13.7818389919488	15.330859434487	13.2764498643274	17.874368156665	17.8594404727584	13.6929796246106	14.3878674236316	12.4135997599407	10.1649705361108	14.7810885255451	16.6048313752353	18.2623555435765	15.6808662388275	13.7963237494631	16.6775409758154	18.7478930549542	13.6946588858577	16.6418511290061	19.3127514870357	20.5259829971673	17.3428692839449	19.3778603824055	13.9333252671428	15.3989212933894	13.3524174964686	14.1946866115459	15.2770031747067	12.1523583719375	14.576731115034	12.6433913962987	14.9104049576127	17.5509100618743	18.2098921743101	16.9399495571858	17.1967360565893	15.6523175280851	18.9109323144048	19.8795940853932	13.9547489766029	14.5732330661388	20.6256727405435	20.6306464755712	16.6756491327924	21.3507101755422	23.819301690016	21.5621861136574	21.37532617295	24.4332097359311
19	32.163367283293	28.2137657536175	26.6207624796887	22.5348399151181	18.9134215307543	16.0866927924916	13.4753708297768	9.96304812795763	7.73572582244226	3.91226226114764	1.33202514991272	0	1.32672604557233	3.35779957710403	5.78162546348343	6.25315792220219	8.47194670663125	10.0961195020661	11.656046714045	12.9910469170117	13.3779509268049	15.9038916621059	17.4839419468265	18.672932629879	13.1849880546021	12.773599884136	15.398232528443	16.2565662425987	21.5585461708344	22.0640555202347	25.4855295805286	24.0576314087651	29.3968925228501	28.8553896871971	33.5850569747916	36.0103199652544	32.5431212393649	30.4777058191721	25.9253962554095	25.1517380910346	21.73831053693	19.4284182063286	15.7112468314899	13.183706914218	9.09664630509508	7.11302474338449	5.83514395709309	4.14007004771658	3.51708629407923	6.48303208383238	8.68109635933158	7.28683099845193	9.9719038302623	12.7368340257695	12.602313319387	12.0258478703167	15.3685853610539	17.0489498796847	13.1075314228118	14.5594391718912	18.7823048638872	21.8747719759544	18.9551215506522	21.5670596280531	17.6182338218109	15.3996267811918	11.5439306130971	10.7343337473734	7.50502691534148	8.51072640848006	6.86114494818467	10.4552961220618	9.69133164224607	6.42480575581861	10.3639038011745	8.46317895356112	6.33651773452896	9.46293263211781	11.0926891689977	7.31837727915144	9.57916337682994	12.3672021896628	11.9833047194837	7.78878456500114	14.0605520873115	16.5142451840827	14.0935375615918	15.0027314179785	19.3081514910154	20.9682205968938	20.2332507027418	20.8832176400094	22.4678707491386	25.0773258741836	24.8381397250277	18.589441815181	19.4697950168973	18.1981466364023	14.8470684648519	13.4320227069492	11.9012004016402	12.8982577893295	9.50423595035393	6.94109256529546	14.2338213070138	15.2980684728498	12.2209159231213	17.6433524592125	17.6300871523654	13.8939150709942	15.1455775063218	13.4782262928028	12.6856740065319	17.2869695724844	19.1983411262536	21.2700746825205	19.0350656683921	17.0840968739937	20.0813855597665	22.3434149807052	17.1746775515583	20.0210292942196	22.7399207342506	24.0826138739133	20.8396838267763	22.9841531059989	17.4937970149422	18.6594553511082	16.2061633337444	16.3793196745164	17.0503964470038	13.6488896984333	15.267280635398	12.9776067901597	14.9139613785205	17.6088175639365	18.6372302931525	18.1001342260216	18.8887779117655	16.7167422663628	20.3596274278288	21.885856163285	16.5100236825996	16.3250630932931	22.8360807714459	23.3432410131927	19.640079149535	23.9824322786493	26.5232847513275	24.8751688637484	24.228847888416	27.565699646481
20	32.4670578586973	28.557486951761	27.3737302719231	23.202780652327	20.5705803515603	16.6041726683385	14.7448501179225	11.4463053427733	9.44845542932812	6.24170409423581	3.45188673047074	1.32672604557233	0	1.33162269430947	3.37635928183006	5.62370714031234	7.52115456562355	7.57205216569458	9.63229744142071	11.7271670065707	12.3150006090134	13.713615788697	15.4596348598536	17.474719969144	13.0631535625974	13.9305292433561	16.0568118255151	15.7669562376509	21.4844964102024	21.4731738222369	24.8770420669339	22.7719656156424	28.063024391537	27.5928317684141	32.2498507748486	34.8153428677645	31.6456569374061	30.0814454938588	25.7968923709814	25.2750360830603	21.7133271057201	20.045865558763	15.7646029762884	14.1992094850382	9.6452370110848	9.1402939777668	9.15308778500458	7.45328927387097	7.9506755687803	10.2283795393014	12.8066536222387	11.8003550370317	13.5810307782583	16.4243674459627	16.7964389082924	15.0122425706488	18.333762352556	20.0041019043595	16.1331523887925	17.2550902344786	21.1541838415005	24.0712082164564	20.7145543760903	22.9467918454846	18.9447533897911	16.3081444070133	12.4927148770794	11.0413190335213	7.17046539633237	6.84466193467581	4.06634455008426	7.92248881349794	6.94674276189928	6.88929611789187	10.3610450245137	9.92558980615258	6.74207223337158	9.91096508923324	12.3761390182884	10.1567098018994	11.4557090134134	14.1569533798766	14.8947137602574	10.670342215693	16.4976888987518	19.1083640325382	17.4047674216003	17.2391266600138	21.8927233573167	23.7793540913121	23.2778752037208	23.4850059612511	24.5618627550925	27.0993737381512	26.4466944815415	20.5059109770817	20.354521094833	18.8547675138146	14.8698456279815	13.5649015108846	10.1820727752261	10.0580617417075	5.98714264069264	2.70146885971317	10.305913787724	10.9502450657508	8.26570432570631	13.9355902637814	14.7717591030994	11.2727960595409	12.532768489045	12.1103944609579	11.7056678152082	15.6984414831537	17.1547210411595	19.4990125134582	18.2809843006333	15.7549797207105	18.7573362181308	21.3392542278309	18.3207547879447	19.6566197755362	22.5769706559583	24.4788775477962	22.0174512830164	23.6089815324592	17.967750137399	17.9767043976364	14.2392277880509	13.934013240987	13.9111323406831	10.7060892019448	11.4443999405823	9.68984798642373	11.0704097485143	13.6063494001881	14.9168556002932	14.6939504218573	16.2497826139306	13.7303625589421	17.811057492468	19.4809555720452	14.9298182507357	15.0551509789839	21.2393312041599	21.8526370491069	19.3426511368013	23.3882720396356	25.754184223151	24.2340230873869	24.8217011705483	28.3913075077567
21	30.035374444145	26.154936761537	25.1390085126681	21.1368927233877	18.9688426900536	13.930545538492	12.3862380487378	9.61962093847777	6.51898604078886	5.10177420119707	3.38131010112944	3.35779957710403	1.33162269430947	0	1.33001879685965	3.82314896387781	6.48150021214225	6.81844703726589	7.17536096652984	9.52754008125917	11.2752505515399	11.4038556637657	12.9386368679239	15.2425030424796	13.0376740256842	14.576791793807	16.2369980291925	14.8238434287468	20.2708391784849	19.1918721077439	22.5698408501256	19.7288156005372	24.9900088235279	24.2160595886284	28.79728136474	31.4632675035509	28.5646311721331	27.329931101267	23.1362191595775	23.0358081690224	19.1252162863587	18.4372922632365	14.1802883609608	13.2083071587543	9.64761385006676	9.88182179560024	10.4280900456411	8.54629797046651	9.61773933936661	11.7742543712967	14.5224602254577	13.8291185908575	13.058007696429	16.9224147804029	17.5090348391909	14.5061519018656	17.7319173808136	19.6356303947696	16.323623801105	15.6772100515366	19.7906764411932	22.1703862167532	18.5286755867763	19.9491181759997	16.1658326417169	13.0216791927923	9.29854827378984	7.40772468440884	4.03273864761901	3.99018758957521	3.91635723600389	6.21488559830348	7.46424738336023	6.96896470072851	9.7727514037757	8.45025786588788	4.9156799122807	7.51580800712738	9.94321024619313	8.1967611896407	7.99810027444017	10.8993844780336	12.7794186487492	8.78266218182164	13.0602024869448	15.8757713513391	15.9635462538873	14.1996759117946	18.8031172947466	20.9358360950787	21.2663773125561	20.9454732340905	21.9487199171159	23.5342139448081	23.0050819602974	17.4965882674309	16.9560529015452	15.2657127249271	11.2927341242057	9.89253486220797	6.84156334473343	6.67483977335786	2.8194710496829	3.33928225821059	7.82961921168584	9.13378503140948	8.25802167592214	13.1738998781682	14.9188549493585	11.7939060959463	11.9157374929125	12.0788051561402	10.2592811151659	14.1004408796321	14.861468568079	17.0925505118458	15.7484102372271	12.94033160317	15.8306595566957	18.2946873435979	14.8266299947088	16.1030687758576	19.0391863534133	20.9329826111809	18.4987654182651	19.9000795475797	14.2581319954614	14.4401896109435	11.0971076411829	10.2909304244077	10.35032854551	6.99931639519175	8.48076399860296	7.36188617135582	9.12495336974387	11.5544662360492	12.373479745003	11.317817148196	12.5929706185634	10.5461645160693	14.4342253342533	15.9077971447966	11.3206803682464	12.2150773227188	17.7839571243298	18.1523400419891	16.2308305086339	20.2179774952887	22.4190489093539	20.6494631891485	21.7442177601311	25.0787062465351
22	26.1852196095431	22.5956137557713	22.1558581418098	18.1165368931261	16.8239021632914	11.5644575315922	11.4052169641792	7.30412417747672	7.93295109023118	7.23336954676035	5.27598152005861	5.78162546348343	3.37635928183006	1.33001879685965	0	1.32795820717371	3.39002802348299	3.46381494886779	3.04618482695978	5.0316009380713	6.81600726232007	7.65241589303666	8.79118814495515	10.7972725259669	9.58495174740071	11.6526576367797	12.8976125310074	10.6936582141005	16.1800691284061	14.8306909818794	18.2977100206556	16.1519369117143	21.3408181661341	21.2371106556424	25.8630813516101	28.3388748718082	25.1180150688704	23.6887418196915	19.6851526283136	19.2380671066508	15.5023430809668	15.3822748317666	10.6270542484736	11.4568465556627	7.83671991333109	9.72703911784054	11.3645858261531	9.89036915387894	11.3343021399643	13.9169790903055	16.5968242142887	15.2956419937183	15.5206236343776	18.8674972638132	18.7691493946849	16.0680879074021	19.0596271212214	19.7832803397212	15.8469028204252	16.8860674521927	19.9781509154376	21.4660131370499	17.8840235405795	18.8138620437166	15.1568119998897	12.5135224457384	8.18094163284398	8.92138705583386	4.44268758748576	5.95588498881568	5.78712130510498	8.38769324665608	9.19645920993509	9.21467015144872	12.2526451429885	11.5548959752998	7.96035263038014	10.6437766323801	13.176097183916	11.3890767404562	10.9471594032425	13.9702674634382	15.8873581819005	11.2922279466897	15.5405981223375	18.6318364902658	18.4458902197752	15.7524281937738	21.0181296503756	23.3830586108832	22.7780665992529	22.2171418728873	22.0784498776522	24.2228750770836	22.6450384190445	17.9015173099936	16.3650709439342	15.4309531785953	11.7119249058385	11.2653634650641	7.79497543293114	8.55835603372517	3.32741776757894	4.43235975525453	9.48669937333317	9.79862464838816	9.82909136187064	15.033660698579	16.8084380594986	13.535479230526	14.0327808006824	14.1499771377907	12.5966456646204	16.2163123428232	17.0024372664627	19.1560240655518	18.1015194389863	14.9699806613102	17.7673140626263	20.4050269786639	17.5026952781564	18.0352976964618	21.0994727422275	23.2227302873715	21.0715007059298	21.1895649082278	16.1177602041971	14.9270967371422	12.8823215687236	10.9810583278662	11.0069405376789	6.90084755664114	7.82904042651461	5.16617121280354	8.10048461513261	10.7669313641353	10.8632953563824	10.3660198726416	10.8495826647849	8.10688269311947	11.6294268990351	13.5041657646817	9.77795714860727	8.54905006418842	14.9668370071969	16.4147844944733	14.0946783219767	17.5890068792982	19.9539833366674	19.815145343903	19.723865417306	23.7232884314127
