10	11	12	13	14	15	16	17	18	19	20	21	22	23	24	25	26	27	28	29	36	37	38	39	40	41	42	43	44	45	46	47	48	49	50	51	52	53	54	55	56	57	58	59	60	61	62	63	64	65	66	67	68	69	70	71	72	73	74	75	76	77	78	79	80	81	82	83	84	85	86	87	88	89	90	91	92	93	94	95	96	97	98	99	100	101	102	103	104	105	106	107	108	109	110	111	112	113	114	115	116	117	118	119	120	121	122	123	124	125	126	127	128	129	130	131	132	133	134	135	136	137	138	139	140	141	142	143	144	145	146	147	148	149	150	151	152	153	154	155	156	157	158	159	160	161	162	163	164	165	166	167	168	169	170	171	172	173	174	175	176	177	178	179	180	181	182	183	184	185	186	187	188	189	190	191	192
10	0	1.33763373163209	4.43899921153406	7.7524430987915	10.8530874409082	13.7060607032072	16.5328899470117	19.3991712194104	18.5236474539978	14.3412121523949	15.6733164646159	12.5585684295623	10.2873901938247	7.03900248614816	3.94459452922604	3.213585380848	2.82464935877004	5.07466392975929	5.44537133720006	7.23014086999693	12.3789803699659	11.7118041735678	16.1628293005897	16.8366876789943	10.6250679527239	17.9128189294706	20.5769065459315	19.6544201135521	17.7772621626616	22.9376296072633	24.7741835183321	22.8696664383196	25.9706663179827	28.5758380804483	27.9095455713632	22.7011078364031	26.6954690162956	27.3732044342638	25.5403907566035	25.6941250288855	22.3283343982483	21.8076793125724	16.350996636291	20.0459060159425	15.9520911795288	12.980085092171	11.0457452442106	8.13863170317959	10.8970665318699	10.9056841601066	13.652578547659	15.571188843502	10.6810876786964	14.2052076014397	17.4990080290284	17.2925234133136	16.9665264270563	18.5840949470239	22.1399116981076	22.3967359005727	24.95051947355	22.9841107289362	19.9909136609611	20.5764927526535	15.8929357262905	17.988168583822	14.6319093764279	17.8472886736333	13.7060995545779	15.0166556529741	11.5995346458382	10.7625811495198	13.3662795496728	12.4521404585718	7.42425013048456	10.7179213469777	13.1395403648682	11.4969274591084	7.43263540071757	12.8259354044841	14.8079846366749	11.7625241338753	12.8132388177229	16.8986708057172	17.576197000489	20.6372446319755	21.1531520819002	19.0083830979913	19.2817935369094	16.2617202042096	19.6796619381533	18.9797525010207	20.9655975827068	22.5606507663232	23.1999287498906	25.8730447763691	27.678978196458	25.5144430274306	26.5813564176097	30.6396241001746	29.318843786889	33.2507251048755	32.2107278713164	29.705047197404	30.5153448284629	26.258357222035	28.1820058015749	23.7778875007853	23.4395360662279	19.6765641817874	21.2510545855965	16.0283015943674	18.6988283590176	17.1422953830577	19.7422333842957	22.9137139940255	25.8140530912912	27.2079546824086	22.1199422467601	24.9114046573051	28.5666509412637	29.2572802051045	25.459928436663	28.6931982183932	31.5599101551319	29.9987715748495	27.2024298363216	32.5676886192435	34.9486064529045	33.7049799584572	33.2445937108577	28.4216583084098	29.8965531290816	32.5822632424453	35.6878707406312	32.96909289016	30.8026813280922	27.0307950493507	26.0891668897265	19.2254447542833	23.5023950694392	17.5129068118345	22.8695507826455	20.6529601268196	25.9772467363268	27.4900762821786	25.8846844485306	29.9515509615112	31.9021228447262	29.5562268566202	32.6961959255201	32.1078994641506	34.4778129381781	38.9215792845049	37.2154981022692	30.1476518654438	33.4930735824588	30.8480069048229	31.6212712742546	28.6535047420032	28.0375008515381	23.2108736802388	25.6093185579	22.2652947207083	23.370198908011	20.2484882892526	20.4641258059073	23.8649443326399	18.9382386192592	25.0601094371114	25.9629091782874	29.0304285190557	32.0570037745264	33.6840545213904	36.9177484416371	38.6952957476745	40.5906643577067
11	1.33763373163209	0	1.3352385554649	4.24510282560976	7.50836673318505	9.92613907821163	13.0729065628115	16.128485235756	16.0873566194077	11.7106036565157	12.31768752648	8.33630697611358	7.56846781059416	3.18789852410644	3.33897379444643	4.63297841566308	4.04595823013535	6.59769982645467	8.18997612939134	9.15284704340677	8.86007731343243	7.74191694607996	12.2367589663276	13.2196696252213	6.75958238355004	13.9973346391376	16.6606684739839	16.3673955472457	14.4476062031051	19.1091750214393	21.2306553360936	19.6442660845347	22.4391843880298	25.1028258369451	24.85647297989	19.7634497241752	23.7415631751576	24.7949590239629	23.3078288993205	23.6042631954484	20.1451675843116	20.0244528015125	14.4653463836854	18.9234339378454	14.6626670493468	11.734105675338	10.6281826292175	7.0042640584147	9.6401864608523	8.04463436086439	11.0384820514417	13.3032446418158	9.23102973670868	10.7761700988802	14.6939479378416	15.7401375470483	14.2215946714846	14.9412277273322	19.4740348669709	20.0340840319691	22.9727186680201	21.3043251477253	18.3653913925078	19.5255676998135	14.9292927494909	17.4704769826127	14.6841920785585	18.5272763513691	15.2151970082546	16.4883200781644	13.1636733475121	12.013927292938	14.5304287961505	14.1252944040115	9.15111151718741	11.4552338256362	14.0319568485653	12.7871930461693	7.98564818909523	12.9760793385367	15.0545554899505	10.7523690877871	11.5913635522315	16.2439832861278	16.6552174708108	20.0532889571761	19.8517719863996	18.1270064820422	18.8638801416888	16.4106960242398	19.9598770036291	20.0461524737292	21.2590473446013	22.9868029529989	22.8402929490845	25.6672537292169	27.7377266191734	24.9546183901898	25.4239020805226	30.0509938105215	29.0381836380997	32.5435716540149	31.199427334488	28.5536235353764	28.7497168333881	24.600447231707	25.6081381986274	21.0113793216914	21.0218084379056	17.2550093885805	19.1279069686153	13.9187990861281	17.706501235422	17.2068331194325	19.4774820497928	22.2952692964225	25.2500503167816	26.8962678823661	21.9398298306983	23.1449166341121	27.2577398549476	28.4502374506787	24.15438082419	26.6879763938745	29.9653522755866	29.2254593804785	25.2811595461917	30.7252478753223	33.2726940297897	32.6612515681809	31.7092047519328	27.4419274286629	27.7204834734173	30.3676321928464	33.2985807655522	30.1001241359567	28.0219551780385	24.3083022854333	23.2864892587955	16.0645431618829	20.7769276362026	15.1300567414666	20.5746100084546	19.1843946477339	23.9081296633593	26.3109271026317	24.5235376118536	27.8126842465807	29.5800039384717	27.2590361898582	30.712741069465	29.6574923417338	32.2206149072298	36.4773220645376	34.4811141641334	27.6956560853864	30.4017635508205	27.6653756706827	28.163539443756	25.075665913391	24.4809693639774	19.3779473113124	22.3167814211638	19.4202827219379	20.8111371385612	18.9031437068018	18.2236201946814	21.0646489645567	15.9342862406824	21.8689081117462	22.7887726303985	25.970324545527	29.015435443915	30.841446561405	34.171085745115	36.1156184219515	38.1679595996433
12	4.43899921153406	1.3352385554649	0	1.33363563239739	4.05762011528926	7.0965414815951	9.62047140217152	12.3476077845063	12.2005377340509	7.83145031268155	9.07492705204841	6.90471802465532	3.93432446552137	3.27958442489289	2.76409225605803	4.99795738277149	3.34145761607117	7.57956694013583	10.5527454721508	9.39897473132043	7.17459643464356	6.92575851441559	11.3029161723867	11.1581086658985	4.33423914891645	11.5948547209527	14.374641595532	12.8685261005292	10.2570625424631	15.7473823221512	18.0252270720787	15.4111112188576	18.3043373275298	20.8241832012687	20.0660431575336	14.8886730436262	18.9231060875322	19.9173139002226	18.3764783895065	18.7637455482641	15.3276596060847	15.7554923439415	10.5403383721776	15.4138230494579	11.292529610322	8.14521878159206	7.38396296036214	3.88595239291477	5.53840022028022	4.45881878976933	6.84325514649279	8.65670341411787	5.17387804262915	6.66603097802583	9.76195564423441	11.1601650525429	9.81486673368518	11.2975020690416	14.8022666507532	15.1049912611693	18.098868169032	16.5598027162162	13.7026144585623	15.3416830888922	10.8849035824852	13.8898576306599	11.5667731022961	15.4516051593354	13.9042122394618	14.9116610409438	12.1690085052152	9.4205981232616	12.0950271186137	12.4600636434972	8.41471532495307	8.22330675580086	11.6165852555732	11.278352760931	6.24467917510579	10.3230804026705	12.8803852815046	9.95924229045563	8.11399402267465	13.711300339501	12.8186161889652	16.3491793677848	15.5354998954009	13.9569355519039	15.1237447743606	13.285738067567	16.6174640062797	17.3772060182297	17.9533666202192	19.8522938473115	19.5366665785133	22.4413693655267	24.4548612140817	21.2386431534597	21.9252054494365	26.4890508323722	25.3826711163345	28.6348955297553	27.1263757254816	24.1886292914667	24.0594638759886	20.0083879910402	20.9606660438069	16.5148953372403	17.070130315847	12.7651941622523	15.7858324139084	10.8672380115649	14.9138673052968	14.6227387995546	16.9369214735146	19.7222920828184	22.6394835850997	24.0055582313763	19.0827594702653	20.0059806557939	24.1176129830462	25.1373763348525	20.7296857911547	23.3337641626892	26.5486245783091	25.8803727562027	21.7562955946089	27.1559503608325	29.718548231702	28.9203594721781	27.371653165273	23.4194294763984	23.6596214889419	25.8303180777938	28.705420951451	25.6962698460302	23.7969237717819	20.1791472812902	19.7878436167259	13.2169113260247	17.7239271043412	12.3614213988522	17.8960373546772	17.0916130309576	21.8522157686583	24.3499480697598	22.1336796985951	25.2165558512657	26.8491761698567	24.2463033471084	27.5066432339535	26.4371883905986	28.8348882258975	33.1252952741557	30.8257478254786	24.3000118106967	27.161212307259	24.8018068898216	24.5848634936214	22.1976798337124	22.1749329424014	18.0136895165871	20.6822966568029	18.0034818021404	19.690615480477	17.5605397411355	16.3711472108707	18.515478335706	14.0605966089636	19.0885956529023	19.1624919830381	22.7027486001145	25.4406816929107	26.9478023408218	30.2024070232821	31.9030188383482	34.0899328981446
13	7.7524430987915	4.24510282560976	1.33363563239739	0	1.33431068346169	3.54933050024931	6.28015350130871	9.58322357038591	10.5071121151342	6.28468026235225	6.2991362900004	4.37182433315887	3.80331486995226	3.89588462354829	5.16189151377671	7.62485435926484	7.39783387215474	11.293086956187	14.0116800919804	13.6400340542097	7.00840987671241	2.56961358962782	7.70934154127316	10.0717463728988	2.54559914362022	7.9861273468434	11.6356185482337	12.214056410546	9.19154296078738	12.5486245859855	15.6862834667744	14.4806725327244	16.1726852130374	18.6809800064129	18.8708104224487	14.0869702207394	17.6728250712782	19.2174883634673	18.6072473515026	19.4537469141551	15.9086975582541	17.3857531904718	12.6002559100996	17.6910573171871	14.7843868320604	11.9186164885023	11.8068601668691	8.31796062746152	8.18285017582505	6.33117753660407	8.21919126191866	10.1646420497723	7.62735275177437	4.26203202709693	9.54596983024774	11.3450950635065	8.48554494419775	8.21597328379298	13.7937941118461	15.1545039179777	18.1716326454174	17.5682293643953	15.2483070863621	17.5751147364676	13.6136975139012	17.6849013850799	15.9503649488029	19.879502659775	18.5238968362491	19.2251133936838	16.3779661130435	14.0049524454744	16.3944284743324	16.1653408872192	11.9300606871885	11.5491042942732	14.8830221057418	13.7281278403138	9.13163353403979	12.7765397897866	14.9629004207072	11.8417898140442	9.09625038133846	14.630538643536	13.9626941884437	17.573585234664	16.3737260573151	16.0189457206147	17.9639370406378	16.5695253402142	20.3171485450099	21.8110553848272	22.2059308519143	24.1402365564217	22.9577502599885	26.1230953946886	28.3116601597292	23.957583705374	24.4628508150624	29.4983684633574	28.3402380547518	30.8851832761277	29.114801081237	25.9332892244698	25.091192040236	21.363772466491	21.0812282611806	16.5062459087462	17.861936653118	13.1176282154969	17.4552297607336	13.7717079187732	18.5437749393159	19.0110045236963	21.2606179119987	23.5927369756033	26.407211098486	27.8821366648971	23.3131076864497	22.384502071746	26.8495682088186	27.9200935528519	23.2146294822898	25.0320149208968	28.571986385269	28.5608809037817	23.1839812586191	28.4703599906991	31.1806826576969	30.7378512912012	28.7925509290163	24.8772580080683	24.551135594917	26.3754419299469	28.9937125253045	25.2906854395052	23.6713826169913	20.2845827908784	19.8895675418044	13.6572618046225	18.7253034421341	13.9383016899477	19.7547451008612	20.1273570296748	23.7127367252285	26.4440927619005	25.0070603230368	26.8774062364656	27.7328553524515	25.6592484106608	29.1759405503919	27.411366894046	29.8854427104569	33.7655459011105	30.7853800528757	25.0393484140462	26.5733368623513	24.447184132329	23.2254068425076	20.6070505895434	21.0301367090183	14.4147842509002	19.7768995042196	16.8040164544076	19.1693625611286	20.490067667043	17.9994783257738	19.4795834401047	14.7570776239742	18.9456094122095	18.5153045073528	22.2598866573934	24.9447004592158	26.7425070066365	30.0988287147523	31.9906492119182	34.425029542471
14	10.8530874409082	7.50836673318505	4.05762011528926	1.33431068346169	0	1.32523243244346	3.28127490466739	5.52338175396197	6.19822143844506	3.55148673093396	3.49614358972855	2.65940388057173	3.13381779942612	5.23547371304641	4.05112465865962	9.23882649474488	9.22948812231751	13.6419769095245	16.8705363874419	16.6011696575874	9.16797033154013	6.7843020274749	10.4131709387679	11.2746326325961	4.02833042338883	9.16038841971234	11.8457604652466	12.6616972795909	8.6603864809834	11.5723303184795	14.9724323675213	13.2119258626439	13.7643359810781	16.0597721029908	15.7319872234883	10.8200624767143	13.6035996706754	14.9691989431633	15.0378021665402	16.5457399955396	13.239281249373	15.6578657549489	11.6872311092063	16.7589785189909	14.7836450850255	11.5486538176534	12.1360047791685	8.3067588745551	6.69318078345416	5.91969534689075	8.02647301122978	7.37057426527947	4.19297615065958	3.63875335795105	6.85469868046729	7.1554091427395	3.54501636103418	6.39820076271447	9.10866741076871	10.9169241547242	14.0167364603891	13.6254010216213	11.5546073927243	14.5340022705379	10.2193499304016	15.7556984611917	15.9456002709211	19.4090736770202	18.3831021049223	18.7016115348384	16.5541529834661	13.8915488337334	14.481325837091	14.4242322845966	11.0672620823761	9.06307149922144	11.9389347095962	10.6753913745586	7.35787102360459	8.35077966419903	10.4451561022323	8.70656522401343	4.037791475547	9.58627904872375	8.56641080032939	12.1600386923727	11.0831911469576	11.2387054859534	13.981058686666	13.0445619704151	17.1886450309499	19.6157933308852	21.0126744133154	23.2381266241494	22.3283106615794	25.4151665349649	26.9043162522299	21.5731166501273	22.9215007798355	27.9147458344152	25.6518898718983	28.0177425393268	26.3022469572468	22.67188867298	22.1447859551634	18.5018455565925	18.9237892875608	14.7431860193108	17.1986216598889	12.0184643777814	17.5799034127039	15.3592152468803	19.4995436100438	20.2926384188947	22.732952953807	25.169852721063	27.8743122605743	28.5578917113992	23.957470776357	23.3553447630302	27.5488124063452	27.864268983772	22.9368441595613	25.3271490894652	28.3881470688032	27.6348187075653	22.5708624779825	27.6275500542484	30.1763994870163	28.5908482385535	26.4502862366365	22.88228985482	23.4227562212477	23.8988309965153	26.710595013964	23.3416208091898	22.188297478626	19.0622562672943	19.8047519802698	15.0463699608909	19.5901849914696	15.6604192472616	21.4347669219891	22.2224605748328	25.7268094796071	28.5093238608004	26.9192836643177	28.4678512185237	28.9581918807097	26.8389834755342	29.8648178464226	28.0898537732043	29.9483227243196	33.5045508849171	30.0100684604351	25.0680935254359	26.4101240057672	25.2661448978668	22.3928240514679	20.6574058632733	21.8165252045325	16.7087175151177	21.9431106272561	19.4737160552371	22.1940950029507	22.6926355014132	20.0154137853805	21.0861727679539	16.6281001019359	19.7512097097874	18.1542062619108	22.2675826707795	23.9134599127772	25.6933316835322	28.6058480209904	30.3227632151161	32.9531403207646
15	13.7060607032072	9.92613907821163	7.0965414815951	3.54933050024931	1.32523243244346	0	1.33689490985642	4.74463844776396	7.71365393312404	5.51530189563545	3.67846013978675	4.70452835043004	5.93498930074857	8.09961536123784	9.17904619227946	12.6003378129318	12.3098241254699	16.7573269348068	19.7907578935219	18.5523990092926	6.0132808016922	3.8114652038291	5.87600340367498	6.53701506805667	4.20658460036168	3.79958431936969	6.31802532441902	7.86093028845823	6.26469193177127	6.95388265647329	10.4232761644312	11.3807342908971	11.3274423414997	14.1587594442451	15.5509154392917	11.5148828044405	13.812733328346	16.4016812248013	16.6092539868593	18.4478639142856	14.7347113307319	17.2151105137318	13.6162482718258	18.3706294121894	16.4081839945803	14.0013109386229	15.0004496599269	11.6237894853615	9.58370147698685	7.29794546430706	9.00254075247649	10.3064602555873	7.53772863666503	2.97178969646239	8.48729420958175	10.0627515620729	6.35925545956443	3.83271366005863	10.8736492954298	13.0297798523229	16.4800541868041	16.731261877097	15.0206108397761	18.0824077213185	14.5069554007724	19.1256040427486	18.7007845022609	22.5315124436865	22.136095161523	23.0510172009827	20.7072689894153	17.8224127996184	19.3366395736177	19.605472322798	16.1277660573311	13.6273714633454	17.4522151602597	16.431400214224	12.9280379795234	13.8407088330042	16.4389855526428	13.9305745035874	10.0313621208687	15.281771036107	14.0635059640191	17.5637394936272	15.6697396915201	16.143927681949	18.7365372734665	18.0370033264952	21.6434647411176	23.9609642961213	24.2299682624637	26.1135622234884	24.1252264030827	27.3925970473776	29.7379211277453	24.7495621375409	24.8937920373735	30.2541425262723	29.1603441337718	31.1731501295586	29.0171445183705	25.4900038446447	24.1755355266435	20.9681158428696	19.0084487005121	14.6034529136092	16.5564876408011	11.8394954284378	16.8277131839118	14.306980603887	18.9928472325768	20.5994759399359	22.5442565856584	23.8601618393505	26.5684258284152	28.4739920629335	24.5960464505985	21.5734861809583	26.2415808593918	27.8031709882164	23.2784598072982	23.6798328963699	27.7384701993459	28.2234995881092	22.4740553972798	27.4472124085489	30.2977540091671	30.4753846899428	28.1105815130175	24.049512801718	23.1697097521743	24.5405676788456	26.5653852033054	22.2150149448521	20.9365676747646	17.1867868724785	17.5226771356434	11.6880787557237	16.5905936602642	12.9508923630768	18.22481618563	19.7008760718908	21.2546430456971	24.6041187812122	24.0797296288808	24.6471675248902	24.454424732551	23.5176316834838	27.3874501551349	25.0606552587916	27.8714221560365	30.7122780822263	27.7415030594955	23.0074822177482	22.9044931181635	20.7319350037569	18.7622951154703	15.926816442717	16.5732163746208	11.1445442257636	16.7887049232512	14.4963576804658	17.5157544513504	19.3571323805981	16.3395094479608	16.8562298868994	12.6308378581945	15.8898662675304	14.9945864231062	18.9701410379575	21.4807170271386	23.6561195042636	26.6213352407425	29.2494889869892	31.9120842628619
16	16.5328899470117	13.0729065628115	9.62047140217152	6.28015350130871	3.28127490466739	1.33689490985642	0	1.32974132822892	4.0417162196275	4.20623097321105	3.64025782053964	5.1142406083406	7.12977909896232	9.8574557569385	10.0911787715807	14.8517778397066	14.7033195231553	19.2390697540188	22.382885448485	21.4487723891136	10.0001956480861	8.52769898624477	10.5362012604164	10.7834018287366	6.53641698486258	7.99508536539792	10.3087384776218	10.8002323123162	7.29854177216243	8.38374343595986	12.1060680652308	11.6535092139664	10.3401762073961	12.9439402424455	13.5502688534213	9.17620389921671	10.6450819630475	13.1330232619911	14.1562515871964	16.1314950949997	12.8522406217749	16.6813720658704	14.3395248875268	19.0241650013871	18.0871145846981	15.6194665721977	16.9543247874989	13.5202126462567	10.6120340180382	8.5650398131007	9.33794442048142	9.32102875223545	6.05811926260948	2.82463077233114	7.08099053805327	6.76458490966002	2.49588901996864	3.72703555121225	7.22094696006002	9.56488348073305	12.9703340743406	14.269398760985	13.3064697797725	16.64380863865	14.0543446307539	19.202913476866	20.312895928449	23.7585062872227	23.5790937272831	24.2859185125867	22.3330452245098	19.4271870068726	19.9421766615382	20.2724027436316	17.0295743340813	14.2342329965474	17.3653421503868	16.3453969361408	12.8736138671315	12.6755792372578	15.5301670950444	13.5753243055185	9.13983692414695	13.3502525069753	11.7857950092474	14.9071379211437	12.3822374795511	14.3142905168227	17.3028920126088	17.7261937538773	21.339684768056	24.1173578569461	24.9818431265589	26.8536494354119	25.1866808849439	28.374253012194	30.0321416652226	24.1462634376419	24.9049454526606	30.3094386124191	28.3813141697138	29.8213121274031	27.507621943745	23.8942380920589	22.1205630353298	19.2133682887723	18.0139212277616	13.6659324233658	17.5584815687462	12.1838573941096	18.7337535480747	17.1165415607242	21.5143569041698	23.0599435385259	25.3031179896866	27.0814769538148	29.6604380614987	30.9196881775997	26.8314474078459	24.3558329974567	28.8421032693526	29.7164188959572	24.8094052528472	26.0132697483419	29.5110994881587	28.8209597515419	23.5160542608661	28.1547516593558	30.79316112386	29.6825330623921	26.9372742867574	23.1919671653786	23.3381891328355	23.0417917272073	25.7819482778164	22.0183854539791	21.3464807638168	17.5204981949715	19.4885597466822	15.150172804295	19.3183422943067	16.4570825482526	21.8869041666472	23.5645242897029	25.6724664572768	28.8679669183682	27.8197817029537	28.4201236098649	28.0535854036521	26.6802153102257	30.066906375615	27.7102742498157	29.9576252396614	32.6269572746219	29.1250515192677	25.0378357890613	25.0674314001255	23.9008107812266	20.2202883757873	18.3023830688793	20.413060770007	15.6442604491232	21.1783475748227	19.1998356503383	22.2295002417958	23.9468458674624	20.494564450117	20.886108421628	16.7703072124514	18.8708351696474	16.7938229715571	21.2874003344702	22.0744583172498	24.7356281505039	27.0578796101986	29.3544722487051	32.1840724582828
17	19.3991712194104	16.128485235756	12.3476077845063	9.58322357038591	5.52338175396197	4.74463844776396	1.32974132822892	0	1.32164783509073	3.23385373818916	3.14742180204687	6.12987773124391	7.5474281712382	10.8547053391605	11.8886671246191	16.6651190814827	17.1532323193036	21.6384766099649	25.0760457209665	24.4028845221216	13.3455476095962	11.7195185907954	13.8338125981235	13.3749176446063	9.6989651509839	10.3336988537503	12.388115070502	11.847438921556	8.21948057969602	9.47026351270122	12.8392451880942	11.5295469121731	10.106950529215	12.3856122174077	12.7393548109785	8.50455131091582	8.93790193501808	11.6323243593015	13.1345817215471	15.6168484016462	13.0166466879915	17.3204546707065	15.9537683009376	20.4281467832988	19.9445978149473	17.5579715514065	19.0939516339599	15.7088931182308	12.6189232900434	10.5652070968817	10.7874199417655	10.5935520482981	7.67040735554508	4.93604224049997	7.45932637709331	6.77148912721567	3.33333631666533	4.01252950144918	4.78853484899087	8.66563546429228	12.0721452111876	13.8061517085682	13.9741964348581	17.3218819416367	15.5218092051152	20.6980874478779	22.2803622950795	25.6792437193933	25.68475333734	26.2813977368024	24.438711013472	21.5892485742325	21.6909736757021	21.808627283715	18.720008573716	16.230645674156	18.297622277225	17.2342113831762	13.7889577923787	13.6792944993519	15.7333432238669	13.4893679985387	9.68016001933852	12.9924536173888	11.8263386134509	14.4482092315968	11.8633136180411	14.9875536362677	18.0504457008684	19.1719165447798	22.6880733866937	25.661471703704	26.7166857225967	28.5048044020653	26.6933811458946	29.8829395307758	31.3269924984828	25.1179630543561	25.9153535573027	31.358302521023	29.2238467693765	30.2271813604908	27.7358240007395	24.0266673927118	21.901616629829	19.4441821890251	17.525855014806	13.5174486128115	18.1188937024312	13.0632783021721	20.0270490087781	19.5839519249818	23.5619300779881	25.3754280752069	27.7375192474021	29.3501851612558	31.8882595950296	32.7465936396444	28.829581786769	26.0749881112149	30.3824199990718	30.8571415072751	26.0008808312334	27.0956733261973	30.3954781176411	29.6615846340009	24.4108703859572	28.7812750412486	31.3590797377729	30.0628718688019	27.0530222710883	23.4473680612558	23.7336954981731	22.5900453297465	25.3043790874228	21.6881530103418	21.3048462561925	17.4200641789863	20.1831283254108	17.225386062437	20.7067486824948	18.9737747957543	24.1521749331194	26.3636953593384	28.1983583919348	31.4423314339125	30.2396534371676	30.4034536196137	29.5568552792749	28.1972838940207	31.2286810640475	28.7039361238141	30.5497796718732	32.9522751566565	29.2591094020307	25.6962566339924	25.5776473898598	24.9962718420168	20.5236135463519	19.0446571247686	21.8418941715228	18.0210877862575	23.3695802700862	21.9964733764301	25.1712757920611	26.9623122339313	23.187429137358	23.1023003400094	19.2447903080288	20.1698189877847	17.3307888164388	21.8051775044369	21.9142029058782	24.7988791883827	26.7996681695875	29.0374497158411	31.969280911525
18	18.5236474539978	16.0873566194077	12.2005377340509	10.5071121151342	6.19822143844506	7.71365393312404	4.0417162196275	1.32164783509073	0	1.33831124929891	3.37173619964552	6.71469403621639	5.36608842640521	9.69036743369414	10.4361606446049	15.1914132983077	16.6415832179514	20.6373069221737	24.3119691098849	24.7682661888151	16.1006756379973	14.9432902668723	17.063220504934	16.4720741559768	11.6133138250889	13.7983837096959	15.8088646651175	14.6924495575108	10.6961100405708	12.9528893301842	15.7955381041609	13.3059899669284	12.1581803737237	14.2215130348356	13.282602079412	9.65340644539532	9.42764859336622	9.54766259353565	10.8174021835189	13.0720167151056	11.6257599321507	15.4316138170964	15.6572257121113	19.3861059782515	20.0627901848173	17.0731268372258	18.5153907331171	15.4018012258307	12.6737654625608	11.7879943162524	11.5064734388952	9.15219350756965	7.20235503151573	6.90987966610128	6.55669924580959	3.17075921507768	2.8989442905996	4.72295140775342	3.31175557672966	6.27309732110064	8.42477803861918	9.55139591892201	10.8187952656477	13.8700049387158	12.7647095540792	18.324855824808	20.6102119348637	23.9376645895125	23.6808739703584	23.7968514093777	22.5799989813994	19.6865553614643	18.8420991664942	19.0946735504957	16.6361390051899	14.1956653243164	14.8054923930277	14.4458663291614	11.1530482380379	9.98922169140319	11.567281141219	10.1403922507958	6.36310883138109	7.36970779610698	7.11734030379327	8.85853565777098	6.26545672716682	10.3661658292736	13.4064736974344	15.5982182956901	19.0964024098782	22.3006773663941	24.2660948650581	26.5094276249036	25.3637935057042	28.2164365042789	28.6790672442463	21.9631871321081	23.8241998186718	28.8904448563881	25.6896711734502	26.625611467157	24.4101215892097	20.3081279048562	18.9707051529457	16.62418328821	15.5068685749251	13.857044345747	17.7711918002142	13.7830083073326	20.8561692072154	21.4347703043443	24.8109950022163	26.3161743990269	29.0935991929496	31.1584897901038	33.4377701110585	33.0390922847466	29.1240976855936	27.5620148936902	31.2106897552746	30.4484992240997	25.5288742799208	27.7840328426238	30.0641515429922	28.1972710381696	23.3132331734575	27.6936329144444	29.930181172188	27.3843939498394	24.4412429512085	21.4280255273322	22.7635086267473	20.8586846421341	23.8643129379415	21.776698096819	21.326978829642	18.7667878444874	21.3207417553893	19.2993129670463	22.7874307459178	21.3420055992871	26.5718764297894	28.7624003170806	31.2061819035908	34.2220253491812	32.562695604019	32.9307796597651	32.1939135396739	30.3708013394444	32.4506800699153	30.2721883748103	31.0254985455512	33.8696615276858	29.8363598483461	26.1621785981214	27.6624580433482	27.55138967457	22.7532239034384	21.7752595851347	24.7884467040595	21.5511081385622	26.6316619646615	25.31866019362	28.4271624683154	29.9736813054386	25.916882316359	25.8497382191774	22.0676049674631	22.5487762195646	19.6145258928173	23.296746854443	23.2115094080501	25.4336432899418	27.3329720850112	28.4947445505307	31.2227225110175
19	14.3412121523949	11.7106036565157	7.83145031268155	6.28468026235225	3.55148673093396	5.51530189563545	4.20623097321105	3.23385373818916	1.33831124929891	0	1.32526752016338	3.16786442260397	2.77400811101914	5.62772014229563	6.67050282962237	11.5195434805378	12.7489107377846	16.4779278430269	20.4866889711344	20.7580918439051	13.5326012650931	11.1862151329214	14.8024148367758	15.4539259413264	8.48903828475287	13.2141016342391	15.7390484146914	14.9626824466738	10.5583440936541	14.1524384824665	17.3814332262906	14.3205970895071	14.5964886530974	16.5811672086135	14.9491924196593	10.5181755071875	12.2533491748175	12.1661465139953	11.7390567764195	13.4151131937081	11.2049553323518	14.0265872185646	12.4024926930033	16.6176360232134	16.4219907441211	13.3117638951418	14.0912286902172	11.0544805848127	8.61556179247761	8.87481858969523	8.85354352787628	6.30122765816313	3.92034870897985	6.11878991304653	6.22511718765197	3.67081707525723	2.8958288968791	5.96410135728762	6.29663743596532	7.71772414640482	9.42898212958323	9.77000225179094	8.97169866859114	12.0458592470608	9.18658271611376	15.1151559370057	16.618301297064	20.0342364965576	19.386231557474	19.4930656644869	18.0492680738029	15.189049674025	14.6570343862597	14.8522816428992	12.1864036942816	9.76649804177526	10.7381833193516	10.4633564404545	7.21196082906723	6.14945883797916	8.34582590280914	6.59816588151586	3.54289895424637	5.21255580305861	3.70380304551956	6.74715525240082	5.39094286743979	7.66940766943576	10.756969136332	11.9445213382538	15.9036189906574	18.8525758717476	20.7468628471873	23.2098203784519	22.3579892432213	25.2519090169437	25.995808969909	19.8240848716908	21.7404021351952	26.7088463622074	23.6502895331114	25.3605709320591	23.5595504626043	19.5012324995114	19.0581830193752	15.9029767653732	16.5692349551812	14.1376881419842	16.7741102297559	11.9310077529101	18.5066692303072	18.5259679639149	21.6204759198312	22.6259677583082	25.4506960612082	27.8253416870305	30.2527255301072	29.9539127494222	25.661435267732	25.0266319547797	28.7327090438754	28.0912791805571	23.0981946047738	25.8896082820888	28.2420797038745	26.5533640053384	21.6434191614911	26.4849766849057	28.7887464298118	26.424732316525	23.9809116799174	20.7679975442988	21.9749455744491	21.5166213658186	24.5743327478082	22.4978231391395	21.442679450106	18.820296092251	20.405768645165	17.5344768955336	21.1458234410486	19.5428838199484	24.7866351891498	26.5856509230073	30.0882497164591	32.8922667811144	30.2676461919324	31.4772434943087	31.5899384614785	28.5995684058344	30.7120188362797	28.8756289108999	29.8582569819472	33.4592969740848	29.7495524168012	24.8975490560818	27.4029208297218	27.3590461456535	23.7437308989131	23.0597805063275	25.6034850166926	20.8844146913434	26.243467796768	23.8549372038578	26.6022012059153	27.4540961060458	24.3963189026541	24.832515398163	20.9305938759511	21.7485578832253	19.3679255729673	22.8892314418811	24.046493819266	25.456721332489	28.150199803909	29.0057042838129	31.5121473244842
20	15.6733164646159	12.31768752648	9.07492705204841	6.2991362900004	3.49614358972855	3.67846013978675	3.64025782053964	3.14742180204687	3.37173619964552	1.32526752016338	0	1.32647728966613	3.22831101351775	6.736727469625	9.52065470437827	13.3470729000781	14.9534930367456	19.0155268662217	22.1287002781456	22.4092053852875	13.2272042775486	10.290910844041	13.3746946507201	14.5950590612029	8.90842404693445	9.98939707890321	13.5795984108515	14.6122127687767	11.1176883388589	10.776203459475	15.3561068959551	15.1879060110339	13.0438161210591	15.8029156170626	16.9935937635334	12.5938508804893	13.4461231959253	15.6863504040934	16.9067150564502	18.9986953499444	15.9412995706122	19.5831413465766	16.8314259942525	21.6912049227331	20.4522085848937	17.4527859380673	18.230231430237	14.426828099066	12.385229307526	10.9672462815421	12.2135125578189	11.6682222296286	8.03719938784649	6.4216666839692	10.1138683993811	8.75057438114779	4.03317901908656	7.48399345269623	8.06821820478351	12.1212118618561	15.3010903206275	16.4533603254776	15.5574805479551	18.8575973283979	15.6569834259349	21.2375063272504	21.946206460343	25.3846367710866	24.5227384686132	24.7790060535123	22.5468424840375	20.0081709808768	20.47822660779	20.1603167137821	16.8359596994053	15.1351166496991	17.0870323052308	15.4316441120187	12.1413381058267	13.3652809921827	14.4921296226607	11.7849361898994	7.70478202157595	12.1953850697713	11.9712138482278	15.0247205631253	13.4903869848126	15.5744672461051	18.6307892747463	18.7093566431345	22.7856108322775	25.4545490040582	26.8349656045988	28.9858256566895	27.6632485980949	30.7978898140766	32.2995065596984	26.5072093401022	27.6271398628233	32.8898873515857	30.6037134184726	32.3048701901122	30.1704541231981	26.3860027476691	24.9701844606723	21.9815610455673	21.2490097886937	17.154853715494	20.8996855717975	15.4981479538686	21.9970172068851	20.213520499903	24.5953599079176	25.8016787825909	28.1333154107368	30.2212779676836	32.880082572889	33.9096391163339	29.5638482271845	27.8215230532047	32.216179491057	32.7021526202787	27.7461653927169	29.4731730731525	32.7126369771683	31.8763090084156	26.6946223236067	31.4001102864305	33.9881241171089	32.5568328619354	29.8929379118212	26.270168442551	26.6549262426291	26.2431222799422	29.0694949044527	25.6267840549687	24.9008626557395	21.1023561006822	23.1076734657559	18.9154440603439	23.0646349418325	19.9952752919283	25.5910183853633	26.9284735735244	29.3504039835911	32.6015433683745	31.3803294119103	32.3013407461672	32.0550815628349	30.4960828468182	33.725192052826	31.466578635117	33.4978904708938	36.3733944662854	32.800123505865	28.5851700887016	28.866868534706	27.7797829725144	23.7879991802589	21.6680974014794	23.8135753720436	18.3401017718005	24.557122469866	22.3542447646974	25.3351752904929	27.2641674914163	24.1572080340423	24.8153294759509	20.54139011849	22.7959381469594	20.5914223403824	25.0813230312916	25.6333485132161	28.3787189633359	30.617097021109	32.8572383653891	35.6543578402416
21	12.5585684295623	8.33630697611358	6.90471802465532	4.37182433315887	2.65940388057173	4.70452835043004	5.1142406083406	6.12987773124391	6.71469403621639	3.16786442260397	1.32647728966613	0	1.33491048389021	3.57853419712597	6.98509191063368	10.5590501940279	13.1876070611768	16.5786464465589	19.3594327912777	20.3205301111954	12.6447069558768	9.22339606652561	13.2211181070286	14.6929547062529	8.4813363333852	11.7605910140605	14.6968328560952	15.8078235693596	12.4215542103233	13.4547410231487	17.5192365701248	17.1242727436817	16.0981562298296	18.7093850513586	19.3919508301769	14.7971897669794	16.3544411399473	18.6471472885265	19.5539991561829	21.4860509633576	18.0467111962263	21.3423685658364	17.5273078366302	22.5928426276996	20.5861096130376	17.5276531800467	17.7706313618847	13.8189095083512	12.8259590674538	11.2612010904699	13.2559181500189	13.3386315265098	9.77066430699571	7.41361301930442	11.7528495693598	11.4657804357139	6.80490117488858	8.89392320632464	11.3818067985711	14.9760765890136	18.2248838679428	19.1765692708576	17.6045785521835	20.8174204934233	16.9879680067982	22.2975347067787	21.8655819725888	25.5137349088682	23.9481399068905	24.0002448320845	21.238923913419	19.2763279957569	20.340914237074	19.4665463552218	15.0185838546782	15.43878703137	17.3072703220352	14.9340301660335	12.2388980713134	14.1326824063941	14.8856459718751	10.7720536574973	8.27964256474879	13.5636086643636	14.3006031341339	17.5812462868819	16.308957170831	17.7048545602612	20.624810641555	19.6960386626347	24.018294110948	26.202893389853	27.4667549229974	29.6426772407622	28.3314459567457	31.4971379652184	33.3663031964885	28.0069366050627	28.9406607733825	34.1506198040387	32.2243135846212	34.2664014305559	32.2414272792009	28.6185310943801	27.3249981701738	24.09088082657	23.5179749128193	19.0713364765032	22.0577823908026	16.7325688105563	22.6146630972031	20.0609983300931	24.6576472113622	25.5749874095766	27.8184752457787	30.0184249586816	32.7669520553865	34.011523752987	29.5187573078543	28.1473018600362	32.6021286728336	33.3587069443646	28.483216303641	30.1778457481643	33.6034572179709	33.1446602185028	27.8031465485473	32.7651702421947	35.4353290657784	34.3917429189042	31.9291875248964	28.1584561188997	28.2417004091468	28.5120113285612	31.2645833652073	27.534640455252	26.5633645835764	22.9704851276589	24.1080838309477	19.0981116605805	23.69433455491	19.916058771755	25.6213881161814	26.4846595975859	29.3033795149979	32.326664241768	31.2129048151562	32.4768146683138	32.583525361753	30.9825387597595	34.3866670964198	32.2535243655635	34.4766636001803	37.6859426975099	34.2595297691022	29.5538515594837	30.2010768185507	28.6918017036226	25.733870870897	23.5668027954578	24.9794705508343	19.3708930614982	25.063335392561	22.5019347168194	25.2372574975967	26.7306188854654	23.8863880274938	24.9108213032007	20.3645681761239	23.498220634763	22.0438616852855	26.1812832955148	27.6538136610486	29.9228920059542	32.5873712655685	34.7357169783495	37.4764262170234
22	10.2873901938247	7.56846781059416	3.93432446552137	3.80331486995226	3.13381779942612	5.93498930074857	7.12977909896232	7.5474281712382	5.36608842640521	2.77400811101914	3.22831101351775	1.33491048389021	0	1.33290359741431	4.27615469785647	7.90265139051445	9.82457907495278	13.6155231261968	16.7075878570187	17.4310385806469	12.1621435610669	9.27410373028036	13.8338900530545	15.0877130805169	7.23923766704755	13.4355056101362	16.2279328936251	16.5264707363672	12.9375720674321	15.846599824568	19.5040001025431	17.9502716971081	18.2452021090477	20.66995483788	20.792254591554	16.0101391936485	17.4427196273976	18.7610316613986	19.2024170874398	21.0458112934617	17.8536759520274	19.8786207771062	15.4447179967781	20.5469353919265	17.9440110621901	14.5294094167657	14.4040544639348	10.4580765918021	10.2586227145753	9.64876872973956	11.6244100925595	11.7528070264086	8.31476067003735	7.63569237201185	11.498081100775	10.7123558566732	7.19670570469573	10.9399492229169	10.9937830158686	14.8823036187278	17.0531977646423	17.6699251271758	16.1121476222135	19.0799044284818	14.3487790769807	19.5730530577118	18.5595526077543	22.1727937121149	20.5180188858476	20.4812963456906	17.8714243696466	15.8563452598636	16.4746240017792	14.7481416795473	11.4038276468912	11.6178582363532	11.5214802000437	8.76581661911769	6.83240587201902	8.31526746412886	7.4274131432148	3.70917591925754	3.91436546581946	6.68927888490232	8.96281852990453	12.1070585197231	12.6673675639416	14.3785304881966	16.9025131267513	15.8733888946249	20.5600315174856	22.7280242432113	24.2198196937962	26.375077725004	25.7777195655473	28.8161296846055	30.6154720525423	25.7487920881738	26.982692045087	31.8692524386751	29.8360012401126	32.4772032816867	30.8542302286088	27.1504342690867	26.6425351646573	23.1015465499607	23.6869301936743	19.5346628074303	21.265812328712	16.2903074556621	21.3260887412577	18.1351341323962	22.5845596370618	22.9144515535502	25.2149108465606	27.8086746358038	30.6357903276544	31.6331037048216	26.8426243314621	26.7039449145627	30.971421536636	31.5067654480748	26.656098007773	29.0718782674942	32.2371244840479	31.6249298655349	26.5618499732229	31.7076630958511	34.2819497403517	33.0052506580392	30.9718862518898	27.3140930839741	27.6137029389396	28.6342118801967	31.4849405748208	28.2913428984911	26.9237699069057	23.6780847620748	23.894748376997	18.5309524040185	23.1762881411153	18.794397542885	24.6226134478044	24.8876286536102	28.7688399835656	31.478756821069	29.762021856722	31.8078271027746	32.6402563868607	30.3026459900782	33.4972735905476	31.7790238679542	33.8630136136759	37.793955641081	34.5404279359709	29.0174360342192	30.7875814737046	29.1358298491737	27.1154432381254	25.0203883662904	25.9322061344576	20.728877586594	25.5330556534074	22.8621955638561	25.2364718215522	25.2489240166784	23.0539589875579	24.4989169964715	19.8731776271436	23.5287424440832	22.5525836213947	26.4973305259228	28.8891580701134	30.3445270847974	33.5392325493593	35.0898359642789	37.5860078486662
