28	29	30	31	32	33	34	35	36	37	38	39	40	41	42	43	44	45	46	47	48	49	50	51	52	53	54	55	56	57	58	59	60	61	62	63	64	65	66	67	68	69	70	71	72	73	74	75	76	77	78	79	80	81	82	83	84	85	86	87	88	89	90	91	92	93	94	95	96	97	98	99	100	101	102	103	104	105	106	107	108	109	110	111	112	113	114	115	116	117	118	119	120	121	122	123	124	125	126	127	128	129	130	131	132	133	134	135	136	137	138	139	140	141	142	143	144	145	146	147	148	149	150	151	152	153	154	155	156	157	158	159	160	161	162	163	164	165	166	167	168	169	170	171	172	173	174	175	176	177	178	179	180	181	182	183	184	185	186	187
28	0	1.33147850151626	3.23574164605272	3.19641298958693	3.15928061431712	5.23299331167163	6.96191159093535	7.72679564890906	9.4515879618189	10.7205482135943	11.1012347961837	13.1153757094488	11.7102514917486	18.6101981451031	19.6486116812359	19.7944398758843	18.787559740424	14.8575231448583	15.9035782137228	12.7787430133014	14.8127753307744	13.7595562791828	12.7357530597919	13.7920462948759	12.1737673297957	12.0167312111073	9.17927426325197	6.53124008133217	11.3391733384758	12.0639045917978	8.00124571551205	10.9787768899819	13.7415034111992	13.178333544117	7.78346818584106	15.4420280080046	15.1528615779331	19.202815861222	18.771585441832	17.3231713320627	18.6234734676429	16.2508090260147	18.1451350504757	16.488038725088	20.9256725339952	20.2036292036852	22.4129206039731	19.4147160937264	17.5493715272086	19.7000533248009	20.0976827022421	15.3936040614276	16.5489928092316	19.5560678307271	18.9728792227221	14.3599655988446	17.9144452607386	20.1330460189212	16.7760083452531	16.3978118662217	20.1794264041375	20.8806173519846	22.0497097940086	23.7258362128714	20.5505139838399	16.5376386161991	21.543701469339	20.245278857057	22.5223612438838	24.5290132292353	23.1535580850979	23.9517802678632	21.1768911079979	24.2699729295275	26.7542550260702	24.1279359042584	23.1867940647257	27.9736494043948	29.0896974545972	23.7219560112567	28.1533392158017	25.3801220840247	23.6464088816886	20.6322971576119	17.4648367584699	12.7307165941278	13.7722663712259	9.52268045247765	11.7173551196505	8.86563054723126	13.9843182529575	16.5615027397878	18.2772618846478	15.0187383291673	17.4650688232254	20.2240571597293	19.3691676899138	14.5541783347601	20.0909987058882	22.553741884663	20.017793534753	18.4343804072716	23.6392614520843	25.2832108127113	20.4604540760952	25.2725858985581	28.0003486764004	28.6141360519587	27.5920565018268	23.5278488816976	21.2171225900215	21.8062143665516	23.3736088142161	19.386391257787	18.2718092426557	14.4301674972954	14.1626991071617	9.32421498036161	9.75699820641574	3.71947778592641	8.80831817091095	10.781011733599	11.0744504604066	13.8014880719435	14.6414043042326	17.1144223682834	14.7652291550114	20.0951469265592	21.7558297014846	22.9900892777736	20.0458748624249	25.5170464199915	25.1426676786693	20.4784824633077	19.4020899389731	16.9247740900728	13.9849304967883	12.8956683425094	12.2654112446342	8.81973752443915	9.30588260188146	4.6782178230604	7.67645719065768	7.84351477336532	4.80297459914166	7.88158797451377	6.1274471845949	10.7000754202949	11.2887759300998	15.5775959634341	17.4895827851896	21.5568842368279	24.7720207290402	24.9604621351448	18.350061607526	20.6449093240925	20.5747113466994	15.6358079420284	16.5154019630162	17.0545305710829
29	1.33147850151626	0	1.3287655925708	3.19430649750459	3.24025400238932	2.85214217738177	4.74256987296971	6.64889321616763	7.22613333671612	8.06432749831007	7.94996377350237	9.7599465162469	8.66117532440026	15.2563684735261	16.539285383595	15.8161298047278	15.6271232477382	11.3817408598158	13.2179808972475	8.95275158819902	13.4562360636249	12.5606669010845	9.73011166431301	10.6751306315192	7.40740129870119	5.71202267152364	2.910411311138	4.11009172647034	6.49838302964668	4.87131830206157	3.5565889557271	6.35824110898604	8.39813372125022	7.14340822017054	4.62390278877054	11.6395055307345	12.1767826620992	14.5683372077942	13.6922923573812	11.5085878803613	13.8628276336395	9.99207556016267	14.8633976263841	14.3752197896241	18.1555211987979	17.4759989127947	17.9855128923253	15.2744364544163	12.9704728132786	14.3744689641044	13.935407062587	10.3757303357402	10.4571176717105	12.4491760771547	11.1588829638096	7.57577936584745	9.66355219368117	11.7292455852881	9.64919825685015	8.04809989997639	12.3450007290401	13.1244990380586	13.8328261754422	15.719825889621	13.6030532969624	9.23355429940172	15.0219327984118	14.4172652399822	17.3489165655957	19.6586723356385	20.4703506809239	22.1709135806353	20.0750572850988	23.1212243187942	24.8983472142229	21.2396987266769	22.0820390589275	25.7997593981029	25.2989102729742	20.7037000074866	24.4704511400996	22.5815446105885	20.9927828312494	17.8182566487297	15.3760583700765	10.3371476239822	12.8906915640706	8.20855084652583	12.3857865717119	10.4118135307928	15.0586503047252	17.9524171353052	20.5210907604835	17.9107005725628	20.3335237231524	22.7629700610443	20.4007880730133	16.7122284869493	21.7290713331242	23.8013047331444	19.7660628350716	19.0590040663199	24.0794396944779	25.1418291100707	19.5630006645197	24.6853788303927	27.4620656178664	26.9601013351211	26.0145693987043	21.6559457424514	20.0581948091048	19.7106378638541	21.648674070252	17.3395457264601	16.6471531800485	12.1407002269227	13.6303644118563	9.07268102602533	11.7113184996396	6.63827696017573	12.1722060859977	14.3464414403015	14.8488931910766	17.5454925550695	18.0596441548553	20.4575284186531	17.2138751302547	21.6086716389509	22.2954898802426	23.8987238153003	21.311870729713	25.8602517582486	24.5132680399819	19.8321540937942	19.1662213803347	17.4987547556962	12.7070349413229	12.001330801207	13.579074379353	10.2579304930381	12.1828959201004	6.58732859359543	11.160999372816	11.6762189941779	8.57238502401753	11.3046746083202	8.23238628831276	12.1940292356546	10.9667244881961	15.3172897080391	16.3938167002074	20.4741601537157	23.7664725821902	23.3824532930144	16.5693378564142	18.759830516292	18.6195405689829	13.5377802464067	13.6793993289179	14.9410966464982
30	3.23574164605272	1.3287655925708	0	1.32918057463988	3.40016602535817	3.54254908222878	2.80672210950782	5.16318235199959	7.22726455860029	7.51195507175063	6.42347016806336	9.08988102232366	9.53034590138259	15.485788517218	17.25144312804	18.617371055012	18.3784521111001	14.77414999247	16.6423875090084	13.6355010909024	17.4330670279214	16.8921483535991	14.9082417809747	16.4270691238577	14.3993650901698	12.3977508040773	9.06120102414685	7.4559083282991	11.3695095760547	10.9800860652365	6.22814394502889	9.65429697077938	12.2438038207087	11.0631523084517	4.11200425583437	12.9964356652122	13.7554280558622	17.7006717386657	17.9768371522913	16.8072508459891	18.8895861786329	16.6066547504306	20.3139657624995	19.4745059500877	23.704091081499	23.5635412024594	24.8177083148304	21.9434551746073	19.8723597239986	21.7580472699183	21.5456097152065	17.2848879082278	17.8831407476427	20.2261037523296	19.0420706069482	15.1833763702281	17.6160452145196	19.5594663015124	16.8387663146681	15.2882460079631	18.5085810639282	19.2342608124149	20.8730323144482	22.6231559248483	18.8286046482473	15.7633761294971	21.5863861032828	21.1956744879704	23.811173973578	26.0903671112539	25.6933080976351	26.6973528837598	24.0767541832366	27.1209432911173	29.3311607850763	25.9141915173906	25.453352588608	29.6916275067569	29.8855425080422	24.6456792562104	28.518952873484	25.5645899243465	23.2032395583031	20.2527122381176	16.6041517097381	12.0923826436315	14.9523458360218	10.2676552824878	15.1850112281816	13.5959834510049	18.2805664026036	21.3285351583272	23.3901052156676	20.195221464495	22.4191274138848	24.9896802100387	23.4616773910136	18.7212139029498	23.8387865882473	26.1731013829084	22.7020856530848	20.6381336607747	26.0301225890313	27.7372371731577	22.1183813603075	26.4560779028185	29.2282391874707	29.8147917316221	27.9169201202425	23.7955977861452	21.7819468826824	20.7518314854376	22.1718303258887	17.8813443845814	17.5274642204741	12.621119165906	15.0937254844521	10.7902426293388	13.1918231492088	8.9989878319731	14.1947328963951	16.5519444477076	16.8058233359749	19.3072679838448	19.6425381506566	21.8366701903015	18.4194135628689	22.2905085854944	22.6476132958862	24.4253368656402	22.5969570739071	27.0085208776786	25.1172089412817	20.9563739468449	19.4553816976178	17.5060745171497	12.2438006354236	10.4499918660255	13.1045466918929	8.87238485414153	12.1146177405645	6.5662218208038	12.1487560268531	13.5334737964796	10.524613532097	12.4556521306594	9.13765620933508	13.0640700396163	11.4366796317812	16.0850397885737	16.6081759082688	20.9297103897784	23.9694841412993	23.1997677790102	16.3742961986157	17.9975198846952	17.3899878665858	12.7148093575956	12.1673649982237	12.3014029281217
31	3.19641298958693	3.19430649750459	1.32918057463988	0	1.3277718177458	3.30889029736557	3.14700381315308	3.26596677876552	5.52313516039577	7.05113565321219	8.04963191705062	10.3391658270868	9.74956563134995	16.2273640804661	17.7703002506992	18.9982012306429	18.00552251394	15.1280883789063	16.3743869503563	14.7314505056359	17.4587784796073	17.4784686400154	16.4415863893969	18.2296055360504	16.4981930222676	14.5314452481506	11.3136937381211	8.42837736459397	12.97532481289	13.2620849793688	8.50143534939836	11.479428034532	14.030250674881	13.3222806230765	6.22343900106685	14.6471819473918	14.2523455613453	18.5850710786911	18.8722342079575	18.1538394010744	19.651959495175	18.564574220811	21.1561373837475	20.6939371314402	24.8563782961235	25.1485344304594	26.881302758609	24.0577713223815	21.9917269217313	23.6857768502534	23.9872843815218	19.6158966657148	20.0019710278762	22.6380498055818	21.7018373646104	17.7653033185477	20.2149167448199	22.2192641642337	19.61501978077	17.9011296291603	21.1455662255708	21.6005879781084	23.3423776423911	24.964318416492	20.792621888545	17.9317419399232	23.1650244333996	23.0658018070042	25.2850891633785	27.5191137575322	26.3571237618978	26.8321948599066	23.7781154425661	26.708768541436	29.0826651289045	26.0465713290636	24.4541120877451	29.160311761022	29.824304870357	24.3590784718963	28.036288021063	24.7474470804566	22.5819718580996	19.3237420289136	15.5012055337641	11.4655390627742	13.3945862571414	9.60055472355634	13.9051640047861	13.4864602472257	17.4783177108096	20.7939735019548	21.9785629648528	18.5400781012379	20.3561041459313	22.8958766811843	21.7273490789834	16.5679215956619	21.4461521490453	23.975470214367	21.376769517399	18.127985381724	23.6895390626327	25.6136823201975	20.4730211253738	24.4511267020561	27.1851530251349	28.2272297790626	26.4342755149446	22.5553929914777	20.1049287738107	19.5547330587763	20.3784292574281	16.4373101814135	15.7704151181889	11.4793768994663	12.7746537330763	8.71661832363905	10.6960208021488	8.27062065385664	12.0791886316921	14.0633640712313	13.3800420776618	16.0323226639187	16.6849092895347	18.9172748037343	15.5822712400985	19.1135283503596	19.4764295239143	21.2579478313406	19.7615706359591	24.2454560485053	22.4938693425564	18.5603543608413	16.5240519849098	14.2194844491634	9.88505543737616	8.08680882672516	9.73013478837781	5.82042343820448	8.45102017510312	3.53866655676966	8.67809610456118	10.6463599882777	7.91039152001973	9.68369944804154	6.60223416731033	10.0384381753339	8.61004541219151	13.3287045882186	14.1896200090066	18.5653908658019	21.4912559195595	21.1410967075977	14.5138875219563	16.2760634368388	15.8735218839425	11.284336489134	12.1840103824644	12.457633523266
32	3.15928061431712	3.24025400238932	3.40016602535817	1.3277718177458	0	1.32519092963995	3.17005693955171	2.92698223431574	3.25661511388742	4.88969078776971	7.07044312614139	8.89821454000745	7.00992838765133	13.8674792590434	14.9354784657205	15.6229313830664	14.0076238527453	10.6669056900303	11.5002019547484	10.0374612826152	12.1732742103347	11.9128121365192	11.1692860112005	12.8721414302361	12.3783631389615	10.6572525540122	8.30290804477564	3.9509555806159	8.95206953726343	10.8592396603077	7.74643724559878	8.4336680038996	11.1208665579621	12.4870302714457	6.89700782948664	12.5626319296555	11.1882847210821	15.6095873744311	14.9368150889003	14.0280926714932	14.9685939553453	14.2123265160916	15.889504649296	15.164013749664	19.3693992421035	19.6567960003659	22.2075859786695	19.7546483643724	17.0690938833905	18.6552449461271	20.2906329866764	16.1990909930156	15.5577351179405	19.0324604294873	19.3717008029755	14.8528120233173	17.6059938941259	20.2239875642762	19.10015120359	16.5484264810888	20.9326972939466	19.7377597766312	21.1207698723318	21.8036169935174	17.9667641493954	14.6713141197372	18.7486955812931	18.2827120526469	20.3196667295505	22.4936802013366	21.0075493097124	21.5561691865693	18.5913856664854	21.6178547039247	24.0436886105273	21.1575547972822	19.646477979526	24.2598744638137	24.9548650567379	19.4718342484728	23.5148161804425	20.4329783927845	18.6642375681408	15.4698918225048	12.2098425051268	7.62077456693215	8.76219093606159	4.78781683024736	8.96748454138617	7.95637310588184	12.1833288144086	15.3861778554649	17.1243152563832	13.9362996882243	16.0719865915823	18.5896757368169	17.1083195258915	12.3127700782562	17.5067287920959	19.8783285263123	16.7131932915287	14.4302310792308	19.7068783423453	21.3550638725338	15.9121798946593	20.3746976910088	23.1636362862138	23.8454396898023	22.3839484675961	18.3696365233502	16.0109720504409	16.4264753066505	17.5377353441087	13.4843046539301	12.7662237564599	8.48361349897554	9.10105801541776	4.444101033955	7.12620361763541	3.76274620456921	8.07920905782242	10.9680830594959	12.0059702231848	14.5371511995989	14.1201382783597	16.4043470153493	12.6265543993601	17.1884782630691	17.9437463758269	19.4602230459982	16.68451824297	21.2626410871274	20.1056091178556	15.3902261516847	14.5767490888744	13.1486846490438	7.84272408031801	7.49532661062879	9.92734435788343	7.11579735518094	9.62803308054143	3.36900786582638	10.5248381460239	10.5154779729692	6.64241770743153	7.30325475387515	3.77043313161764	7.96842085986929	6.52025827709302	10.8588637066684	11.7460021283839	16.0072453595239	19.1370245597376	18.7890649581079	12.0592998552984	14.2635732199193	14.288778289273	9.26251704451873	11.1505945132984	12.6880930403272
33	5.23299331167163	2.85214217738177	3.54254908222878	3.30889029736557	1.32519092963995	0	1.32974659240022	3.05484500425144	3.57024172851083	2.60992873465924	3.27741452977801	5.28698307165816	3.70598785750844	10.5286916091222	11.0581337032973	11.1643804127233	10.8410597729189	7.38226482862814	10.1172835781152	8.31199356352012	12.3006433571582	13.2093337076478	11.3395848248514	13.5325821261133	11.6408004449866	8.08900574854536	5.39044089105892	3.47097536724189	5.62492782175913	6.19147809493016	3.28030120568219	3.49985871143393	6.02754460788139	7.35791145638489	3.42248170192333	7.69043464311348	6.43077335940243	10.5921180601426	10.6979197977925	9.99684840337193	12.2944024254943	11.3431608910391	14.6846839938761	15.9426121134524	19.5193703023433	20.4973949808262	21.9816704779232	19.7320583315578	17.0056430046029	17.5344215188297	18.9563505717741	15.5455497490439	14.0832675895901	16.7155451002951	16.5917418615406	13.0242979465306	13.8375304516377	16.2927302500226	15.1956656320149	11.9085346285763	16.119347071144	14.742304127917	16.30180275307	16.9952626340401	13.0362442827679	10.0495137195787	15.3113514099834	16.1503938651663	18.0710738197817	20.7714178861242	20.6821137701155	21.5253641548755	19.0274533503567	21.8470046917192	23.4499268442356	19.8911693220886	19.643778684357	23.361807656943	23.0645936881619	17.9600194599004	21.2491851608479	18.1645779747287	15.8447606797957	13.2578225210628	10.349582551968	4.86886157125051	9.30184503203531	3.87044299790088	10.6086998732173	12.0436106297074	15.4165363489988	18.8824018864126	21.3374962214408	18.668253774791	20.5685982750405	22.521945941681	19.6971628667684	16.1875113899574	20.3059197526239	21.8023116893599	17.554480681581	16.7166323163489	21.2614502562737	21.9149149211216	16.2482443051549	20.7383124433981	23.4943084809917	23.128176970959	21.2849410147174	16.9091137851751	15.6388233253017	14.6383197464736	17.2946250898943	12.9248157433675	12.4715210379488	7.98848008071623	10.9066765790501	7.36649747166182	10.746251904734	8.97160381425752	12.9591446091168	15.9842543773552	16.4907557437493	18.8001548131924	18.200516283886	20.2872928455228	15.9717019130711	19.7290336560106	20.0775280849013	21.7988361845306	19.5930376664773	22.8036026320404	21.491532053346	16.5815579485162	16.6043279297899	15.3020167625055	8.49671312920472	7.75755277133195	11.8776217316431	9.12705149541734	12.2135335591302	6.03614752967487	13.6539257724656	14.9319491025117	10.9972984409809	11.1858139623364	7.41500060687792	10.684312144448	8.60454420640629	13.0500756702787	12.892066320028	17.0899794031473	20.0957131995856	18.7491755818756	11.9368363061575	13.5190284044379	13.0658353349489	8.1642583251634	7.9543305186546	9.6695140001967
34	6.96191159093535	4.74256987296971	2.80672210950782	3.14700381315308	3.17005693955171	1.32974659240022	0	1.32605203517811	3.53453207652724	4.37290852865687	3.92860344142801	7.21265027573083	7.44918861353369	13.3696660392098	15.3196122013581	16.8432667555911	16.5142376754121	13.7823377915359	16.1044252613994	15.1643232292114	18.4222394132744	18.9111350531902	17.655454398004	19.7171919146718	18.2147213813443	15.1374195951622	12.1192288946121	9.56404056871362	12.921047209882	12.9512592051893	8.55422293373278	10.1173560775531	12.3560560455187	12.0195067286474	4.97654789990009	11.9580924063999	12.1255424208569	16.2651742689711	17.2332330396824	17.1358658958338	19.2676859274797	18.6812460237533	21.6233890498229	22.1092296337977	26.0149009031363	26.8705496222165	28.5884939967113	26.1337100695634	23.6070422967385	24.5419222963483	25.6343776401925	21.8396431060583	21.1327164841626	23.7151051863575	23.084021010214	19.5519134869199	21.0178509605526	22.8833792303497	20.5780614004332	18.1382383653981	21.2471039908972	20.6651488259824	22.8343394693168	23.7362015916616	18.9017471150156	17.2255323865476	22.6200727231369	23.4148012590327	25.3384985545711	27.9124745051384	27.1788068538705	27.6304877626147	24.6468231015683	27.4515061881857	29.5859030114005	26.2515118231312	24.7604627783893	29.0937547422123	29.2728193039208	23.9581232361802	26.913750258929	23.6318328954823	21.1214626387473	18.0692438414008	14.1559735800827	10.2816173824939	13.3751868024338	9.52071079279272	15.0032605456281	15.8804084015494	19.2754795789884	22.9211113386764	24.2270262929646	20.9505605891585	22.5562015640932	24.8754483376682	23.1767135504584	18.3560615873885	22.7730271373834	25.1398625493458	22.0032517142353	18.7641096511399	24.1519133817592	26.016917592213	20.555722536559	24.2964515927738	26.9618229354026	27.7447490167058	25.6537931893122	21.7115267542382	19.6723514608701	17.8514197194509	18.2176111496541	14.2742886687919	14.3426069457404	9.505098473977	13.0692425564759	9.48889487769782	12.6049675128498	11.5242857045459	15.0200779292253	17.9230869550979	17.8825099468727	20.1779633015822	19.3036294255769	21.1523783296347	17.2660432641645	19.7834210641132	19.4064835557604	21.4297575114606	20.5043312741479	24.2255712419749	21.3620840041415	18.0832075418052	15.7871154109926	14.3923493912564	7.14435448448633	4.89606229535532	10.7657317911975	7.89747712880513	12.0848262709896	7.16748944889352	13.6193062231525	15.9143176730892	12.650977314026	12.6745033038774	8.91270071302745	11.745481939878	8.73551286416544	13.2198618374021	12.5812626949762	16.9765287676839	19.2888185745006	18.2150740047906	11.6687092688095	12.552059034278	11.5985229232002	7.5450864143494	7.24717282807579	7.87391046431187
35	7.72679564890906	6.64889321616763	5.16318235199959	3.26596677876552	2.92698223431574	3.05484500425144	1.32605203517811	0	1.33019133961998	3.72803178634518	6.03144568076345	8.35704714597207	7.44787164228815	13.044792600881	14.4138003316266	15.9485579598909	15.2297489802032	13.5837369306093	15.1979620015316	15.4632978371368	16.7549726648539	17.6205097826368	17.920315761727	19.5189455401669	19.4110320179016	16.4991058545607	13.7263665622043	10.2784062480523	14.0327155960634	14.7087984893396	10.6502789634826	11.4347417111188	13.8243065287196	13.9841854964814	7.65774490303771	13.4776066124516	12.1614127879947	16.5177331374496	17.2703510387021	17.6562695380423	19.1158851482216	19.5507712891333	21.2218046829199	21.3966055485444	25.1282530431385	26.2030049230999	28.9960556800403	27.1349751612195	24.1515222294579	25.0594847712398	27.2097007150024	23.3918545865863	22.1433315244116	25.2260747243799	24.964877448127	21.3307052626021	22.5854203635885	24.7921820943619	22.8382259599996	20.1395762865061	23.8891714799823	22.5300098979117	24.6270940429438	24.9765707413968	19.9638416643691	18.6794956034685	23.1378142874386	24.0361079420109	25.6506013574731	27.9716817871218	25.8126366340209	25.5024192185761	22.011870093202	24.6007012501677	27.0913643805549	24.7716519634844	21.6401806138489	26.8118180845686	27.86269348071	22.5297398342724	25.0403031331492	21.6647934215861	19.1416803337638	15.6017053234574	11.5640634726726	8.78825631169232	11.2720836583127	9.08813517725171	11.7975155435371	13.588659720517	15.2772319809578	19.2066253412722	19.1207426895505	15.7114458596273	16.6796885762295	18.9074959209304	18.1093597070686	12.8737488324109	17.0116642630873	19.6427864876651	18.284087726764	13.622063683598	19.2996561627403	21.561235099131	17.3469276530457	20.4034917109793	23.1343132165189	24.6737819760166	22.6251132372857	19.1656007993488	16.7597156300458	14.8656178479066	14.796950699384	11.1258866163556	10.8276071225364	6.92638527660713	8.67617617386831	6.67185326577256	7.36003437491973	9.15294586458371	10.3342357724217	12.3091277513884	12.3668164860646	14.325781688969	12.6689952640294	14.3330700479695	10.7921392689309	13.3578654357648	13.5852177752144	15.3926586072712	14.5987116212356	18.969750815443	17.4250484360876	14.0623646304596	11.0341049931565	8.23750235204823	3.69494100088215	2.95241020185204	4.45623933378808	4.08155276824886	6.96333153023752	4.58372174111824	11.9305961711894	13.0434459020613	9.3293676634593	7.11094944434286	3.92473718865353	5.37238401456933	4.1071894283074	8.36250411061185	8.85906366384168	13.2744372762087	15.8561746332462	14.889559597248	8.3385748182768	9.77108049296494	9.4951933103018	5.01642631760898	7.32778875241365	9.12662139019693
36	9.4515879618189	7.22613333671612	7.22726455860029	5.52313516039577	3.25661511388742	3.57024172851083	3.53453207652724	1.33019133961998	0	1.32738163314097	4.60160254693948	5.19701481621902	3.49373811268103	8.71266182059191	9.96280894125748	11.6759936193885	10.3518948024021	8.20516258217959	9.88963785990164	10.5493670426239	12.7418170211316	14.6150684911156	13.9415051554701	15.8849621025673	15.413116135292	11.946927387408	10.0762954998352	7.28682276441523	8.93690880562177	10.5792119744336	8.30227757907431	6.23626474742694	9.13624271787916	10.9312803916101	7.13542052019361	10.1277495032213	7.54021173442762	12.1067553043745	11.9910984067349	12.0815263108599	13.510879208993	14.0168993361585	16.2351564821532	17.9812974226	21.3205791900689	23.0025126888347	25.2029550053163	23.388182186737	20.445424573728	20.2970257427043	23.0122004380285	19.9270284036532	17.4878176454353	20.5880704778277	21.1308143241097	17.6511108715571	17.7068053866303	20.6441467006995	19.8769531870455	16.3599319375112	20.4250431088896	18.2315618914014	19.8454708686894	19.805662776085	15.7046769466933	13.5072416132977	17.4786391346695	18.7801635243147	20.079476213288	22.7089669293872	21.7890812564459	21.9564021642891	18.9787321757803	21.5749691540915	23.4066673193772	20.1635948431821	18.5329901796769	22.6502246125728	22.8108874005375	17.4983889829893	20.4403042296342	17.1429748293579	14.8851681213213	11.6960335584334	8.06331532311617	3.90219848290678	7.15972220131479	4.12650857263135	9.72747310456318	12.4226884368884	14.984114354876	19.0070602408684	20.2319568257744	17.3999568102912	18.3958547776394	20.2527404071647	17.9736962531361	13.8190421158632	17.2908184595178	19.4589295954325	16.1080760489886	12.877041003274	18.0485460356229	19.7336963846108	14.2283805473427	18.037694586615	20.7225878210227	21.2390003060408	19.2521520095806	15.1645437122256	13.247421258494	11.9024386576869	13.0804681108896	8.64604285207979	8.66081347218608	3.64264642807946	7.00408259517262	3.91240974336789	7.80229728990123	10.0137368649271	12.5602775845122	15.9961577261541	16.7247981751649	18.6031236893163	16.4722278699634	17.5782539235272	12.9337727674488	15.2815241713646	14.982008343343	16.8144328777393	15.0698796610988	18.4504091553548	16.1343140232239	12.0679193318484	11.0716349741129	10.7411058089938	4.54974658634962	5.17088880174386	8.91758650084203	9.1811904456884	12.3958927875325	8.05405872836795	16.081982153951	16.8407478753172	13.1480697822912	10.8452626524211	6.03184698081773	7.28078477912924	3.89440046733769	7.68714882124706	7.69846406759167	11.8747932613583	15.0783852583756	14.158906596203	7.45224516504926	9.33292055039579	9.50000947367949	4.2906289748707	6.12603346383286	9.61225982794889
37	10.7205482135943	8.06432749831007	7.51195507175063	7.05113565321219	4.88969078776971	2.60992873465924	4.37290852865687	3.72803178634518	1.32738163314097	0	1.34316343011563	3.29331717269989	3.92292480172638	8.41088229616845	10.5698410111032	12.3766947930374	13.1246239184214	11.079952436721	14.2664264971996	14.8328080955698	17.3451942047358	19.1472632509192	18.1625741842945	20.2125269573104	19.1041468796699	15.4495921952652	13.0089280880478	10.6325524216907	12.2288479424678	12.4257021531984	9.14668409862284	8.53806798989092	10.4668570258698	10.3112084160878	6.07071050207469	8.84325206018691	8.65066945386309	12.5010864727831	14.2846388123746	15.1876838589694	17.4648407951518	17.8506047796706	20.614348425308	22.4306870157826	25.8490991332387	27.4590900613986	29.2276094472333	27.2087736033802	24.3227145894532	24.4726975423634	26.4097146898637	23.260206103988	21.2690457472826	24.0027657781348	23.6234216615629	20.1653974173583	20.5893154330104	22.6900637724974	20.6748973878953	17.7910135180658	21.137872007371	18.8538272242004	21.3544147660384	21.3797754197746	15.5619741999529	15.9274734656819	20.7975573806156	22.8550757819789	24.1795743965852	26.9876029687707	26.3689129279157	26.5635989466789	23.6031360204529	26.133278764824	27.8019673044912	24.5744695568389	22.8582200969367	26.8099164862556	26.670939709729	21.5621657075536	23.5233572008759	20.2155717455629	17.332852765774	14.4245456774208	10.3789579920144	7.56140800380458	11.4799995209059	8.50653231346357	14.3211654553671	16.9291802813958	19.3841163327091	23.4278206839646	24.6418489971836	21.6987295019778	22.9102690948841	24.8438180841834	22.3670669959206	18.3363967561787	21.8910568954539	23.8791286691956	20.489102396152	17.3687464717521	22.2755443704525	23.573113540642	18.2947779981064	21.6567996019726	24.2962768546952	24.5117951402993	22.2289670925124	18.3291817875212	16.6418651899359	14.0322022149055	15.2867803346552	10.8677068418319	11.2397536005021	5.73156435888144	11.088735455407	8.05827655271274	12.2813566025908	13.965516173776	16.4487921137085	19.7843018830587	20.2214734626337	22.3130869222526	20.7038861086512	22.0646122105058	17.5476979971733	19.7787565332101	19.1484902015799	21.0939452450223	19.6816485590003	22.4873247186054	19.6052148674785	15.9506542185579	14.9638482349962	14.5074645958555	6.62830400630508	6.90498551772558	12.3661430527064	11.5619188718828	15.0847913144332	10.2169959381415	18.2031162716717	19.5901728935709	15.6997375774247	14.4980534210631	9.87262665150465	11.8824449083511	8.41338386144362	11.8972697288075	10.8307956309774	14.893546119041	17.8490340635005	16.0059178430979	9.47944455123822	10.4122941756368	9.50869149778244	5.36906109110336	3.65552226090883	6.19482994116868
38	11.1012347961837	7.94996377350237	6.42347016806336	8.04963191705062	7.07044312614139	3.27741452977801	3.92860344142801	6.03144568076345	4.60160254693948	1.34316343011563	0	1.32873624169735	4.58836757463915	8.07912043479981	10.2214539572411	12.6368803903495	14.325034136085	11.5007324114597	15.6108683614974	15.3950270542146	19.0751737082523	20.554509432239	18.5664952804777	20.7153834142649	18.090616904904	14.5277775657531	11.7960339945255	10.1808791860035	11.0897293925506	10.1013827766301	6.48166791805936	6.99516468712496	8.73271114832044	6.91719661423615	2.95450198849145	6.35166915070362	8.18701728347999	11.7131222566829	13.9831166053924	14.6961314977786	17.503325798259	17.2771114773275	21.2746181869382	23.2131495924185	26.6268969652868	27.4453216049658	28.5794513943148	26.3804959202817	23.5634522300957	24.20609669071	24.6747486309385	21.5064662136763	20.1390268136273	22.208276948021	20.9993983009038	17.5180680156232	18.4335288265704	19.9879102209311	17.1932309354583	14.9433575209857	17.3792810840955	15.9360408194758	18.7436461234201	19.5441832523132	13.6317548760239	14.1075521264321	19.9423867428149	22.3135484627614	24.110444417306	27.1457436442622	27.5634712799386	28.3214956702502	25.8285714277813	28.453919958417	29.6338823983629	26.1328288939411	25.5624827823903	29.0007467145244	28.1055162735005	23.356482012495	25.0670039294687	21.9632119008127	18.8671824340573	16.5372061122791	12.9821531727214	9.32324176453663	14.2769984590599	10.2213653686775	17.1859388454632	19.2336302085696	22.2397053487676	26.0022915528613	27.6477642857429	24.6389052516543	26.1222217278699	28.1902874586266	25.7030947942072	21.6129038770823	25.3262548751291	27.2637212060276	23.6845200711351	20.8117450974203	25.6496272292601	26.7652198571205	21.4803120554614	24.8162750830982	27.4204323270075	27.1720460400022	24.7930613478852	20.7910348227307	19.6724088255607	16.3348894394789	17.6920717554502	13.2763504774467	14.1558302829611	8.47089912583074	14.4325200155759	11.4336853638711	15.6158600787789	15.6001448070202	19.0811204597634	22.2591324853418	22.6016542093715	24.8403146115342	23.6905110540064	25.2359429782206	20.8480163804617	23.0696120470198	22.3182637541544	24.3408641177753	23.118601601308	25.7464144882351	22.6201086646373	19.2203995275853	18.1036948714896	17.5024600270933	9.08077199361375	8.62737428190061	15.0753143250812	13.111901692737	17.2006217620178	11.9717147476876	19.0489774528713	20.9467581501291	17.3350871356333	17.1309566866536	12.8411392407372	15.1876485671746	11.7324717770809	15.1987328748156	13.8444541243055	17.7949258498034	20.3221054765494	18.1360220831361	11.8256639982709	12.636329965619	11.7253822112544	7.54235560020872	4.42835240241786	5.68800949366296
39	13.1153757094488	9.7599465162469	9.08988102232366	10.3391658270868	8.89821454000745	5.28698307165816	7.21265027573083	8.35704714597207	5.19701481621902	3.29331717269989	1.32873624169735	0	1.32872758682884	3.80839835101319	6.8824306026287	9.56718485240042	11.7514322956821	10.3329084966431	14.5298257732156	16.138344091015	19.0510092646033	21.524612563296	19.8465427971725	21.9930521301615	19.5747372140726	15.8066737804005	13.4608171000129	11.3727105388293	11.5407090770022	11.0280324174351	7.87134353207888	6.71449186461642	8.42025522178515	7.24901324319386	3.33567549380932	5.3374234420739	6.39485840343631	9.52708397149936	12.1956533240331	14.0970632757323	16.5917433080433	17.2832785373609	21.2356505198216	24.1694846655861	27.186081512421	28.4931751828398	29.8183601158749	27.8600223618001	24.8894602994922	24.91817126115	25.9415057581475	22.8976326723965	21.0202266638588	23.1187026885161	22.1778669398119	18.6551647004255	19.0721049179161	20.7586859169842	18.2302130267312	15.8211808345648	18.1361257439399	15.8289954197984	18.8262579128195	18.6932775349857	11.9739046680688	14.3610992963631	19.3202876531381	21.9933454253781	23.8635573207349	27.0581603587531	27.5618355520818	27.9716311108237	25.5888605060874	27.9030635773207	28.7433214851729	25.3986030324504	24.3713746432162	27.5539514044719	26.46115222359	21.9796838011833	22.5705241853174	19.480371274696	16.1645396160856	14.0485198508597	10.6840974817717	8.42873187377555	12.9993626382219	10.75505397476	17.3527337903859	20.2498607649534	22.9214932759626	26.878452150375	28.4786767248761	25.8507254830498	27.111611755851	28.5140623026604	25.5337155541453	22.3892433547898	25.4153949015159	26.6233685321749	22.8673203283638	20.6092722821549	24.7907557569349	25.2043765247228	20.1206594325335	23.1853138645997	25.6711310814308	24.7425229513888	22.1165460911056	18.4307588829109	17.5182820504752	13.5513748748974	15.3921954574388	11.1672774658822	12.5906462502923	7.14854376778935	13.7944710663367	11.7278926069435	16.3708305836937	17.2555890655752	20.6011376870308	23.9199532399209	24.5483555661067	26.7330906181833	25.4431162792611	26.8133529048495	22.0479680923209	23.9551158210517	22.9786323570399	24.6621163325453	23.3240661549396	24.8719214577403	21.791577501411	18.3749665577927	18.4186100995705	18.5106889390968	10.2161792270888	11.0868771527423	17.2821268945694	15.5344174657436	19.4470926618865	14.0560033437674	21.5732539502042	23.1716795032212	19.3219545077614	18.9246920450506	14.4317288292152	16.3791505884768	12.6860560459112	14.8712360279837	13.6029282876886	16.8439395035722	19.5440376841634	16.6413500353787	10.9884991240842	11.9483786766239	10.1386577513988	7.72300161854185	3.19483238996978	5.20136530153382
40	11.7102514917486	8.66117532440026	9.53034590138259	9.74956563134995	7.00992838765133	3.70598785750844	7.44918861353369	7.44787164228815	3.49373811268103	3.92292480172638	4.58836757463915	1.32872758682884	0	1.32988533340284	3.44378062599811	6.32652708837953	8.35325361760314	6.76032491822693	10.7207438641169	11.7145274765993	14.5505537351676	16.921147419723	15.4429818687972	17.5678882623951	15.7720349352897	11.7989416898296	9.86948205327919	7.10581712401888	7.74711778663523	8.24782601659371	5.42218018881704	3.60847640978849	5.7488344035987	6.46442217061974	2.84090038544121	3.14387579271192	3.732036039483	6.49181915952685	9.11546230314184	10.5449816500552	13.04297423903	13.4287917922649	17.0613081854821	19.7808990190032	22.8262925154305	24.2163771444037	25.715605962139	23.9428217426434	20.8573254517448	20.7628687083457	22.4706080469577	19.521783038442	17.1336933846734	19.7936436514352	19.6048027534071	16.1349271148028	16.1334873477497	18.4019469078682	16.9600591095668	13.659561413164	16.7317448283196	13.7517562878347	16.4201027097884	16.1097657959388	8.83959461740186	11.2425674114056	15.958140242522	18.4538388689183	20.0175384600605	23.077940809353	23.3212445851417	23.721148812821	21.1200008049242	23.5849759592839	24.7505178531682	21.3882264341857	20.3948507962181	23.8028414060171	23.0763542397841	18.3047238984913	19.3346071333244	16.2789787456093	13.0566345587215	10.7822516201395	7.39466578014179	4.1113184016809	8.92018486355524	6.00130452485124	12.7242486615124	15.5476293048169	18.2897873689116	22.1640307254795	23.9852682703363	21.4753172269934	22.8049307387679	24.2679186993858	21.21084783784	18.089797400745	21.3496932062266	22.532196275552	18.6314305677261	16.6840514564059	20.8940739445423	21.3732900836535	16.1140897664125	19.5441593833043	22.1429709388781	21.4829221941523	19.0135234241316	15.1155454086182	14.1899194500885	10.8322268717009	13.2159856613118	8.86878864332667	9.49796136020778	4.13473638821147	10.0143551464885	7.64606964394126	12.1819028070331	13.718453192689	16.8000704165191	20.3437556267273	21.6091804564634	23.719468881069	21.9964566237383	23.1924336799742	18.2151236339477	20.6270793133686	19.9994906935152	21.50313774778	19.5788937634382	21.4055608195628	19.0021650608556	14.9155769918565	15.571174939612	15.9407324173013	8.65105831676102	10.4984470280132	15.0364595234384	14.8330543044917	17.7416218255266	12.2011305213902	20.2810610669166	20.8236297988607	16.8861461559469	15.8440591074383	11.1939110680763	12.6892723195619	9.46717164732952	11.5350125270847	10.9818236645832	14.2364793751826	17.4341966835298	15.5518880204302	9.37255744180851	11.6251953101873	11.8003452915582	6.96173606221896	6.9189136430512	10.7283839416755
41	18.6101981451031	15.2563684735261	15.485788517218	16.2273640804661	13.8674792590434	10.5286916091222	13.3696660392098	13.044792600881	8.71266182059191	8.41088229616845	8.07912043479981	3.80839835101319	1.32988533340284	0	1.32963829668072	4.54954558170374	8.04657865182464	9.80482784142588	13.6573648995697	16.5627043987388	19.3352075499592	22.6878840353172	20.8328145482074	23.2177474144242	21.2452131785021	17.2657237902151	15.9353864402468	13.1685425921018	12.3223800055022	12.6073677268492	10.5089304403445	7.68485562649032	8.58972193962063	9.37856246980314	5.50883844381009	3.96479444612202	5.51899003441753	5.35199159192164	8.88121461287813	12.1379442658137	14.8519151963644	16.8260749433729	20.8441064092467	24.1279748424935	27.4605914903521	29.1667798873993	30.4907685865739	29.1929475387464	25.9567014468326	25.0938531517182	26.9754262060862	24.3405741509932	21.4382092069277	23.3994524294907	23.4776670476434	20.0463681498669	19.0686420596748	21.3176130699476	19.9512711625099	16.7511808240494	17.8145215203777	14.6545948425741	17.4509221819364	15.6605558969023	8.47808079697286	14.117339409393	17.2275535697905	20.3320284772573	22.0089202143131	25.8770042508788	26.2334784959982	27.0527748299504	25.2815496558261	27.3523573024337	26.8378509199228	23.610742660916	23.3768265810396	25.476553475696	22.893924718143	19.9403767517066	18.2003237608566	15.3279981080375	12.1820407978302	11.9579165827497	8.07873987698577	9.35452735310555	13.3035111906594	12.4973906476512	18.7303831514467	21.8438257180376	24.5271767841307	28.3927044326531	30.1383988128102	27.626556263856	28.8911127338495	29.7126028142941	26.4916383978039	24.0416711773537	26.6966770404109	27.0356128097737	23.1737221869945	21.7832806298776	25.0897249088148	24.3804328509565	20.0093688806019	22.412406742695	24.4312280493634	21.7709312846281	18.8540511296644	16.1036289698937	15.396728126456	11.5409464949804	13.902772169607	10.9623757005496	12.6590288727058	8.79861403858585	14.9842670491419	14.0018055264312	18.6626267443787	20.8723327637329	23.9007213489468	27.5048256856865	28.8206208989328	30.8232460490455	28.7258295789695	29.4984864187978	24.5095792293544	26.0947298319028	24.9403454266375	26.2376938963774	24.1235224210728	25.1411002543644	22.2178309697414	18.9986747695727	20.2412605585719	20.9650851178811	13.3588505867833	15.2045483326536	20.9415335875862	21.1298570037755	24.4644284216901	19.2548565562042	27.2948556508365	28.1180164485335	24.1705879324438	22.9692364696783	18.188888751103	18.9796598757723	15.1277025684669	16.2964112000158	15.2300869662652	17.3503745204534	20.0148144632919	16.5828851530727	12.1969469540537	12.8459311067746	11.6963613572769	10.4114689165362	6.61017889319193	10.5651925207258
