21	22	23	24	25	26	27	28	29	30	31	32	33	34	35	36	37	38	39	40	41	42	43	44	45	46	47	48	49	50	51	52	53	54	55	56	57	58	59	60	61	62	63	64	65	66	67	68	69	70	71	72	73	74	75	76	77	78	79	80	81	82	83	84	85	86	87	88	89	90	91	92	93	94	95	96	97	98	99	100	101	102	103	104	105	106	107	108	109	110	111	112	113	114	115	116	117	118	119	120	121	122	123	124	125	126	127	128	129	130	131	132	133	134	135	136	137	138	139	140	141	142	143	144	145	146	147	148	149	150	151	152	153	154	155	156	157	158	159	160	161	162	163
21	0	1.34001679093958	3.36847057282678	6.72817939713263	8.948602740093	11.7941513047781	15.1937030706803	14.135284963523	18.1580995977002	18.183154731784	20.9683508650538	23.4314793600404	22.6126641066461	24.1151840341309	26.6347912700663	28.4063611537979	25.455234844723	27.4250852505512	31.9913620529042	34.6676410215636	37.4362243555624	30.8564831761495	32.5284964300535	36.3755713219738	38.8959426804391	36.7643868029918	37.1782371421777	40.0441339149694	41.88822098156	37.1933239842851	40.3539384571073	44.1975983623545	44.4123865379919	42.9989867903884	45.3656607358473	44.643204275679	39.0818964867367	41.8779493528516	42.4111094525951	39.2683384675237	37.7934823349212	35.2001355253073	34.4178040699868	31.0438908804937	32.3822328136897	29.721343475691	27.0568870715018	24.2188345301751	23.1608103053412	25.8924386066666	27.742002541273	30.7826584459497	30.0998046173061	26.2690181392453	32.4572422426798	34.6584636993621	32.8404003781927	34.4202308388541	37.0566787637532	38.7138629821412	37.1601916302917	36.2967360102806	32.1627124788939	31.5149928446763	31.4244443864963	28.1995322656245	28.6575817891182	25.667061090043	24.0944170711806	21.5815179725616	17.649773199676	19.5872334697884	20.2097718195926	16.7569655367552	15.9976268865104	20.0246859151398	20.4017088009804	15.1861622867662	20.6048325156988	23.2342098208654	21.7530050567732	21.4300494166486	24.9364345486679	26.942087576875	27.9348858061027	25.7029796521726	28.8012387233605	30.9825817839637	27.7901083301235	27.9484123699362	24.2995936797305	26.0350696177291	19.9395705570607	26.1602491196089	29.2641715584091	32.3030314676502	34.4616524560271	31.5771087023496	29.180967787241	32.4808481416357	34.1547265982323	32.5771973779207	35.7371222960104	39.5385442954088	41.2051832783207	38.4786564344443	41.9828303714745	39.2020765904053	38.8985113596909	34.9035180175294	35.4577786388262	32.348266568705	35.9132491707448	35.851922500753	37.1227168994943	33.3849419349503	40.7550645809818	40.2316402971592	40.5441337556989	35.672122925332	33.1380601423801	36.599910095518	32.3365886265079	38.480814986172	37.4151272081227	35.2152853885923	38.2594689456087	41.1929603330472	38.5808102817968	38.9019484344936	42.0254868383461	44.2643092118244	42.0651081063629	37.7788297065963	43.3938223713929	45.5926907848177	48.5749526505173	49.1650822942462	46.3971610446157	42.9278958487369	42.5794556799403	39.139131582088	40.1997289543101
22	1.34001679093958	0	1.33090119843661	3.45679403494047	4.7481399516021	5.55536767460084	9.57845963607927	7.67339305652982	12.0570182466479	12.1848719730656	15.0291703031139	17.0613708124523	15.1930666423866	17.279727167985	19.8943218532324	21.014740540868	17.4883647320154	21.1195949535023	24.7051226671717	27.2297946742167	29.8542896750199	22.8304292119093	24.3163016513614	28.2699364873712	30.7212511626724	28.3396206220196	28.7730451290787	31.5987961954249	33.3673348501195	28.6629295955595	31.9167298606859	35.6510886650043	35.9119535809457	34.5512549555005	36.9444866252057	36.3521277231471	30.683845570593	33.8602922314619	34.516460899113	31.3380251770912	30.1791366510044	27.2641832997066	26.9070688295845	22.7588904167141	24.6726771551042	21.8792018821528	19.1248785617059	16.1006157025127	14.8882360943128	17.4848840716775	19.2251331594868	22.2743942005164	21.7610534211926	17.7522848670249	23.9357373398022	26.1752585469561	24.6261820629995	26.1044907439314	28.6948870881208	30.4569825984125	29.2238501570207	28.6835721799081	24.8673208448357	23.7407906355285	23.6866625128995	20.6716475879403	21.2622915980381	18.889803836991	18.1750039889954	14.8626272576553	11.0761115920706	11.742428411534	12.5853618541542	9.64751626067559	7.55769118183589	11.7105254365464	12.6087255898445	6.88859238161179	12.2923300069596	15.0065126528451	14.5936937750523	13.7717147080529	16.7246406837337	19.3155910341879	20.2168719885149	18.5856370619896	21.6268520594191	23.5178864696639	20.264281408429	20.5117020259168	16.3466943753164	19.2247617410464	14.3352243791299	19.952195819007	23.2766244331089	25.8458104922248	28.3090788617362	26.3019167742581	23.1833375724894	26.6122947150373	27.2185077107471	25.8449540336213	28.7985929517398	32.7841389851861	33.7870239737092	30.9840551413142	34.181385694556	31.1737397339491	30.9140128259015	26.5277148280812	27.6518429042261	24.6342383279857	28.1540381117878	28.6305552338756	30.2515239946684	27.324308628033	34.2964102057344	33.2183031023561	34.0148882696974	30.1217802262748	27.3666163052724	29.7586353349746	25.3067491788258	31.3589171369166	30.837652731685	28.349928871163	30.6459058603266	33.9271113270788	32.0560821374041	31.5446131375866	34.6255947818951	37.0441732260284	35.3545909182952	31.2723922493947	35.7293413597284	37.9757144633251	40.9474459643089	41.1559434468462	38.3287380564505	34.7763552719373	34.5825200354167	30.9284979428358	32.0565013998721
23	3.36847057282678	1.33090119843661	0	1.31899469293853	3.02822538791286	5.40661788921688	8.94354923953572	8.68500690846012	12.97382391587	14.200330031376	16.9594616070204	18.3108223190549	17.1600032051279	20.0312396770644	22.4624341957856	23.2076413278041	21.0614339730228	24.5521535308005	27.8584898729274	30.6272159035065	33.1986735277179	25.5030038622904	27.9512313503359	31.9218602371478	34.2258972855351	31.4453908069211	32.7260109087557	35.4365826371562	36.9982339443385	32.1484494338374	36.1935799555667	39.5495528546152	39.597585961773	38.5700710266393	40.7907445874674	39.6367275894466	33.946330155114	37.4444042548416	37.6744497637324	34.3419891386623	32.4967109874215	29.7634661119971	28.5561447853172	25.493479656571	26.2979943341693	23.7125753135335	21.2547064905634	18.5219518949813	18.0505716806975	20.5751231102028	22.7130427067797	25.6760966075453	24.8778711709825	21.8584507685243	27.8562008536699	29.9122429784194	28.4515091163896	30.2168786773221	32.8220936108591	34.4723379682899	32.7269162311392	31.8533958786187	27.5073977322465	26.3825417274379	25.8448963046865	22.4490393112935	22.5588223983434	19.4011708151854	17.6788520837751	15.2377503588948	11.3544922387573	13.4904260125468	14.513591182061	11.1550791122251	11.7342135654674	14.8464450290297	15.6136744554253	11.4882832921198	16.5525553616353	19.0986940391222	18.6776766756468	18.9139669556653	21.4671417286978	23.9236644559315	24.3272605938277	22.2101508549582	25.1281234078472	26.9484781017407	23.1731950537685	22.7546993827649	19.0815214540141	20.1058439265802	13.3720922446714	19.5735199440469	22.345476992	25.6776018545346	27.5768718131698	23.9249483802996	22.3632835692793	25.6140243031039	27.7510657453007	27.2374120650256	30.8758347579462	33.8062672296129	35.6870607643723	32.795551603838	36.4575333230322	33.5795798216714	32.9458807136795	29.4962263688086	29.4031553408814	26.8023917962558	29.928333765848	30.0479874367652	31.2907821570507	28.3955685627177	35.1561372878193	34.2467940835343	34.4037271236708	30.0708721190457	27.337847867014	30.3291882845552	26.0450688230997	32.203150963842	31.0360535184485	28.8683428516429	32.0904584261428	34.9029794000455	31.7812924060681	32.7512983864762	35.8731168146845	38.0765942542134	35.1461646982996	31.1291919747365	37.4593022625889	39.8159170809866	42.7187547922455	43.4193527013013	40.6505408205106	37.2038278944519	36.6176488049137	33.3923372796814	34.4413261359083
24	6.72817939713263	3.45679403494047	1.31899469293853	0	1.32371522617215	3.49861486877307	6.74418393877272	6.27516677069223	9.76672114888102	10.4901738307809	12.920482421334	15.1831365995304	14.8778974657039	16.6931222963231	18.8479286395084	20.5104525059785	18.6992248769835	20.6566663573772	24.6024736967647	27.4961544583965	30.1993290322815	23.4775986847037	25.584470797732	29.6205115924759	32.0162656629408	29.6668314620891	31.1052023623059	33.7989565667344	35.5258947389084	31.3355515190015	34.9092366716891	38.479746737732	39.0076482756908	38.2146145473168	40.6238316016596	39.4159680459582	33.6360694790577	37.7119900694726	37.6750795885025	34.2320022931759	32.0247299129907	29.2224492128911	27.5004933773923	24.5534421415817	24.9151917311507	22.4283993410141	20.4052512113916	17.7701868588937	16.4532464273772	19.9212953896076	21.8794231413902	24.7760336414044	24.4899957737849	21.4535760189298	27.3699422359639	29.6567458430624	28.8532017980674	30.3470574026544	32.7621286701582	34.7379424980813	33.0405002837427	32.1411289783044	27.6372764396205	26.1761545877159	25.1886959567184	21.6322616709395	21.2401750699	17.6655815358567	15.1177486419109	13.3571325515621	9.5408595524722	12.1656547296066	13.9247186327049	10.9142060178467	10.7419434926832	14.8988742192154	16.0174081236635	12.2314991313412	16.5577466462076	19.7607403201398	20.0790176303523	18.8126331490305	21.243770333912	24.7839371569571	25.2020758073616	23.3162562603862	26.0493631592022	27.3409699535331	23.4589587151689	22.5151611364432	18.9746407607628	18.9760477708083	11.5303999930618	18.0105095985649	20.5697287536807	23.847214638192	25.4891291338092	22.5336856284097	21.4394756232516	25.1470685766751	27.2535725548046	26.81974108749	30.4792374412484	33.3458785459313	34.9164383349734	31.8980881872253	35.742996418879	32.7996505469189	31.7436798906491	28.6374413137766	27.9667429816201	24.5927892074079	28.2334466369234	27.6122289574746	28.694409019877	24.9151000399356	32.2047285658488	31.8386728052537	31.7352938855149	26.9851520840628	24.3629660755828	27.7624953849613	23.8812241311035	29.9694468751093	28.3950546046314	26.6725850453232	30.1100344403656	32.8885606404415	30.163440718857	31.1407271912523	34.2303286282793	36.2773976740339	33.8023824899962	30.0907011882409	36.1879023155529	38.7753377290257	41.5693683618118	42.4293160444521	39.6708657581354	36.2595365800502	35.3221814303703	32.2257921857633	32.9313070952248
25	8.948602740093	4.7481399516021	3.02822538791286	1.32371522617215	0	1.3327137727209	4.55750227646679	6.50365235848288	10.2318761720419	12.3530589733879	15.2660312131215	15.0533537127113	13.7050760304349	17.9344331942774	20.3100169620806	19.7287628096645	18.9639281532071	23.4021941279018	25.6152506136481	28.4021053797073	30.5758605602524	21.7597099245371	25.218067134497	29.190889177961	31.1506697680804	27.2653429283404	29.6514392736676	32.434475253964	33.2449358098343	28.4703689649432	33.0012430977986	36.0943654744061	35.5672997428818	34.7625000970874	36.7937182682044	35.2292892065679	29.7489828229471	33.0010497105774	32.9135312751458	29.6298513327354	27.5538896165315	25.0560335847476	23.1516344347435	20.4358740943469	20.9385108830595	18.6525076598295	16.4583891678378	14.3255242137941	15.2037894618414	16.9514424459985	19.3329908963926	22.187625808094	20.6241238844223	18.5675204052668	24.2773095296822	26.0596432055391	24.3447294295911	26.4137565105761	29.0577911238965	30.4839326367186	28.2464880294878	27.1463618372702	22.586134374877	21.5832792689156	20.9876361937213	17.3698080012417	17.0013777676987	13.4458462359199	11.4429759241204	9.49055962522759	5.90510135391426	8.6239152361326	10.0225284733943	6.3973349138528	8.35404285361286	11.1154142522895	11.0204463158259	9.13979873957846	13.2711446755734	15.4536228114963	15.0725315060211	16.5251209072733	18.7026526995504	20.6726882867227	20.1964084926009	18.0511544506162	20.7731466562002	22.3646549939855	18.4303741958757	17.8008920001218	14.5474135501814	14.5211852822006	7.31769239583081	13.7583082535608	16.5955288858174	19.7692446492019	21.7270083076341	18.8850348689114	17.142642299249	20.8611555288771	22.8402914823782	22.1611196693669	25.7598375771277	28.9009730113019	30.4673420074676	27.5196606628788	31.471784410802	28.662139993378	27.6096915955249	24.731149953045	24.1614629110077	22.6816537315955	24.9431925783369	25.3789546081	26.5023203889773	24.8027501297739	30.5713845777387	29.2000989210653	29.052573758619	25.4074411541186	22.4259760545667	24.6587400326943	20.3497316689926	26.5355344020052	25.0344157910665	22.7776598666325	26.2458622262634	28.9931441723729	26.0832173245557	26.9247006668598	30.036133472869	32.1031717436144	29.6786101089657	25.7809443581883	31.8013749702745	34.4002717576475	37.1977548381619	38.2281063224429	35.5325000949835	32.2273182874405	31.385011231478	28.6663127904514	29.7664438924101
26	11.7941513047781	5.55536767460084	5.40661788921688	3.49861486877307	1.3327137727209	0	1.34287527343384	3.11833064314867	6.33104201533996	8.59691113133083	11.4398745622494	11.5336076316129	10.7250585546187	14.6334159033358	16.8003121994801	16.6668915818157	15.6263505016366	19.9206184893944	22.3565026110973	25.142022532008	27.5168072820958	19.1720764916062	22.1841619855247	26.1775214640348	28.2962532148693	25.0727581649885	26.9694483814556	29.691966691346	30.8987101996184	26.2468755854864	30.8315631293647	33.8787190430807	33.7387357350568	33.2341372386888	35.4115826672573	34.0469397890618	28.1625368175525	32.5879276573396	32.6599604715009	29.1730259829179	27.205240561333	24.1075116094548	22.6841017895794	19.3362138486313	19.8003916375409	17.1702163935112	15.0997950648345	12.2246544736446	12.1644814521623	14.608887431971	16.9419553180853	19.7637835952532	19.0720353659488	16.8953409258292	22.5081126041256	24.4587557124233	23.64298610582	25.4058249620043	27.8734016223352	29.6007593483681	27.8284519152611	27.3787090637963	23.1534240448362	21.2437195189543	20.2019716364517	16.7591587199358	16.3665530579899	12.8353855025862	10.8817717766915	8.45599166272059	4.24067317769243	6.91227784453142	8.65637435650746	6.55533866402034	7.01504996418415	9.53235023485814	11.1994684695302	8.76518311274784	12.564745839053	14.9496004294429	16.0852464388955	16.1559984525872	17.6415291003926	20.8056936918719	20.5750999754558	19.221136542879	21.7949465931899	22.5666136139209	18.6095514722951	17.8706649848292	13.8925004948713	14.6826075000321	7.8621056339889	14.1473144094559	16.8326476229974	19.7761050512987	21.4802424800094	19.4343250204374	17.9041724187408	21.8238177457566	23.0338487665436	22.7485544595695	26.3535151545292	29.2423502817404	30.4221354608778	27.1501746955706	30.7601947165489	27.598888347178	26.6295606234876	23.3027995957567	22.6745893678364	20.0376820266217	22.9362225529837	22.7452972282184	23.8315680348566	21.3518601531576	27.6973124689021	26.7565584109766	26.7868192027348	22.6260727701473	19.7927187874733	22.8093780932318	18.7593525741162	24.8633739263198	23.6958126469636	22.0598368987624	25.191360602397	28.0236515821904	26.0690875367743	26.4867680361346	29.5501780197683	31.7546615318129	30.0456775759842	26.2854022795924	31.5422459726634	33.9524871842992	36.7492891904048	37.2885044752401	34.4643113089468	30.9592614414492	30.1198645913291	26.9129719280499	27.8620549313937
27	15.1937030706803	9.57845963607927	8.94354923953572	6.74418393877272	4.55750227646679	1.34287527343384	0	1.30701415447577	2.75514899778578	5.94734175913912	7.96933202972495	4.88312164501357	6.01415172738434	10.4481771137362	10.2674643413065	10.6284265533521	13.0419021235401	15.7504385335774	17.0291378818776	20.0812425163385	22.0585865821	14.0598554757864	17.8158950939884	22.0860095762	23.7990239085556	19.6458308299751	23.4502553291004	26.2755903644428	26.8662711405956	23.4300165813002	28.483143611617	31.0039829860616	30.7269027401071	31.4348645137847	33.6947908436898	32.1485382249333	25.9741780428178	32.1323245035276	32.034480704391	28.4069884887504	26.1556972378868	22.560840986098	20.3772049604454	16.4978829247877	15.5225479222968	12.6538920889978	12.2062662595898	9.84950465759573	10.2872992568507	13.0779274351864	15.2885853171574	17.371954956193	17.6328615091255	17.0802773689422	20.8800499520475	23.15398129912	23.8031673942776	25.3114858117812	26.8934080212977	29.2351941673046	27.1633116905874	27.9158542409148	24.0828993894008	20.6849033838691	18.9155465688941	15.6316237480308	13.5853137247544	8.72008486197239	7.94773533781794	4.30608662244502	2.98443311199967	5.40280603020319	8.20420191121599	8.23235877498059	8.60145708586632	10.8061165549887	12.6793473806817	11.7403853429093	13.3969980592669	16.7099758527653	18.1999349724113	18.7162647448683	19.2504736045636	22.9136311832062	22.2770055438338	21.2763379837791	23.5961388578725	23.5466728010562	18.9582873171603	18.3664288036624	14.6104355171227	13.4769923573474	6.6394298701018	12.4516113415092	14.1821431384682	16.6389755994773	17.8158925120242	16.9948763161136	16.6970956157051	20.8983977137004	21.5052411053678	22.5649751606333	25.9620470109735	28.3517335272466	28.7532815170721	25.1585963042456	28.6802163346095	24.9861964492397	22.7477959811495	19.4438663336282	17.6468889609472	13.9653444282624	16.6678907183843	15.4119905917438	16.0069315922821	12.8262000997957	19.298129598487	19.1771893143912	19.1456506549138	14.140956297224	11.4831839225887	15.7988778398974	13.2253688795436	18.8473729469123	18.1140486087456	17.3304585917396	20.1501334486896	23.0911056686335	22.504057056451	22.6208414078699	25.4630326944769	27.7103522171769	26.9394358886744	23.7048874707306	28.3351878765608	31.1531603693751	33.457906285361	33.7097310727926	30.8088605923686	27.2413834450455	25.2275449855907	22.1316530110157	22.4242022377609
28	14.135284963523	7.67339305652982	8.68500690846012	6.27516677069223	6.50365235848288	3.11833064314867	1.30701415447577	0	1.30837227118278	3.20344189895806	6.00295768767364	6.63331719428522	6.32366207193268	9.37127920830449	11.4070084158819	12.0855368519566	11.3381460124661	14.7416042546258	17.2206082064485	20.2416037161091	22.6943152573502	14.9686441603774	17.7459712047552	21.8893077779997	24.0442703985794	21.1004890227691	23.2143101340531	25.9177504617974	27.3068331558238	23.1658193250314	27.5477172557002	30.5761153353398	30.799193301124	30.6405542214889	32.9397559493084	31.9580535389751	25.7774228541179	30.8883204302209	31.1445138668113	27.6661394668645	26.0202157177837	22.5955162366342	21.3635393603214	16.8061641965084	17.4201948898398	14.2112177170009	12.5897639374215	9.68505818258208	8.40564845803106	11.9234949993699	13.970328306808	16.6507581509071	17.1303786881668	14.5478334125738	19.8891267279386	22.006338405105	21.7895519458294	23.3068784267649	25.5022907794574	27.5626684847458	26.0463921877868	26.1562202926952	22.3176571575065	19.9954652108922	18.9106400737786	15.6764028080424	14.9937167506926	10.709576555588	9.99798869773316	6.24310699892289	3.23767910701478	4.11623626629959	7.34476037730299	6.80078796905182	4.92991582078234	7.73405773187659	9.95136382612956	8.02685131293709	10.099928762125	13.301468603128	14.8919958031152	14.6705343801785	15.522472902215	19.2812284359685	19.299478464456	18.4729149297018	20.9414762851142	21.3560039801457	17.1528156289281	17.031816843778	12.5954325054759	14.1880283690159	8.67523959323315	13.8324796764716	16.1436132572606	18.6848626968463	20.2736078190341	19.1022314403318	18.0405582230706	22.1452125074473	22.3490013423419	22.3666836164864	25.7609909359093	28.7150832838771	29.3652514377112	26.0023013212292	29.3329657723184	25.7174319285577	24.4223796956808	20.6996215907441	19.8206179015691	15.905773228611	19.5412958628644	18.9382829475114	20.1871861833194	16.6910547599605	23.860869137565	23.2962531536726	23.8309376651444	19.6542327502246	16.9505036208368	20.0795195410647	16.3138400752245	22.2011173142254	21.5729157973604	20.2900580827163	22.6601123121665	25.8971231027695	24.7552671163128	24.720418928489	27.7078064090249	30.031702415947	28.921643884814	25.4183005529481	29.7751142399152	32.5293633045592	35.1607518833144	35.149891450757	32.1957588977182	28.5023579375462	27.2994379795629	23.671688004872	24.3172248827863
29	18.1580995977002	12.0570182466479	12.97382391587	9.76672114888102	10.2318761720419	6.33104201533996	2.75514899778578	1.30837227118278	0	1.34455977925863	3.04421549828523	3.27018699771129	4.26668548172935	5.94295625089063	7.57847108591172	8.64660453588574	9.57272589182413	11.3419259828303	13.5328708705877	16.6260381330009	19.047879199533	12.4484885026255	14.8628473046049	19.1639956428716	21.2396633918714	18.5864891520696	21.3438007158988	23.9570633217012	25.4118754325611	22.2546308664062	26.2925358799793	29.1860564139796	29.5960380118691	30.2139624842555	32.5987545467614	31.9332150119589	25.610881456912	31.4255085241273	32.5542528558098	29.1042875535547	27.489779700827	23.7178116401999	21.7323620437356	16.8461948522508	16.7928716424559	13.4334977202514	12.4965748907451	10.1923366310184	8.345201735129	12.5715324841485	13.4923134784217	16.1478104088449	17.9129811310122	15.6504697054114	18.6211169912011	22.1003909015203	23.383445875234	24.0319561001596	25.084123524652	28.2604867084769	27.1407143789547	28.8021820527543	25.6639371297547	21.3137022828039	20.6630831436163	17.8275207754752	15.8500935328471	11.402133177612	11.6786206805427	7.20980818052742	6.06504056045794	6.01904195034392	10.0115082280344	11.2880876148265	9.01030465633654	11.3255070085184	13.9269820851468	12.8545488446697	11.7869608466305	16.7703843724585	19.0206674173121	17.5534649001273	17.5317514812411	22.5333103870692	21.4118676906056	22.7426356651994	25.0168831192057	24.437637467644	19.8075570174618	20.2014550713556	15.8155997040896	16.2632323048034	11.1644511284702	15.83844730395	17.4694952703276	19.966916712402	21.2434536034045	20.7860119551587	20.1326423998441	24.3267078126079	24.233380882576	25.1646416624597	28.4841036544947	31.0087938817362	30.8346178669365	26.9833456969294	29.8414501323243	25.8788154868031	23.9196646088527	20.1009659966878	18.3538644159752	12.981191547774	17.5342640564125	16.006384007639	17.2452592326123	13.0997003782529	20.6408461309124	20.568661283613	21.2335373642735	15.5070613915081	13.2133607004426	18.0524426325082	15.5190810939308	20.7484903065259	20.7288943506401	20.2501013824623	21.5965739412528	25.1956648850551	25.7025087686008	24.8464702925788	27.5580655707181	30.0432382741941	29.974726237282	26.6953453995261	29.6258929654449	32.804041747931	34.7918688632847	34.5805974644742	31.5870936459814	27.8016245208801	25.9504501309707	22.0617550299155	22.1114812258247
30	18.183154731784	12.1848719730656	14.200330031376	10.4901738307809	12.3530589733879	8.59691113133083	5.94734175913912	3.20344189895806	1.34455977925863	0	1.34067669480751	3.04411317135221	2.91150356345309	3.05255221085569	5.12501453656475	6.85283795226474	6.98014620190723	7.84154104752376	10.9392192591611	13.9695211800548	16.5714962510933	11.0509663830816	12.4898209754984	16.6892406358108	18.9638189455605	17.1443136637195	19.1882281881366	21.6490657766103	23.3731651900208	20.5511517195509	23.796536491683	27.0422302889388	27.8534372385169	28.2745081477998	30.7613831938683	30.4965741190711	24.2633346018226	29.5113420569109	31.5153049961443	28.2127797637879	26.8721170360655	23.1297970159705	21.409569309073	16.0705865792136	16.811857244219	13.3455282023605	11.8695422826662	9.91151138827979	7.06488570325097	11.6606086890865	11.7252256694701	14.5878516924186	16.6643216783642	13.9789691322358	16.3865293457767	20.4431219729277	21.9661323632541	21.7750944200019	22.8321186270569	26.5026664507555	25.896205339779	27.9447855779929	25.0764709040168	20.5659059853924	20.5812771469605	18.134838460819	16.3762734771987	12.1949939729382	14.0696193622998	9.27489266784258	8.53725219259687	6.13771724666427	11.3082722376144	12.3460037664015	7.54611376802656	11.0904471505887	13.8416349106599	11.6093534703703	10.251028875191	15.4475222932353	17.6569511807673	14.8246133507758	15.4276257732679	20.5693775793046	19.7756752602787	21.8011877428731	24.2759996910529	23.6607740574986	19.1565145316156	20.5557424093609	15.8425111961456	17.8481011595071	13.8884745382637	17.9609220531687	19.9901908945363	21.68871863435	23.1060670387671	23.2439872009946	22.1667679646808	26.2747271917331	25.0130358413368	26.1922181000388	28.8961120049047	31.5778188132113	30.7621701607673	26.7396099261003	29.2222644913087	25.308528226667	23.2830437228469	19.3819994324631	17.7296971491337	12.0865761074011	17.2200836815621	15.8602252506073	17.4262818753743	13.0930703045542	20.7896290731701	20.712741127142	22.0795706932902	18.3830063101768	16.3214378655803	19.0006459627035	16.4169218186602	21.2706780333867	22.051623477649	21.3505623579333	21.6711709420603	25.6160484657568	26.723029656085	25.1969438226147	27.8040294561778	30.4169571456449	30.7083931686437	27.4922844630998	29.2735351127943	32.6100156547034	34.4504584730015	33.8389512987622	30.9204580334768	27.0580019587552	25.429634543186	21.1488967324539	21.1506102512433
31	20.9683508650538	15.0291703031139	16.9594616070204	12.920482421334	15.2660312131215	11.4398745622494	7.96933202972495	6.00295768767364	3.04421549828523	1.34067669480751	0	1.33728904878489	3.28825576864088	3.16667807015491	2.97280624999343	5.17206854169587	7.0736404347408	6.63826468288212	9.18314112926509	12.3168699351743	14.8345169452868	10.711512171491	11.7272259720703	15.8482032420082	17.955513526491	16.3879091405829	18.8978630008792	21.2265243975551	22.893989997377	20.8491961955371	23.8386977412777	26.8805621593002	27.5753414666074	28.6168010266696	31.2006364197912	31.0293560680849	24.7037153683409	30.3934685582281	32.7150509398961	29.4794366465847	28.003734983034	23.9857284442228	22.2205017495105	17.0942479799493	17.2164453067409	13.9865849298533	13.1245391919107	11.5306773868667	9.21205975881616	13.4265804283891	12.4995386314856	15.1203758551168	17.811442389655	15.9062771571477	16.6361655738334	21.4169303356013	23.2868370759105	22.7329227773289	23.3935066631747	27.6156423789127	27.1277845391031	29.6194803803173	26.6503304669942	21.987611193579	21.9765473630414	19.7281093620245	17.5120943350588	13.1783597234254	15.7022804394776	11.0012487927508	11.1208752353401	8.21637614766997	13.318141086503	14.7037961424933	10.4818121524859	13.2968478219464	16.0474223786875	14.5602063515597	12.2836052525307	17.6256454066227	20.0425597167627	17.5067727465687	17.5591709940988	22.8598356293303	21.7001806674507	23.9509328837104	26.3754719009916	25.6887427874546	21.1552879677872	22.4911429233821	17.8168076545716	19.5083062565667	16.1621415660178	19.7592156726931	21.0082068011527	22.4398211445635	23.4496770340233	24.4688900647332	23.9125906166605	27.9166180437388	26.3901841789708	27.8936917958165	30.7007364732509	33.0520947293814	31.8728904556835	27.6070268228942	29.8424528985136	26.0042571514743	23.5689160972668	19.988847165357	17.5209637292017	11.1504651472483	16.6027301670539	14.3675647205781	15.7250094117619	10.4779243650639	18.5594911029371	19.0809509721083	20.4498315151984	16.4614451977948	14.7584942660151	17.8611946129031	16.390405333609	20.6130866441686	21.6551895627815	21.3607316822247	21.5049561496879	25.4460633890588	26.9665945384285	25.6548054562883	28.0493927741761	30.6180902245715	31.3657234891848	28.4262748174994	29.6554484875882	33.1750739863531	34.4947075650744	33.8967366570884	31.0167171860595	27.182355692618	25.1513390697195	20.8462063215349	20.4246351987006
32	23.4314793600404	17.0613708124523	18.3108223190549	15.1831365995304	15.0533537127113	11.5336076316129	4.88312164501357	6.63331719428522	3.27018699771129	3.04411317135221	1.33728904878489	0	1.32399622355956	3.37388855773275	3.60435528215519	3.09508788243565	5.41137219196758	7.23069733843147	8.29242479616186	11.3336124426416	13.4416502335093	7.47045038802882	9.67749001549472	13.9477140062449	15.7611436767768	13.2230557739125	16.4744309158162	19.0033724375438	20.2884545986135	18.0545227574699	21.9933480852734	24.4599742027664	24.7009323913086	26.0137376591677	28.6054894207388	28.0987475521597	21.6879998847289	28.1279975291523	29.8562289648241	26.5767314958029	24.874051760821	20.8308886752342	18.8136447292916	13.8818105807564	13.320768633979	10.5386546579722	10.1913360753142	8.71517555761214	7.53230595501802	11.0814830234946	10.0178157299882	12.2514737888958	15.0894636750283	14.3764872274141	14.459110104014	18.9246663642982	20.8811713033536	21.2031465117798	21.4016183967475	25.3323122118768	24.4452815487979	27.0124478713056	23.8816797985401	19.1407833173044	18.8750429403485	16.6970476432212	13.7785123289853	9.48710930684368	11.4147802869788	7.29863857167897	9.27303887622607	7.16138555029681	10.9726778864596	13.2503969374506	10.9203843338959	12.4709387778146	15.0426243388579	15.7973275271484	11.81700110011	16.9208962233092	19.652816719239	18.3619915314216	17.0683635126511	22.2983478760199	20.1274786548142	22.9001055237743	25.1567655512389	23.4277932806314	18.8561787221059	19.7816746004983	15.9236756121192	15.9910172909668	12.9524823103527	15.3694230861148	15.7526400644463	17.5363202810624	17.9399576643871	19.4138303536422	19.9881145934278	23.9559516822021	22.7294053375798	24.6685027717533	27.597474522137	29.4962379465585	28.548710233564	24.2105162687622	26.4615458543147	22.6359880720944	20.0867653941594	16.4980567643586	13.9377131553207	7.65099215788383	12.2271511399835	10.1913393624195	11.0624247342072	7.70779533978427	14.4457530091027	14.4215578215393	15.194683116143	11.239985231307	8.93342828929633	12.0754920810707	10.8682148028092	15.2543320076626	15.6755152068441	15.6706745228149	17.0402193941275	20.4032436146805	21.5052866756061	21.1155710555031	23.5003184020983	25.8311109130057	26.4094567532163	23.895483045965	26.1123411627529	29.5610816107936	30.7860921521391	30.4209917326835	27.4854519518963	23.7098632007863	21.5556246256053	17.3811362114219	17.0023515138348
33	22.6126641066461	15.1930666423866	17.1600032051279	14.8778974657039	13.7050760304349	10.7250585546187	6.01415172738434	6.32366207193268	4.26668548172935	2.91150356345309	3.28825576864088	1.32399622355956	0	1.32924865995795	3.28544593624671	3.36229118310714	2.91762951726226	4.75347041644313	6.80889902994604	9.63147496492619	12.073280498688	6.62627104788206	7.54548726060816	11.7720705485484	14.028845319555	12.4342741243709	14.3035443509642	16.7380768608583	18.4596398935624	15.9527190785772	19.1351344129065	22.21605070664	23.0773676575124	23.7556157150262	26.2856103980866	25.5215341231674	19.1891290578807	25.3725885553682	26.3307418429485	22.8524409855928	21.0649936387363	17.3239015813413	15.2034075456787	10.3961073484261	10.4503705675923	6.96907325259248	6.10522964351055	3.83363078556086	3.83168070172868	6.82926687134131	7.43929902611798	9.90693393538081	11.66463484212	10.7765112629273	11.7359266357625	15.9638380410226	17.4974385839757	17.8960937357849	18.4509939298673	22.3100318690942	20.9946286940255	22.9718013660226	19.7114773672599	15.1143159951087	14.3915282023835	11.9747212493653	9.81604350031111	5.63226730544636	9.14862716477177	4.91307663282388	7.26356785608835	3.70720433750286	7.17101352669203	9.66336194085681	7.60403221981601	8.10891509389512	11.0029416975643	12.7069531753288	8.1961011462768	12.9542609592365	15.7094794630503	14.9214446351551	13.6208053359557	18.6859826072915	16.4886362383309	18.6867213550157	20.7880282133732	19.0672901063575	14.355406437994	14.981325008156	11.2798889178928	11.9814160682283	10.6623648408784	12.6396975438497	14.4070785379965	15.3093519457879	16.9399754722373	18.0259678519629	16.6157901407065	20.4382010216164	18.6145655603347	20.1601767849392	23.0062796862074	25.2775499999505	24.4593512996563	20.4779127354328	23.2761176530795	19.3152921282594	17.4028798191564	13.5737253913581	12.1908947169599	7.95656980111404	11.9133950240895	12.0455230687588	13.9412220769917	10.9261797989965	18.1755644754159	16.7982229417281	18.2754402135762	16.1010600893233	12.6039647730387	14.1580173046935	10.4642001605474	15.7562837306263	16.424573571329	15.2082433568115	15.605183914328	19.451558138103	20.2259103874214	18.6774779078975	21.3792923409546	23.9791666869389	24.1138617811416	20.8935542691999	23.104747109631	26.3042651674591	28.371348117423	28.0972310735417	25.0997915529193	21.3208587772632	19.7298053969115	15.8952404826099	16.2996570822824
34	24.1151840341309	17.279727167985	20.0312396770644	16.6931222963231	17.9344331942774	14.6334159033358	10.4481771137362	9.37127920830449	5.94295625089063	3.05255221085569	3.16667807015491	3.37388855773275	1.32924865995795	0	1.33556467458525	3.35966322717024	3.45637512431738	2.80482334559594	4.84887419923429	7.80871237785078	10.5632855210867	7.83905472617713	7.60806946603407	11.4019743027249	13.745869852432	13.3311271091382	14.7806241749122	16.9222484912614	18.8536435205506	17.4828323220238	19.3634348709107	22.7178919356528	23.9070549629184	24.7999626814235	27.4441464250576	27.793487330668	21.673886430449	26.691124123948	29.9567485218273	26.7938122147633	25.5397244503538	21.5251899178614	20.1513605992251	14.6969001493512	15.7171056813906	12.3583832275909	10.8359140362039	9.5338762840725	6.56714801112324	10.7849192857434	9.70072131338696	12.0940050438223	15.0684782907897	12.8312306892207	12.6819545417889	18.2933158557983	20.3281848919179	18.5796646363706	19.333249338898	24.2327478425374	24.287546356106	26.8077120620168	23.9768409512179	19.3769666872811	19.7996740882268	17.6571529415135	16.0274022224439	12.0561493437996	15.7697849382926	11.3506768961151	12.7647547959215	8.18019498545114	12.835	14.5822698507468	10.1776162729787	12.2222972063356	14.7676132804187	14.7365875968624	10.0541702293128	15.4520378267722	18.1417142795272	15.8658200229298	14.8004612428127	20.26934192321	18.5902506438187	21.5550516816824	24.0202946068528	22.8657563618613	18.2249161589292	20.2608124466913	15.8846637358176	18.2801010117559	17.1528106734727	19.1966865370042	20.9337217426811	21.7668760046085	23.1898867828198	24.5285491825342	23.1004448009124	26.876898500385	24.6435793869316	26.0212527369456	28.3418547381783	31.0270043349338	29.7227382655098	25.5136126802928	27.6246332283345	23.5127431194236	21.5783048917194	17.5828925094821	15.9189265341605	9.85625633798147	15.5845528970195	14.0385910261678	15.8444644276795	11.4188358863765	18.7958830598618	18.9475990563448	20.7670865554126	17.9560337491329	16.3096439568741	18.1156472696948	15.9383990726798	20.2334836100954	21.5650782748406	20.9406916313669	20.3576889896668	24.5262267786955	26.1503136692469	24.2452794786944	26.6751627736365	29.3516886226329	30.0850430612954	26.9685339238157	27.7517964283396	31.2496298538079	32.6907474065675	31.5196256322946	28.8049123935484	24.9540013825438	22.823720949924	18.5947689956073	18.1464280507212
35	26.6347912700663	19.8943218532324	22.4624341957856	18.8479286395084	20.3100169620806	16.8003121994801	10.2674643413065	11.4070084158819	7.57847108591172	5.12501453656475	2.97280624999343	3.60435528215519	3.28544593624671	1.33556467458525	0	1.33153520419101	3.53742307336852	3.64933363780293	3.39961953753652	6.46238926404159	8.68815590329732	5.81074952136125	6.60743528155971	10.306929028571	12.1538585642585	11.4831301481782	13.9077600640793	15.959895989636	17.5529185607408	16.7582553984596	19.1494790529664	21.8008203974071	22.4930032899122	24.1138531761309	26.8873560805074	27.030739427548	20.8241575820008	26.7609681626058	29.7256558548335	26.9608124692117	25.5397765064614	21.1210547795322	19.707048358392	14.9128861727031	15.1122077142951	12.3332113011981	11.7914974451933	11.1636245906068	8.95385101506609	12.5631822799799	9.96850776194712	11.3505258909004	15.4672043045923	14.8026115939046	12.5883872279176	18.3632515911535	20.7500930841286	19.5032908505206	19.4642293965109	24.4824404420801	24.4123042337261	27.5112155492992	24.7394059952942	20.0253981982881	20.4576659714641	18.7584693138859	16.7714680633509	13.055221713935	16.258091185622	13.1026678962721	14.9698875747281	10.7364260813364	15.1721229233091	17.2242917125785	12.9492839956501	14.7337985937096	17.3235436617339	17.5108393002734	12.5549806053215	17.8600992158498	20.6018566153636	18.2215223293774	16.9237304989178	22.42403311182	20.2079193387147	23.8076385641247	26.2509581920356	24.4541873305984	19.8461286905028	21.9389986553626	18.1535850729271	20.0418029628075	18.8086501642197	19.9195942227747	20.3802842718152	21.7133979607062	22.0002811118404	24.1302864674251	24.2464375115191	28.1937392695612	25.3920255592184	27.3370585286713	29.4420849295698	31.5454543159549	29.6994443550717	25.1508318947903	26.6578616734351	22.3967389367292	20.2041366308981	16.9657345552735	14.1257454316578	7.65377037805551	13.275499764604	10.1630785690164	11.0179751769552	5.08089450785982	13.2702226808746	14.4021887919858	15.6519662982004	11.6491124983837	11.0311426878633	13.7006248397655	14.1738373420891	17.1324294541084	18.5122285260311	18.9707117947641	18.7636827408694	22.5937053180748	24.4491166302589	23.4812820348464	25.524566401802	28.1361569159685	29.3732884267322	26.8515158045128	26.4919755586479	30.2842076997236	30.8643076060358	29.8476202401465	27.0848430122827	23.3943546395279	20.9126850978061	16.725399726165	15.8745053781212
36	28.4063611537979	21.014740540868	23.2076413278041	20.5104525059785	19.7287628096645	16.6668915818157	10.6284265533521	12.0855368519566	8.64660453588574	6.85283795226474	5.17206854169587	3.09508788243565	3.36229118310714	3.35966322717024	1.33153520419101	0	1.34061553026959	3.38960366414718	3.20460481182938	5.45277488990697	7.37310043333196	3.35670269758881	3.52596568332705	7.6050411570221	9.53725594707409	8.59707560743768	10.787719453156	13.0041101579462	14.5818503969832	13.5175819213349	16.2081084954414	18.7515763870668	19.4633210937908	20.9123307644079	23.6670060210412	23.8060021633201	17.6265252957014	23.5620129445682	26.5052923205914	23.6759371725809	21.5206018967872	17.4752235178838	14.921643542184	10.439957327499	9.35084514896916	7.00745959674403	8.23519914756164	7.43080352317298	7.17251991980503	9.39274603084742	7.10454403885288	8.17498691130451	12.273696346252	12.4502681095629	9.41179398414564	15.1874647653912	17.6482040446047	16.7459352978566	16.3573245673001	21.3017401401857	21.2567189613073	24.3977729721383	21.3297589766036	16.6078382699254	15.8411760295756	14.3842790225996	11.3465781626004	7.84564114652206	11.7364908298861	10.0639981120825	12.9806420873545	9.26908048298212	12.6273673424036	15.2167309564177	12.5583553461431	12.3168219927058	15.301938504647	16.9131590485042	11.4459299753231	15.7964326985557	18.845390868857	17.8297225441116	15.3460657498917	20.5129382829472	17.5215894826925	21.3640948088142	23.5324062730525	21.223306316406	16.8985999715953	18.0574813581518	14.8439732214795	15.1861375273636	15.2131940104634	14.6194949297163	15.6430317074409	16.0313748942503	16.6905072720993	19.3406394154899	18.5193029296461	22.6063046736967	20.0461867945003	22.5075002165945	24.3813578374954	26.1628240257049	24.7369158546493	20.2527639101432	22.4300142443111	18.7235394623987	15.8226119841194	12.3593897503073	9.33644632609217	3.27206983421809	7.90120528780262	6.38821947024365	8.41409941704993	7.64567263228031	12.6365174791158	11.3753887845647	13.2150935297485	11.7625573324851	8.5374899121463	9.95572267592866	8.61007938407074	12.0357045909245	13.7122582749888	13.5252311625347	12.8515814980103	16.7865875626942	18.6304769128436	17.4959509315727	19.6296765892869	22.1323385343709	23.2598315987025	20.9564795707676	21.6500322632554	25.2390539046138	26.127232497913	25.9452858916606	22.8848572859872	19.3380744904967	16.7306885990984	12.950119150031	12.4477562235127
