38	39	40	41	42	43	44	45	46	47	48	49	50	51	52	53	54	55	56	57	58	59	60	61	62	63	64	65	66	67	68	69	70	71	72	73	74	75	76	77	78	79	80	81	82	83	84	85	86	87	88	89	90	91	92	93	94	95	96	97	98	99	100	101	102	103	104	105	106	107	108	109	110	111	112	113	114	115	116	117	118	119	120	121	122	123	124	125	126	127	128	129	130	131	132	133	134	135	136	137	138	139	140	141	142	143	144	145	146	147	148	149	150	151	152	153	154	155	156	157	158	159	160	161	162	163	164	165	166	167	168	169	170	171	172	173	174	175
38	0	1.33167188150835	3.91580119515789	7.33132968839896	10.4342300626352	12.799757849272	9.16855610224424	10.2074469873715	13.8644736286669	15.2017010232408	13.0095470328524	13.9233033795863	18.3300715765106	19.77369335759	17.1226085045474	18.4729892004516	23.3754054724191	24.5396461669683	25.2318928739007	22.2016821434773	20.2481069238583	20.1069556870253	16.2690741285422	15.9954390061667	10.5027373098636	14.5113836004704	10.6468593021604	7.4194030083289	6.58037210194074	3.12851754030563	4.74722761198576	3.50702965485038	7.17697673118703	8.59515218015365	4.77555452277534	9.13528155012204	11.7351093731588	11.9089529346622	10.0807845924809	14.5157482066892	16.9352789761492	16.6679289055359	17.4109855263853	13.1500173764144	14.5132791952749	11.1432653203628	12.9087086108565	11.1201133537388	14.8416980834405	12.0293596670812	11.7066638287772	9.69618368225356	7.20059629475226	8.4038792233111	7.54485473683888	4.44326749138514	5.77314931384941	8.10879282014284	7.144443295317	4.88282438758553	8.40730937934367	10.5501575817615	8.2367715155879	8.89398864402244	13.3631470095932	15.8856888110022	13.0707005550583	17.9669256691288	15.4857256207128	9.64689903544139	15.679215669159	16.3890021965951	7.51993563802244	13.7355930705594	9.95326107363813	14.2794375589517	16.147644317361	17.3602362023101	19.5352383399845	16.9296621053109	23.0233590294727	23.7305912484287	20.2223536216732	24.8712883864105	25.5117043726992	21.9808231874969	20.0065618235618	23.342467950069	25.0669872142625	27.1181909426127	28.4469812282428	25.2344289018	20.2956378564459	23.0268744948158	19.7259333366003	18.573122031581	13.5058685022475	14.8014949920608	11.7237435574137	10.883788127302	13.035186918491	12.0408657911298	16.4523027567572	18.0508833301864	13.0783918736212	19.7116346607784	22.3657275535584	26.0195499576761	27.5151088313312	31.1971574025583	32.3857176699853	31.584653314545	27.8320541462537	29.9811609181499	26.4994600133663	24.7675694003267	28.1424218574024	27.0457383888849	23.9362199605535	23.5227228228366	27.0595527309673	24.5787133308479	20.7601499031197	25.0176936586888	26.4673825302012	22.7803167888421	24.4224026868775	26.5413880948228	30.036220418022	28.5435084563899	26.1193876076756	22.715137705944	21.316038187243	17.8514706957158	18.4754235134137	13.8100944602128	17.8435276220819	13.8518087266609
39	1.33167188150835	0	1.33920050776573	3.98606673300887	6.84025920561494	9.13124011293099	7.70653826305949	9.10296111163835	11.5229989586045	13.3430408453246	12.5439656408968	12.8105556866203	16.7133190599593	18.394639681168	16.8769276232376	17.5927941498785	22.1881738094869	23.4433567988887	24.8152002611303	22.1285283740243	22.2385340569022	22.5509690700865	18.2183711126983	19.209997214992	13.6876309491453	18.061616594314	13.6556647220119	11.8501575095017	12.2335038725624	8.39481226710878	9.83373637027148	5.6771229509321	9.03504781392994	11.6110225647873	10.0773125881854	8.85481688122346	12.6396101601276	14.8352569913703	10.9813967235502	14.3194533415211	17.8894507741294	17.2957017203697	21.0436952078289	17.1750533332505	19.3093145657737	16.2349615952733	17.8152889395597	15.7545219857665	20.0957861752159	17.919719138424	18.4752805662052	15.9648382703991	12.0888210343275	15.9598755007675	15.6815142444855	12.1802348910027	13.5080678485119	15.8792557760117	15.7563885773359	11.0747413513815	15.8277570742035	18.2843378332386	15.7177431267978	11.8596179533744	19.8860444784779	21.8074001659987	16.7462638519761	22.2834035551125	19.4612996739683	14.1365078431698	21.2567388373664	21.98388675826	13.7916619013083	19.7665851628449	17.09227767151	20.9045814356566	22.7888085471795	22.6026185429919	24.5302147157337	19.5464570958524	26.9087079399959	28.7440352943006	24.6861352584806	29.369616919531	31.0286928825563	27.6214407480855	25.2010808101557	28.7381664516023	29.4603625571716	31.5891932470584	31.7453953196365	28.321678922691	24.3596135437326	24.0885824821636	20.8974489830697	19.9065015258834	14.3627607722192	16.1541856495461	13.1554741077621	11.978243527329	14.1978563874974	14.2067520918752	18.317836935621	19.8246005256096	15.5281163699916	22.1228280967873	25.0128532358865	28.326981095768	30.2725383144526	33.7035973450906	34.6717539648631	33.7542758920999	29.4528758527924	32.2984102395149	28.8901668219483	26.8674768074711	30.1950277032494	29.804884448694	26.467080307431	25.1615401158196	29.2206810666692	27.766075019707	23.0686492452419	27.2518859897806	29.3558833115272	26.2821796280293	26.0439561126953	27.8795280627201	31.4313548864824	28.3150561715848	26.2572849700802	22.1150935788208	21.7681160875258	17.6177004458584	18.909571676799	14.0706323240997	18.0026485273695	14.0973143896276
40	3.91580119515789	1.33920050776573	0	1.31548622189668	3.85794116077475	6.44908008943911	4.58898343862778	3.63786998118404	7.81619581382145	9.92569690248498	8.19277376716824	7.34158164158105	12.0641065147818	13.9342144737334	11.7409932288542	11.7682998772125	17.2373693178513	18.9356571050492	19.590967255345	16.6415488161409	16.044609624419	16.7545400115909	12.9401757716037	14.6361467948364	9.96984949735953	14.7790670206208	12.1966922155148	10.1422187414786	11.6125723679123	8.75686484993345	6.11088250582516	3.29086629931999	5.42122818187909	6.53132406178104	4.6976053474084	3.44046246891316	6.20424467602624	8.04041640712718	3.30611569670513	7.58297316360806	10.5099441007077	11.1452553582231	14.5749301542066	11.0315901845563	14.4191262217931	11.514077731195	15.321177826786	15.1064728179678	19.0362011441359	17.9142599623875	18.5563015172744	17.1917004103725	14.0064089259167	14.5971689720987	15.2198836723544	11.6033142248239	11.3570205159628	13.5284542354254	13.7386011296638	7.68057881933386	12.2852934030897	14.7895675393164	14.0983451865813	6.42395991581517	14.9109180803866	16.2884463040525	10.323602568871	15.2308728902844	12.0838881987546	7.87761442316137	14.9932100965737	15.8403011650663	9.28890499466972	14.8685214127027	13.2486214377195	17.2754641326941	20.0045575057285	20.7978744346628	22.6560675537482	18.7613375589269	25.4335179831654	26.6624388606894	21.6733397980099	26.2368166133012	27.713043282902	24.1431015406058	21.3082904757749	23.6437605511475	24.4817265730994	26.381388818635	26.4157171585403	23.0273040975274	18.8844627670474	19.237514002594	16.2539171278803	16.1035200499767	10.4061085906308	13.9914221578794	10.6774378012705	10.9475592713627	13.3025442679211	14.011790356696	17.6382677720914	19.5088310516033	16.4774601805011	22.5196472663317	25.7573243563845	28.7948069623674	31.167175778373	34.0918754250921	34.8821490880364	33.4333070006543	28.6669407157443	31.4127227409532	28.1413461120821	26.6254301373705	28.9963802913398	27.9630504952518	24.653385183378	23.2049800043008	26.9943987708561	24.6072766676851	20.9966781658433	24.2054653332672	25.4677363344291	22.1057516045033	22.2402888695269	22.8473569806225	26.7070236829191	23.6456910662387	21.8765480366533	17.7694525520625	18.3677067158641	14.4435986166883	16.5143739814744	12.3247988624561	16.7971644630872	14.5762626554271
41	7.33132968839896	3.98606673300887	1.31548622189668	0	1.33540405870283	3.16107703164601	2.78368101620858	2.95354228004273	5.01882267070675	6.59628645527163	7.59692371950647	8.23511268896789	10.6225572250753	12.319741433975	12.809515759778	12.4236496248083	16.0403459439003	17.7939274473063	19.5649676718363	17.875438456161	19.4971099653256	20.0129998251137	16.0066508052122	17.8657115727306	14.2281796446348	18.2798314270127	15.0568208463806	14.3215233128323	15.8829928539932	12.8466682061926	12.3933676617778	8.83381265366207	8.44570168784098	12.2305068578534	11.9811125944129	6.18910187345466	11.3890031609443	14.1058728903957	11.2769072444532	11.3778256270695	15.8141297895268	13.676135492163	19.2838367810973	16.6734909662014	19.5525099667536	17.4812981497371	19.5973881167874	18.510723108512	22.8124773095778	22.0528767057724	23.1872803278004	21.1404016045107	16.4149544318588	20.2622554766245	20.7055262188624	17.4800302345276	17.5844975759901	20.0217499984392	20.4546661180279	14.6781357467493	19.5638203068828	22.1227928390608	20.9075271852029	14.4906461208602	22.9504079702301	24.5926298919005	18.7156640811915	23.1296267803871	19.6078608216195	16.0420454119791	23.0741823473769	22.94926207964	16.3961201203211	21.3851736958108	20.1386669121866	23.3231066112557	25.5295029720518	24.7326099310202	26.3539078126945	20.4524867925639	28.0246536820707	30.0397125652028	25.2215140505085	29.8545487823883	32.1378739029202	29.3136156418822	26.0234364756079	28.2655111752822	28.3344049699301	30.3199403858253	29.0901491402158	25.8143756267704	22.5624723157725	20.5266998321698	17.3706655600757	17.2128418920293	12.5592442845897	15.0866492966464	11.1209188918902	11.5827050812839	13.5813817780077	15.2610008846078	18.4892752967768	19.6965729760281	17.5211826370254	23.4337660225581	26.6121409322888	29.3501610728118	32.1109915293813	34.8299600487856	34.5488481139386	33.6077441968365	28.0591366403174	32.2140702333623	29.2382538124287	26.969668500002	29.4437227775293	29.5432141785555	26.2392780007377	23.5445953458538	28.0747357779196	26.8983206538996	22.2530463757212	25.3975224185352	27.409339211298	24.8022286297018	23.1843809923836	23.647765835275	27.3220373691275	23.6789728240057	22.10514867627	17.2485878842298	18.2057049849765	13.6534208533979	15.9031982632425	11.6470250278773	14.9180972647319	13.0017970296417
42	10.4342300626352	6.84025920561494	3.85794116077475	1.33540405870283	0	1.35408788488783	3.25147443477571	3.41761525043414	2.96758538209097	4.7835477420007	6.86568700131313	7.22365565347629	8.70663023218512	10.7054208231157	12.5195620929807	10.2841412864663	14.0291967695945	16.497512236698	18.0582051710573	17.1917791400425	18.9966015381699	20.171215184019	16.679955155815	19.0600992652189	16.4747463106416	20.0642335263523	17.8509902806539	17.2074182258699	18.9668351603529	16.0478087600769	14.7734743374739	11.4930881837738	10.8631157132749	14.2833321042395	13.3232904719517	7.36940961000269	11.8209705608296	14.8497571023906	11.7364182781631	10.7578271969762	15.4686077912655	13.0479514100873	19.3437097527853	17.4882278976459	20.9523819170995	19.4427653640114	22.2164286283822	21.5524950295784	25.7676540065253	25.2660419733681	26.3574372995555	24.426429497575	19.8214280767053	23.2103629657099	23.659328604168	20.3369838963402	20.2633777292928	22.6274590928809	22.8092513248462	16.5488757624196	21.6547992140311	24.110629377932	22.9759261184397	15.738262324666	24.3471738811715	25.4170499074932	19.225838941383	23.5531804434136	19.9429532416841	17.2681928122198	24.1273832190729	23.8622133089116	18.543532807963	23.1567129359933	22.4359516178833	25.703137824009	28.1359999644583	27.4791914000394	29.041862164813	23.1397438620223	30.4885862906105	32.3136326184476	26.7748863863136	31.3973916273311	33.7140284303137	31.1674881406892	27.3391247482431	29.1739134502041	28.8737927539837	30.9526207129542	29.1749811139613	26.074512881356	23.0379533379161	20.3455254294403	17.4590300417864	18.0063983628043	13.9548126823688	16.9878555739093	12.5181553353519	14.3140231241954	16.3516876499033	18.1994827948489	21.1156179876413	22.7109046275132	20.6823968388579	26.3345264244489	29.5336866137636	32.2415636872655	35.0798566844279	37.6555977379194	37.6685280307049	36.5264106914435	31.0012033476122	34.4481321554595	31.5373314343494	29.5493003978098	31.3542972015001	31.1251945214805	27.8517883447365	25.2618196890089	29.4147957837548	28.1515635089776	23.5663038468064	26.4444387537342	28.2955967952613	25.3871451132261	23.5160957856529	22.9449467421478	26.7985152573795	22.9435082321776	21.8250294845162	16.6821809725228	18.6890962863377	14.2121273214111	17.346559572434	14.4113952135107	18.0822060047993	16.4621652585558
43	12.799757849272	9.13124011293099	6.44908008943911	3.16107703164601	1.35408788488783	0	1.32929868727837	3.42400277453159	3.65710609635542	2.86706557302061	4.84707396271194	6.85726250044433	7.77450564344769	8.90804787818297	10.9217524692698	11.1274768928091	11.852363983611	14.2991469675642	16.7926448780411	15.9266935049306	18.2047480070448	19.2237349388718	15.6603535719983	17.649557218242	15.7366283555277	18.6758914378939	17.1764034943291	17.4125295405349	19.287354665687	17.5023333587268	15.6672201427056	12.5111749648065	10.4032304598139	14.3627878561232	14.3776278293744	7.93302168155363	11.5361391721841	15.5974583185851	13.6320091329195	12.2051794743052	16.5418283451377	13.1504599919547	19.4245433665762	17.6066570648718	20.2348579930772	19.2037733010989	21.4985529978182	21.3560147265355	25.3004948172956	25.5629681179631	27.3815310382747	25.8078644796504	20.7116394329372	23.7353443412983	25.3218747528693	22.316279909519	21.3676083359837	24.0440976956924	25.0283240749356	18.8692389088696	23.5308161779399	26.0853262582625	25.3959220545347	17.9414742147907	26.4044476556507	27.3597577657405	21.242742384165	24.9964753715399	21.3361216250752	19.0152566114686	25.3932081864423	24.4762247497444	19.4348712884855	23.0668347633567	23.1721037672456	25.5748817788079	27.917379192897	26.539831612126	27.4206685914111	21.5007594284481	28.5794002386334	30.5616161058279	24.9593292578146	29.6441155206223	32.110373355039	30.1207294732382	26.1885613197823	28.0799036679259	27.5910455401748	29.6190140787974	27.4956689134853	24.5668770705599	21.4778901664014	18.4996815377995	15.7337952827663	15.8482273456687	12.659313212019	14.8543973623974	10.4044129579712	12.61407915783	14.6848918960951	17.1419825574523	19.2328444074193	20.8531018555993	20.0369317012361	24.8523999847097	28.0395598039627	30.4460185574403	33.3477701053609	35.674881625592	35.1142149278608	33.8845282688132	28.2087426341551	31.8583627482644	29.103053551131	26.904954450807	28.6961340427591	28.7040533374644	25.5060318748331	22.5429352569713	26.8316054122745	26.0252179625839	21.2377502810444	24.0221786480744	25.9772733365147	23.5793810139282	21.2422550827355	21.2945189896367	24.7379872665502	20.8009408441061	19.5392771104767	14.3244206165555	15.9026509739729	11.4495287675956	14.5292505312559	12.0300607230388	15.3608658610119	13.9155636968109
44	9.16855610224424	7.70653826305949	4.58898343862778	2.78368101620858	3.25147443477571	1.32929868727837	0	1.3281724285649	3.29465916294842	3.07971183716918	2.75488366360542	4.55947683402383	6.56728528389014	7.70869126376196	8.63940657684311	9.94083638332308	11.6461974051619	12.953612391916	15.0534666439329	13.4382347799106	15.3473792551041	14.4822587671951	9.83151509178519	10.3642532292491	7.49671681471295	10.3561292962187	8.54000989460785	9.41829310437937	11.0787063324199	10.9795878337941	9.28329020337078	6.71857209531906	2.96723878378535	7.53895357460171	9.53905681920388	4.62709520109539	7.80002923071445	11.5182108419667	11.5837015672884	10.0044922909661	13.9675028906387	10.4824370258065	14.5909765266071	11.5067597958765	12.8019672316406	11.7144818920855	12.8371187577275	12.905375817852	16.6295280149498	17.4222756550343	19.7349364833029	18.7287505990122	13.6862349095725	15.618971829157	18.4709526013143	16.0777962420227	14.3261909801594	17.3074615700859	19.3359225536306	14.5719076994057	17.9332286552087	20.6209965326606	20.986641656063	14.5415043925998	21.9345866384575	23.7031613925232	18.6230176663182	21.5167061838005	18.1305462962372	14.7757577132274	20.8105470375	18.9281640155616	12.8142650979289	15.8266674003089	15.9674303818742	17.2851407573094	19.5014468437601	17.7984070354625	18.8663072433373	13.0934186139449	20.2670655251321	22.2186809689504	17.0612442101976	21.7372796366059	24.1130681996298	21.8430911960739	18.5557401361412	21.2412416068365	21.1080105173368	23.2844794659447	22.4826789773817	19.1635361559395	15.776631389495	14.6121337593111	11.3342230876227	9.76572050593299	5.20188696532325	6.985396051764	3.43015364087383	5.44106928829252	8.16972520957713	9.20313615024792	11.7516241430706	13.9177573983742	12.6904241851878	17.3784172179172	20.6957168998805	23.4729008433129	26.1317473009365	28.4613857006296	28.9717536403995	27.2146224482354	22.3880814274024	24.7161249794542	21.6222860262277	19.9781102459667	21.8788915167108	21.3606876527887	18.0354698580325	15.9957152075173	20.0291126613238	18.7772572278275	14.1425663159131	17.4422414843964	19.5515145449144	17.0789059954085	15.816674144712	18.6570563594582	21.4882849245816	18.4917035180645	16.1550368925608	12.0363192463477	11.3088799180113	7.29225740083275	9.15259799182724	6.40856060281871	10.7912997363617	12.5505299489703
45	10.2074469873715	9.10296111163835	3.63786998118404	2.95354228004273	3.41761525043414	3.42400277453159	1.3281724285649	0	1.32862522932541	3.34560442969578	3.35599255064727	2.81379085932128	4.69626383415583	6.79772381021765	7.52375743893967	6.95645211296678	10.334651276168	12.3362618730311	13.4752960635379	12.1858363685059	13.94150099523	15.1917828446828	11.7377807953633	14.8113181722627	12.8851800530687	16.4338391436694	15.0310568490709	14.8705315977607	16.8628550963352	14.0649365800205	10.8936321766434	8.02738649873045	7.98398315378984	9.55958707267212	7.33521172155242	3.523917422415	7.12298553978597	9.07309594350241	4.57738123821907	4.84662408280238	9.83438218700087	8.23764638716667	14.6440468791929	12.5640700809889	16.7062227328621	15.0967696213461	18.9493417827639	19.1670073303059	23.0830640297167	23.1140020982953	23.8593536584711	22.6193058248922	18.8174694100987	19.6712712603939	20.2808868888912	16.6072602797692	16.2970315088362	18.2653899219261	18.0289554328586	11.4228683350549	16.1705364475023	18.3453534989108	17.3426139033307	9.37297999571107	17.7203146134599	18.1941229247249	12.0845229115592	16.5070054522315	13.057565852792	10.5409707807203	17.0872315779941	17.661869719823	13.4408244910794	18.0971094100688	17.4192933553574	21.3142654107525	24.340657961526	24.3262340077539	25.6472796608139	20.0560926902525	27.1389933859014	28.6049142805917	22.8810704950621	27.3808184501486	29.6391965309453	27.0966656435806	22.9854353450179	24.4912437822174	23.9955402106308	26.1233142805426	24.2523146318037	21.1037182979682	18.1221619019365	15.5208068733555	12.6738152898013	13.8905404502489	10.156769023661	13.7789005004028	9.31667521168361	11.7476985831268	14.1827753630945	15.8468914932866	18.4333138366383	20.360499944746	18.9590855000973	24.0464136619164	27.3313415148251	30.0040744066535	32.7872454469722	35.1483914425682	35.2157315414574	33.7237382566049	28.4552951311351	31.3881264971326	28.4140854155118	26.5267328934417	28.1919037136551	27.7350764916919	24.480538270226	22.2876767743971	25.6901222262565	24.1321065388001	19.9141537856872	22.5492785915647	23.9162681662504	20.723119866468	19.0272833846558	18.055624746876	22.0587948446872	18.3766456678035	17.3095896542928	12.3799210013635	14.9353459283674	10.9426819838648	14.4275922107606	11.8600641650878	15.9637374383319	16.5777606750731
46	13.8644736286669	11.5229989586045	7.81619581382145	5.01882267070675	2.96758538209097	3.65710609635542	3.29465916294842	1.32862522932541	0	1.3520384609914	3.42931727899301	3.59319648780859	2.95979627677311	4.89270814580228	7.03460482187877	6.7144022816629	8.37598113655946	10.6898007932795	12.290991091039	12.1696610470465	14.2947733805052	16.223521843299	13.0379965485499	16.4847035156839	14.9476738324062	18.2864677835825	17.3023377900213	17.1745319295753	19.2392732710984	17.6574829746485	14.5380770736711	11.4272712840818	10.3987342498979	13.0086991278913	12.1487340081179	6.07668832506654	9.35268784895551	12.9080725517019	11.2398360308325	8.73316626430529	13.2423402765523	9.44283569697154	16.2858169276214	15.2825889168033	18.8428667935641	17.7131395861942	21.0052145430605	21.5201230712094	25.2764546564585	25.697994007315	27.2469421770591	26.0087820745225	21.5185710027409	23.1001930078517	24.7778681286345	21.501268543972	20.4045088644642	22.9054399215558	23.7082569793732	17.5885038021999	21.8023222616308	24.2054354639614	23.91005198656	16.1437490069686	24.0413607975921	24.5474250788143	18.7061585848084	21.8219270001529	18.1539316678234	16.5470679577984	22.5407517620864	21.870077343256	17.7562325959084	21.3024540605067	21.5537673969077	24.2541888134813	26.9384837175369	26.3197075401685	27.5099835514309	22.1691582384176	28.8647348333568	30.2519992893032	24.3370783990191	28.8191891107297	31.1805979577044	29.0867496121516	24.7247547207247	25.9306530191586	24.9859910750004	27.1529744042895	24.5574139721592	21.7148524747464	18.65970723243	15.5202252883133	13.2015551356649	14.7203518300345	12.0289498294739	15.3345770727464	10.7664424022051	14.1360723328653	16.594883187296	18.3236825174417	20.6583304746536	22.6166995160656	21.5786325331333	26.4031380142588	29.6846533751028	32.2367628337586	34.9554069494263	37.1360074052125	36.7498230063765	35.1862862064186	29.7232307463371	32.5434006520523	29.8563415206887	27.5606930428101	28.8727117015358	28.6847498507482	25.543837260678	23.0339006466556	26.3406307821206	25.1321285608681	20.8605446956689	23.0524552705346	24.5555287664509	21.463137911312	19.0580998265829	17.5976799323093	21.4823929300253	17.4902863327048	16.8596721794939	11.6158449541994	14.9478641952621	11.1848830570552	14.8611091779853	13.9829722519928	17.4203227869061	18.9981303816981
47	15.2017010232408	13.3430408453246	9.92569690248498	6.59628645527163	4.7835477420007	2.86706557302061	3.07971183716918	3.34560442969578	1.3520384609914	0	1.35308868888924	3.40017793652039	3.52960989345848	3.22290846906952	5.29002258974383	7.14516654809389	6.87368212823375	8.51026004303041	11.1503410710166	10.3840205604573	13.2306234924889	14.1623515349676	10.9489438303427	11.7937909935695	11.4711687721871	12.9620749110627	12.7153911068437	14.2392151820246	15.7205199023442	16.3708428921666	14.0262079337218	11.8939617033182	8.08949479263075	11.8222845930894	13.6952666640705	7.05750834218423	8.71258893785309	13.715877988667	13.706374356481	10.6254172153379	14.2351268347001	9.35088145577731	15.9140733629074	14.325983700954	15.4750970594695	15.4017191897528	16.4922097973558	17.1669769907226	20.4037933237915	21.7389277794467	24.2064220197864	23.6846997025506	18.5179357920909	20.0827100013917	23.3913531032303	21.3129580537287	19.1513081015371	22.1130559624852	24.3135793539331	19.7852405090259	22.6442990176336	25.2420113699364	26.1603386063713	18.4986449774031	26.0510489807992	26.741077278225	21.0901536030442	23.1910331378315	19.5483653280779	18.5519881953391	23.7862025132218	21.6938156394858	17.0772278195262	19.2436888615463	20.1161907676379	21.0229923892865	22.9863610647706	21.0043082485475	21.1572910836903	15.5904195581774	21.8825861360123	23.8317431380921	18.0705290736049	22.7129500725907	25.3523821563182	24.1453101450364	20.2929012711342	22.2168977132272	21.0689158240285	23.3404391775305	20.9612919687695	18.278399574361	15.2591486984039	12.2864134311035	9.71109262647618	8.64095966892567	6.9771105767359	8.60134878957945	4.35174493737857	8.17426675610724	10.3527753766804	12.2959093197697	13.6202295869049	15.4508228259857	16.1131513367187	19.5532396037076	22.6584508517242	24.7409171414481	27.3714950632953	29.4035591213037	28.8190843365989	27.1791897230215	21.736202865266	24.5806013555405	22.055940968365	19.5695522687669	21.0473333465311	21.1664897892872	18.0898363729471	15.0184463244372	19.0822729516166	18.5899489509789	13.7176800881199	16.2668204944912	18.2859439461024	16.6831122695977	13.8525083649136	15.6451252791405	17.981561723054	14.3812819317333	12.6303327747134	7.78901084862513	7.99609041969887	3.5510968727986	6.81375043569986	7.16602686291365	10.0608518029042	12.6695528729312
48	13.0095470328524	12.5439656408968	8.19277376716824	7.59692371950647	6.86568700131313	4.84707396271194	2.75488366360542	3.35599255064727	3.42931727899301	1.35308868888924	0	1.33282369426717	3.45822179739819	3.4860398735528	3.33213655182377	5.08520107763695	6.83878249398239	7.94004766988209	9.36387371764485	7.76303155989978	10.1239840477946	10.8218935958547	7.23971408275216	9.13381048631949	7.79692875432371	10.4821808322505	10.4279045833763	11.0400327898064	12.8698355467348	13.2387740368963	9.71670139502084	7.75945397563514	5.27146175173452	7.27382526597938	8.90155873990617	3.65945501406972	4.45621060992409	9.22656198158339	10.9727835575117	8.57538314012849	11.4093320575746	6.18532270783021	11.7557339626244	9.67310549926961	11.6134360117925	11.0571087088805	13.610781792388	14.8063443834054	18.0853652161077	19.3264960869786	21.4352586408469	20.8651787914698	16.5055455226418	16.5899669077428	19.8587861915073	17.4101615730584	15.0627297990769	17.8727456480531	20.0156263953942	15.5606378082648	17.9635453905959	20.4846968491115	21.6839115705631	14.9219766452035	21.3491523485126	22.8101055894093	17.9665003269975	19.2692879993009	15.854095117666	14.1124181131371	19.1084475821559	16.8860998457311	12.3873096352679	14.8413238627826	15.642164108588	17.3787553064079	19.7874042259211	18.7497468249574	19.7749992667509	14.9220422864968	21.2817359724248	22.6372942508596	16.7477604771504	21.2959789866538	23.7079540450035	21.5550874041373	17.5658916653838	19.3664540894816	18.8082580267286	20.795515983019	18.9054975337863	15.8367558230845	12.8023071748806	10.2963606677311	7.12193737686594	7.40668454843326	4.21286137915787	7.97174516652407	4.22971500221941	8.86152932625063	11.5710184080745	12.1767142530323	14.3672107592253	16.7088635759587	15.9167520870308	20.0712703633826	23.3663374322978	26.0757214857039	28.5598041659953	30.6390993503399	30.8344665917865	28.76797139181	23.9364930388727	25.4942842809913	22.7546075334206	20.6086597332286	21.8053075419724	21.3267566685607	18.1210998562449	16.1581097285543	19.1787805138909	17.730505632948	13.4580344404374	16.0339143380523	17.6266938760506	14.7755656067712	12.9862220449213	13.3518583725263	17.0953990886437	13.4954217792554	11.8267156049344	7.50003399992293	8.63234186070037	5.09961929951638	8.47424681018909	9.4597302287116	12.9410520051501	15.6205370266198
49	13.9233033795863	12.8105556866203	7.34158164158105	8.23511268896789	7.22365565347629	6.85726250044433	4.55947683402383	2.81379085932128	3.59319648780859	3.40017793652039	1.33282369426717	0	1.33535238794859	3.20161146924482	3.14194589386896	2.94149791772831	4.6202722863485	6.7009533650071	7.62351028070403	7.31931212614956	9.331492110054	11.5837910029489	8.32589646824893	12.4255548769461	11.753397381183	14.8503159225654	15.3206756378431	14.9600965237528	17.0370582848096	15.9691532962772	11.757671283039	9.56499712493422	7.51778670886585	8.56096892880706	8.29683439632249	4.47309736088988	3.96139028625052	7.53415436528878	7.61746066612752	4.07459016343975	7.35971595919299	3.88735437026263	10.3212915373998	9.47966639708381	13.2715503992563	13.2165240891847	16.8921011422499	19.3277613292383	22.4613362692428	23.210220227305	24.7774910957506	24.3010006789844	20.742215648286	19.8048815699564	22.2517780413162	19.076935026361	17.254938220695	19.5358258847687	20.6884641769272	15.0665351690427	17.8673327052473	20.3375126551897	20.5566323360613	12.8194220228527	19.8789604859007	20.0876124265678	14.8987562232557	16.3690218705945	12.7191200953525	12.5752458822879	17.2850925655606	15.9756017727033	13.3085937649325	16.1725033621885	17.0998273090695	19.7130100187668	22.7388564796034	22.4895773637479	24.2559875494691	19.9365889008125	25.9973576541925	26.7364048630327	21.0821946912555	25.2764027701728	27.301127907103	24.3145459550451	20.0990467933183	21.1700911193126	20.6645750016786	22.8516223712891	20.126758805133	17.2389437321432	14.3864697893542	11.3324282040523	9.51542584438553	11.8855097072023	9.0027587438518	12.7350872003296	8.68242304889596	13.3726993909233	15.9846887364127	17.2006976893381	19.1111411485552	21.3065041947289	20.8689251280462	24.9523104541443	28.2179184561867	30.7407891570792	33.2715207196786	35.3669481578493	35.4346770692213	33.4950047171216	28.4693539441976	30.3001280855379	27.575073399721	25.3975742345603	26.5405342824895	26.0668671496979	22.8862072218181	20.9015603962958	23.6662335617647	22.1795813531275	18.1593134782128	19.9346730346901	21.1705460959324	17.7025414559605	15.5908285219228	12.9616205005393	17.2106570182547	13.4970539378044	13.2389052039812	8.58692127598711	12.8639467116434	9.34519801823375	13.0070624662143	13.2930242232533	16.8448549414947	19.1627162479644
50	18.3300715765106	16.7133190599593	12.0641065147818	10.6225572250753	8.70663023218512	7.77450564344769	6.56728528389014	4.69626383415583	2.95979627677311	3.52960989345848	3.45822179739819	1.33535238794859	0	1.34060061166627	3.36752104670483	3.57137592532626	2.78108288261965	4.86920999752527	6.7439545520414	7.9386873600111	10.5891128051409	13.2299975434616	10.9450227044077	15.085313254951	15.3564447057253	17.5585720660878	18.344205515639	18.7718474849973	20.702516199728	20.4138062594902	16.3864388443615	13.94686165415	11.9789719508813	13.6418859766529	13.6113785121126	8.15593483299125	8.18630814225802	12.7849350408987	12.6117242675219	8.80064758980837	11.9115660179508	7.08203572428155	14.1521032005847	14.1158412076645	17.2530820435075	17.5759508704366	20.595029958706	22.6979119744526	25.7867809739797	27.1015537746455	29.0342631213537	28.4464305317908	24.2100480999109	24.022865149686	26.9499340629991	23.9368253534173	21.9820485169149	24.4756021172105	25.8641643978691	20.3382473925361	23.1200751296357	25.6616762702673	25.8741199850352	18.2921875673742	25.2276015903217	25.2126654481433	20.1314414287701	21.2891061578451	17.7031176350382	17.9253396341604	22.4650308924782	20.6488989052685	18.1589414339052	20.6654530557643	21.9185108983252	23.988358718345	26.7490800589478	25.6618027425978	26.8164813128046	22.3111782297574	27.9573663459203	28.8113055240473	22.7562814624885	26.9593225805101	29.2958895068916	27.5652959171492	22.9555548615145	23.4930221342423	21.7979737819826	23.7555904367793	20.4619878310979	18.0565079957338	15.1741968815486	11.6326862761789	10.4597231798934	12.9483783154494	10.9934615112802	14.900411303048	11.0064665992316	15.8318597138807	18.3364423212356	19.8209433176123	21.3788213192402	23.4911345405027	23.5010539550889	27.2770399420465	30.4917967164941	32.8237948141284	35.2662018510641	37.1451680841533	36.6693431220141	34.7318040274328	29.5607149778215	31.3595070433194	29.0243481408282	26.4473512662421	27.1863894255931	27.0069440144567	24.0794437020459	21.8110416303303	23.9992069243965	23.001213554941	19.2305423220459	20.0909861131802	21.6500156120036	18.4695952852248	15.5470009326558	12.666154980893	16.5345269360814	12.4804771142773	12.7236919563466	7.91166246752223	12.7251497044239	9.64384767610936	14.0125904100562	15.3982828263414	18.5488164042884	20.9703879077141
51	19.77369335759	18.394639681168	13.9342144737334	12.319741433975	10.7054208231157	8.90804787818297	7.70869126376196	6.79772381021765	4.89270814580228	3.22290846906952	3.4860398735528	3.20161146924482	1.34060061166627	0	1.31887869040333	3.32260424968126	3.30540118593795	2.8494280127773	5.19443760189686	5.03927266577231	8.7582081500727	10.8062228831354	9.09139362254215	11.2654681660373	12.6642516557434	13.5353600986453	14.768460380148	16.3591697222078	18.350988256767	19.8425485006337	16.5237764146093	14.8521113313899	11.7887867060186	13.8523108180549	15.278908796115	9.58212690377246	8.8168393996942	13.9546713325682	14.6686979653956	11.0965124701412	13.2223649170638	7.25711140881825	13.4444280279973	13.9179827202077	15.2243995283886	16.2275327761185	17.707758807935	19.5844238363042	22.0814520808755	23.8830792612678	26.4986254926553	26.7133927833961	22.1830876119624	21.9315703724106	25.8880824705114	24.0802027607742	21.379789007378	24.1954456458235	26.5539030087857	22.1615914139757	23.731142260751	26.8881520748452	27.7141207690232	20.4784182250485	26.8169332698577	27.002535640195	22.2900282862091	22.3356727680184	19.022864400505	19.7033270794554	23.3567486821261	20.2846430089366	17.9012116070393	19.435172728844	21.1943612548244	21.8693678235106	23.6085202628204	21.6151479523042	21.7789629918415	17.2067182809506	22.4730906864187	23.7792499040655	17.7300108290999	22.0909996152279	24.65562556497	23.5601905128121	19.3027821051785	20.4903538524839	18.876674124432	20.7145989099475	17.283615275746	15.0828483384273	12.0836428695986	8.34936051443462	7.100327105141	7.71513091269357	6.73117084911681	9.78994330933535	7.14057658736323	12.1754906677308	14.2008304686733	15.5616668130377	15.8356878284462	18.0793496841009	19.5796639399148	21.9155651991912	24.9368544527974	26.8914848604535	29.2701380078742	31.0670971608227	30.5119084129459	28.5388658674447	23.4221849962808	25.2412591999686	22.9801079414349	20.3029176474713	21.1399726584497	21.1516980642217	18.2524343855827	15.6482948272328	18.4616862447611	17.7491764597685	13.5199901627183	15.0975284732303	16.853175694806	14.5554782126868	11.2825054841555	9.705395355162	13.3241288645825	9.23340890462455	9.24503142233708	4.02840365405454	6.70160913512568	3.6883513932379	7.90611345731896	10.3032465271874	13.1160560383066	16.1874493976043
52	17.1226085045474	16.8769276232376	11.7409932288542	12.809515759778	12.5195620929807	10.9217524692698	8.63940657684311	7.52375743893967	7.03460482187877	5.29002258974383	3.33213655182377	3.14194589386896	3.36752104670483	1.31887869040333	0	1.321657292947	3.19782144592221	3.205282046872	3.04328868167316	2.9419323581619	5.77408780674489	7.32459343581608	4.55110272351658	8.36956420609819	9.62127325253784	11.5891705484042	13.317767455546	13.9185574683586	15.954076187608	16.3711311154727	12.3542220313543	11.0249372787332	8.05962313014697	9.14427323520027	10.4371592399465	6.89893172889833	3.53028058374968	8.65838818718588	10.4356352465962	7.81054377108278	9.18058897892722	4.00969774421963	8.81597169913788	8.52821558123386	10.9204094245591	11.768497822577	14.4947559137779	17.4616010147982	20.2528517251275	21.9728476761662	24.0458922479495	24.0831588667268	20.4867260683595	18.5825502555489	22.333143106155	19.9442843441423	17.2131835811973	19.6850379984393	21.8463910520708	17.5709013143891	18.1931721807935	21.3894574264987	22.5888943731206	16.269697569408	21.520291773115	22.1238911812547	17.9175244383815	17.5102342645665	14.2704497476429	14.6494289649802	18.1517398890575	15.1642401721946	12.6766022261488	14.6032912043827	16.3762667906944	17.8793092707744	20.6057737054448	19.2652127161887	20.423787430347	16.4056228775381	21.62168598884	22.1245907080786	16.1099631905228	20.2442098882619	22.5220023532545	20.7525788999825	16.1706008237171	17.0008929471366	15.7935245274764	17.9210862393997	15.3591726990746	12.5197007152727	9.36341844627271	6.487611424862	3.87949339476174	6.7611558183494	5.12639805321436	9.57049632986712	7.75106741036355	13.2785879896923	15.6412558958672	16.1090174436556	16.9742211897925	19.4129891309917	19.9797302784597	22.2981822577537	25.748256135125	28.068669758291	30.2306794002384	32.0149330157038	32.2995334486429	29.8827034084937	25.4648930490587	25.8988104360027	23.4405931025646	21.1749348287073	21.7050645242072	21.0594881466763	18.0920319754305	16.7492555356947	18.0277287809641	16.5898963529011	13.212541087921	14.3186568154977	15.4993213399813	12.1674744298067	10.2458097776603	8.05693856250623	12.4190390127417	8.91358423979939	8.56022669092355	4.7642322571428	8.07395844675955	5.29331786311761	9.91873570572379	12.5527894509547	15.858165152375	18.9458535305222
53	18.4729892004516	17.5927941498785	11.7682998772125	12.4236496248083	10.2841412864663	11.1274768928091	9.94083638332308	6.95645211296678	6.7144022816629	7.14516654809389	5.08520107763695	2.94149791772831	3.57137592532626	3.32260424968126	1.321657292947	0	1.34089112160533	3.13051193896462	2.8886097001845	4.8191227417446	6.58339585624319	9.7717839210658	8.22762134520057	12.6207693505586	14.4128550259829	16.5918229860374	18.3109919447309	19.1158720700888	21.1493848137481	19.924512064289	15.8335978223523	13.8249108496221	12.0760057552156	11.9778984383739	10.9075070020605	7.82639974701011	8.06362982781328	9.61178947959223	7.54269348442584	2.87580023645593	6.71678204201982	4.32810455049321	11.0647650675466	12.1245028351681	15.0944358953887	16.6864676309877	19.3993527727087	22.4894347416737	25.3014559660111	27.1171147617146	28.8986935517853	28.5365013622904	24.9288844916896	23.6995233074423	25.7441208239862	22.441723151309	20.9347181495238	22.8038401371348	23.2485855483726	17.5804035505446	19.8972301087362	22.2680075669109	21.7159251011786	13.969044920824	20.708008692291	19.6221376256513	14.9128857033104	15.8354024577843	12.4449711128632	13.7363114044492	17.8413366371469	16.6217712052597	16.3161794854065	18.4334992066075	20.2493564836021	22.6043258912979	25.3959024057032	24.0150293566342	25.5125300391788	21.6070841160949	26.759038304842	26.9884465651508	21.0316217634304	24.9125747766063	27.0390775360403	25.0976040489924	20.3357303532477	20.4534596340081	18.7942451032224	20.853168799969	17.8389207633197	15.1347460831029	12.443354732547	9.11827006619128	8.28995410119983	11.5323131244343	10.259958430715	14.7027791250498	12.1055468277976	17.5654395048914	20.0378218876204	20.8637559657891	21.9831503429331	24.3053065193591	24.7207214700542	27.4890468004986	30.8547261209689	33.1311081311809	35.3506753117957	37.1248198648828	37.1401723340105	34.8299829600877	30.1863593697551	30.8712362564249	28.5414820042688	26.1398474938168	26.5223071017587	25.9803897776765	23.1307403037603	21.6461429589662	22.6008218655871	21.3085879635418	18.1168827892659	18.451684828221	19.6222722945127	16.0666747026259	13.8734879536474	9.78851822289768	14.0583432878842	10.6166873364529	11.2868091593683	7.29895643225797	12.2238878021683	9.67814496688285	14.5233189044378	17.0390604494497	20.0355997165046	22.9619077169124
54	23.3754054724191	22.1881738094869	17.2373693178513	16.0403459439003	14.0291967695945	11.852363983611	11.6461974051619	10.334651276168	8.37598113655946	6.87368212823375	6.83878249398239	4.6202722863485	2.78108288261965	3.30540118593795	3.19782144592221	1.34089112160533	0	1.32789796294746	3.38225220821866	5.79188561696448	8.50655359120249	11.6994855015082	10.650226053939	14.8051336029095	16.7520346226958	18.7534579211408	20.4809821053581	21.5517030649552	23.5691704563398	23.9561012061646	19.8408734938762	18.0597205127876	15.4262933331374	16.3375951106642	16.8992676172667	12.7817662316286	10.7306127504444	15.1222824004844	15.1654804078209	11.3166515365633	12.9350247390564	7.48468910509983	13.7322990063572	15.2954106842543	17.603385043792	19.3149128395652	21.819259153326	24.8588987889649	27.5747686119032	29.4462856910681	31.6670055578357	31.7688919857146	27.8738613399723	26.2564882076793	30.0539123243547	27.4081507037596	24.8652473544906	27.232524561634	29.0408585444715	24.188489700682	25.1125856295205	28.2671677038928	28.8881386385485	21.8028498366613	27.6161695569824	27.1399413042844	22.9784194626175	22.333868854276	19.1216836863285	20.8225809639439	23.8708897613809	20.9982954308201	19.9790927471695	21.6142225860659	23.772494210747	25.1421824629446	27.8403916818712	26.1769945753901	27.4186461190191	23.4698111198194	28.4092856122782	28.735688437899	22.738646441686	26.461599517036	28.6545271292339	27.1179084923598	22.357917188325	22.2713084707657	19.9967584873149	21.4676719278081	17.8042890619087	15.97732305488	13.4177868145235	9.89714398197783	9.95802495477894	13.0798112371701	12.2091672525197	16.4558478967205	13.830026970328	18.6263798951917	20.6039096532673	22.281502889168	22.2616243118062	24.6083797719395	26.3583716682196	28.1135304791127	31.3757278481313	32.9177313009266	35.24212140323	36.8022454749707	35.6353153627129	33.5995091779627	28.5641185755836	30.3461251892231	28.580493645142	25.589667856383	25.8757052464276	26.1657516803932	23.6815921973165	21.0314275549712	22.7291970161728	22.3624959698152	19.0623148122152	18.5855935067998	20.0297513963604	17.0225921351597	13.7972653449878	9.4683483776211	12.9484964764254	9.15190062227514	10.5526458293643	6.89761966188337	11.5394528033178	9.97992013996104	14.1379606025763	16.5885631987825	18.9054536311616	21.6690493792414
