5	6	7	8	9	10	11	12	13	14	15	16	17	18	19	20	21	22	23	24	25	26	27	28	29	30	31	32	33	34	35	36	37	38	39	40	41	42	43	44	45	46	47	48	49	50	51	52	53	54	55	56	57	58	59	60	61	62	63	64	65	66	67	68	69	70	71	72	73	74	75	76	77	78	79	80	81	82	83	84	85	86	87	88	89	90	91	92	93	94	95	96	97	98	99	100	101	102	103	104	105	106	107	108	109	110	111	112	113	114	115	116	117	118	119	120	121	122	123	124	125	126	127	128	129	130	131	132	133	134	135	136	137	138	139	140	141	142	143	144	145	146	147	148	149	150	151	152	153	154	155	156	157	158	159	160	161	162	163	164	165	166	167	168	169	170	171	172	173	174
5	0	1.32799887048145	4.23926066667291	7.5846918197116	10.8511511831695	13.4299377139285	16.7888078790604	18.4437440342247	22.8758504541361	26.4884956915262	29.6806526377032	31.1302316888262	30.6892932632865	27.9992935089441	24.5978949099308	21.8869508154973	22.0289751236865	22.576392050104	19.632412128926	17.4640456366788	19.743307372373	19.0950434668267	12.8126739597947	14.9010589556582	17.6363751944667	19.5894812080361	22.2278723453236	25.433028447277	27.5815379375408	30.9454431378838	31.4057525622297	24.5598699304373	28.3882684572342	28.9159390129389	24.7245008443042	26.2244690508693	25.3742342938659	22.3469145297511	18.6913233613888	12.3142024508289	12.7467236182479	9.93124820956561	8.44631546888938	5.51075040262213	7.87626015314375	9.45682832666428	9.20198685067524	10.2445114085543	6.33331895612403	5.70753090223785	3.27957710688436	5.48066373717637	4.45146515205949	7.67228179878711	8.50898360557829	12.7161470186531	16.0189262436656	18.9572266167813	21.9734087250932	25.3637911401273	28.1380476401615	30.8846860757884	33.6257210034224	33.1083689269043	29.238149018021	29.6547988865209	29.2185092364412	25.3155859304105	23.8021715816015	23.3906719441747	20.9090465827593	19.0024765754362	20.0912746733501	19.29844299419	15.2328805220812	15.9090851402587	10.344327817698	15.0436676711499	18.0494542022744	18.8358938731349	23.2146742169689	23.7442237396804	28.2109568253188	31.1601707472857	32.0451408797028	35.2735941605048	35.7974704413594	37.1354947590577	35.92369632986	32.4269405433198	32.6952055659542	34.4756270573865	31.5253736694746	29.8683603333025	31.7676729711196	31.0568674692088	27.2781114815524	27.7324642431934	29.8088325836488	27.8202917669819	23.5973866985308	26.0484997072768	28.3097746723636	25.0644175076941	22.6445130881633	19.0644493495092	21.432389367497	16.5768791694939	18.5355906299206	15.7461559118408	20.0311099043463	20.5311969938433	23.8471719497302	22.8376377937824	27.4776602169835	26.5150193098176	29.5451860207378	29.6548216147054	31.0073127342567	34.3430260460548	35.8960492255067	36.1223034149264	38.5780514930446	40.774788791605	39.9100989349814	39.1031243380884	34.475607971434	38.5207222933319	34.9657263187825	35.2716795602364	29.09122192346	35.1419280205284	33.9364552362205	30.6693714640519	31.0525220553822	32.7681584926587	30.3660674602425	27.8233815881535	29.7440106239895	31.0220858583042	27.1124022912025	24.0474046416656	24.0660885064441	19.124584832095	24.2021254851718	20.6912285280502	26.4357149704713	23.81391618361	25.6295756110007	25.1170457259607	27.2761652363378	26.4625841897574	23.3256172908671	24.8455773126728	21.4613362817882	18.5905836648557	16.7416059862846	18.3715255762824	16.96618855253	13.6397809733148	13.4208517613451	15.8707412870351	12.9805038808207	10.5518379915539	12.6105659666805	13.4253727694988	9.84799543054321	8.05917371695138	6.57146323127506	3.8833919451943
6	1.32799887048145	0	1.31645205001929	3.99324041349879	7.38956811999186	9.94974130316965	13.2528693119641	15.4372539332616	19.3964115495625	23.0308725627146	26.3487720207223	28.1650454464395	27.8761857864379	24.7983573246294	21.9423748258934	19.3397208614809	20.1167450150366	20.572670828067	17.41620593011	15.6178385508367	18.3236483812586	17.7893203355272	10.6280491624757	13.7409557527852	17.0493929803967	18.9211620414815	21.4166598236046	24.37411075301	26.3015267237474	29.5526963236859	30.0006568094767	23.1836041201535	26.709552542115	27.0846702398239	22.8274300130348	24.6795356925531	23.1456199960165	20.2958035564005	16.9320455350203	11.4282644789137	11.4206190725372	9.71994300394812	7.21886486921593	7.26707334488926	7.10422332137722	9.31269676302198	8.40497650204925	11.0220146071397	8.34822621878445	5.37928443196676	2.94045999802752	3.46633249991977	2.80348515244865	5.31145130825841	7.16875086748033	10.5447475076457	13.5208847713454	16.5732383679231	19.3132801978328	22.8590008968021	25.3868152000207	28.1340027191297	30.7789994314305	30.6738374840841	26.5998945298661	26.6691566795803	26.5532218195834	22.6925543736266	20.7654014890153	20.3066053785462	18.2355759985804	15.956073545832	16.6892410252833	16.6544700906393	12.1800868223507	12.1718267322535	6.36815750433357	11.1603663022322	14.216859920531	14.9298412918557	19.2620158861943	20.2650564766052	24.5806324165999	27.7073950056659	28.5508812648577	31.9309399485828	32.2208196202393	33.3488012378256	32.2176323307595	28.6743184400257	28.7991811689152	30.5340524988086	27.6240816317937	25.9700567962413	27.6794145349933	27.1038493576097	23.6185256313767	23.6274086602827	25.554055118513	23.7644900008395	19.7562952498691	21.3855854257021	24.2170693933019	21.4089828109604	18.6589138751429	15.4207421676131	17.0364290272346	12.4765441128543	14.0236539104472	11.123451307935	15.6680143285612	16.730515981284	20.0251155552221	19.0643399833301	23.7849325414221	23.6099937738238	26.5576625854008	26.6424823543153	28.5085117815715	31.6714205712342	32.6775831572655	33.4201810138724	36.3350720654301	38.0854113539555	37.025631419329	35.8143271610678	31.0528427362134	34.8306248149527	31.073854443889	31.5293385277903	25.7499873009677	31.2873289687695	30.0176121135576	26.760156595207	26.9768701112638	28.4884237893219	26.0466665813497	23.7289430864504	25.4740892869598	26.4712163301953	22.5210732648335	19.4912858734359	19.8270574972687	15.2784589537034	20.4444848553345	17.2933429099177	23.1826364548987	20.6210462149717	23.2550737044629	22.8176289083682	25.144391283147	24.7213301624326	21.1053495825111	22.1883834697348	18.4703881929969	15.7402607983477	13.917552371017	15.1178420086995	13.3509065235287	10.1605963407666	11.1986443375973	12.3263944850066	9.07151971832725	7.22997856151732	9.42545410046646	9.07923548543598	5.1383301762343	3.91323817317577	3.47140864779703	2.79726366293919
7	4.23926066667291	1.31645205001929	0	1.31581495659534	4.21435036512153	7.27201897687293	10.746379902088	13.8244855600489	17.1930789854523	20.826997359197	24.2969195372582	26.1712269677981	26.3548152905688	23.2565344365836	21.0464869515081	18.3019763686876	19.4560896893492	20.3700087628847	17.1289843540124	14.7886817532869	18.0853020433721	18.3948206840947	11.3183144504825	13.7745194471531	17.479301902536	19.6666554858725	22.0098935254126	24.7518678891109	26.2808257100115	29.3773636666056	29.3457738183882	22.5677975885996	25.4270309120039	25.4648442759817	20.9536089970201	22.1977574317768	20.6861820063539	17.783451661587	14.9317225061277	8.52097101274262	9.91068241848159	7.84264049921963	7.89310262190984	7.98302755851438	9.34525596225165	11.5559990048459	10.7188446205736	14.1400487976527	11.65834683821	9.27574627725446	5.57820212971886	5.66724986214654	3.06841261892856	5.43415936461197	3.81962432707721	8.82298226225124	11.2215519871362	14.553144058931	16.9820237309927	20.5877945880563	23.1970744276083	25.8809738031628	28.2969800862212	27.9100081511991	23.7942347008682	23.6635588616759	23.0291891737421	19.3004196068376	17.6274200891679	16.7652470605118	14.4467315680745	12.7802135741153	13.3629079544836	12.7198314847328	8.74305472932659	9.11906141003557	3.64693638551593	8.82024886270223	11.9160103222513	13.6705473555377	17.4228301948908	18.8207833524537	23.1212250107991	26.4144781133378	27.80959526854	30.9740788725024	30.7134336895112	31.611695240844	30.2336792501343	26.8067583642633	27.3087345733924	28.3036705393488	25.2883265163988	23.7568782040065	25.4928635111868	24.5318645235131	20.7518722287894	21.5379474880964	23.1666082109574	21.0546794323732	16.9294945878487	19.9235330451203	21.7168588198201	18.4781791851903	15.9029665785978	12.7157474809781	15.5290495845689	11.297255418906	12.2199719721446	10.9769790926284	14.3445719350561	15.5416686362823	18.6812636885196	18.1021013973516	22.8892122188598	23.159386218119	26.0527808496521	26.7536322393801	28.4599834153149	31.3528867410961	32.3786075210161	33.8408396320186	36.5390873722922	37.6512846261585	36.5750583048066	35.0427443274639	30.7132160152596	33.7304150137528	29.8740069291014	30.6459760490672	25.731650899233	30.6368473247493	28.9548031421386	25.8461186447791	26.5322742711589	27.7724560491146	25.0626819993392	23.0753918059911	24.9939020563017	25.6991552195787	21.5123576113823	18.8375695353727	19.2872161806726	15.2826592581265	19.9794848031675	17.0818806341691	23.0113250813594	20.4743321014386	23.5319965366307	22.6478372698145	25.2648162668957	25.5158173884357	21.8929231716553	22.5935036902203	18.9202626831659	16.1835231640085	14.8911357525207	15.6769985328825	13.2921775868366	10.6168346506857	12.2759922613205	12.8760803818553	9.06824073346093	8.74678655278611	10.9044446442724	10.428366219116	5.88037770895714	6.69985298346165	6.82310845582862	4.69441146470993
8	7.5846918197116	3.99324041349879	1.31581495659534	0	1.31256390320624	3.50586094989519	6.89144992000958	9.74338821971084	13.2350864749725	16.8748130063714	20.3085808957692	22.0924793991077	22.2489393005599	19.2348223022725	17.1494591168351	14.3594474127663	15.7324099552484	16.7958235880233	13.5373909598563	10.9549675033749	14.654449324352	15.5630832742102	8.83134106464018	11.1069421534462	15.3668750889698	17.4884008988815	19.4487945898968	21.7072362589068	22.8833933890933	25.8405812821616	25.6276572085706	18.9608117178564	21.5611102218786	21.558211498174	17.1288398906639	19.0370095603275	16.9823586701023	14.2961954029735	11.4939400990261	7.51269898238975	7.45289990540595	7.91446454284811	7.20666934165846	9.07524352290339	8.53222960309906	10.3912923642827	7.2173567183561	12.6605338749991	12.9106097842046	9.48860268954286	7.57293080649758	3.3795498220917	2.81068283518436	3.49889654033954	2.90981734821964	5.31202946151468	7.4665688237637	10.6199929849318	13.1105689045136	16.6463561478181	19.1599870824591	21.866377249101	24.382275714133	24.3239933604661	20.195863487358	20.2306334305182	20.3273167437318	16.4510482644724	14.4382525951031	14.2589523808729	12.4705220820942	9.69607889819385	10.7732217558166	11.3346598096282	7.13557411845746	6.9020578815307	3.38121901094857	4.5262330916558	7.45881773473518	9.19087465913881	12.9315994370379	14.7369131774602	18.7912686639301	22.1865354212865	23.4488965412021	26.7370020383737	26.3820695359557	27.161179355838	25.9625817090674	22.4576002725135	22.6036160823882	23.9204590675012	21.0471413260804	19.2930582853004	21.2053634960592	20.5676424025701	17.1446557562408	17.2215387814214	19.4627506278018	17.9066607998253	13.2371282761783	16.3885987503508	18.8609994963151	16.4366046372114	13.1519278054588	11.4945065574821	13.5569571069617	9.42505994675896	8.78600591850472	7.72454976034202	10.0156155577179	10.777615506224	13.9312680327384	13.6508816931362	18.4264299309443	19.4581073591447	22.1904745780707	22.8694563555848	25.0148847688731	27.5783318929916	28.194643480633	30.0803690968046	33.0891229711517	33.894929620815	32.6443847238694	30.7917458745034	26.2586493559741	29.1961490782603	25.2261119873832	25.9763209866216	21.2805817589651	25.9178735624665	24.190626304418	21.0941935375591	21.9248888024546	23.2431165724392	20.5465196566231	18.4142818486087	20.5338314739359	21.5603861746491	17.5114286396056	14.8087979593213	14.8126411892005	10.7513077344107	15.3794066530539	12.7242326291215	18.7081742027382	16.5737726242398	20.3578747908518	19.1377074384577	21.9300233014012	22.7160523419013	18.7381453457913	19.1198816680439	15.1421199968829	12.8316007575049	11.1143869826455	11.2870565250645	9.10946370540001	6.38273248695259	7.56942084970839	8.08238442540319	4.61856536166806	3.96330178008185	6.15175381497017	6.79276747725108	3.72204379340168	6.40007570267727	5.02837816795833	6.89396671010239
9	10.8511511831695	7.38956811999186	4.21435036512153	1.31256390320624	0	1.3175340602808	4.41152048618161	7.92106141877463	10.2546826864609	14.3792708438224	17.9570933616774	20.0604749943764	20.6883977388294	17.6493580053213	16.5409449850968	13.8331377134763	15.3366422009513	16.8903707774578	13.4926377332233	10.9464014178176	15.2630642401845	16.8290969454692	10.6995071849128	12.6778175172228	17.0893665476518	19.1682780916805	20.4596909556327	22.5498512633676	23.329988684095	26.0187969744952	25.4189842637349	19.0069708528213	20.8350711301882	20.461720211165	15.9438103664087	17.7252735380868	15.0501023584559	12.643102862826	10.8627413667085	7.10045470374961	8.48599941079423	9.2678267139605	9.4229300644757	11.5371846219084	12.1036101226039	14.7492121145504	13.0228477300474	18.1585703457073	17.3782899619036	14.3917510400924	11.050611114323	8.11583094944689	5.42899456621574	5.74940040352035	3.59281644396148	5.87466169238706	6.39367851866201	9.42178146636824	10.7707116756508	14.7388773656612	17.134127173568	19.7326546870916	21.9637959833905	21.9461632637689	17.6402355143008	17.2459106747078	17.0483814481023	13.5086685132177	11.3591732973839	10.5708219642561	8.41563479483277	6.67941449529822	7.31815420717547	6.47765435941128	2.9984414284758	3.65436191420609	2.7429622673307	3.12736630409679	5.66262668732453	8.0343603354592	11.361625279862	13.4276288673764	17.4267702400646	20.9040239427724	23.0739292275936	25.8465541417033	24.7795664610985	25.3451140261787	23.7289149773014	20.4595773905523	21.3625211293049	21.5650824482542	18.4753005117643	17.112474192822	18.8608869886864	17.6877615599035	13.7689526834832	15.2439591314068	16.8725637056139	14.6851209732845	10.1280211788878	14.1698731469269	16.0334092756344	12.967908003992	9.91658086237389	8.646142608123	11.9214182461652	8.86816023761411	6.48453213424068	7.14900447614911	9.42395469004388	10.3735543089146	13.5200974848556	13.5006696870933	18.0891713740569	19.0180102534413	21.8782436680827	23.5896727616133	24.9490933703011	26.9452544801492	28.2616051561124	30.9554397642805	33.2175546812224	33.2997875969202	32.2044182838318	30.1056236773132	26.256818105018	28.2832539499966	24.377371207741	25.6789073170959	22.5338711498934	25.7992017124561	23.5824148466606	20.7742822258676	21.984479388878	22.7976651655383	19.5680884350005	18.3553803828741	20.4788098775295	20.886983051652	16.6393099015554	14.621740457278	14.3802801780772	12.531201179456	16.0687693990548	14.0520370409418	19.361538187861	17.2227619736208	20.7446574568008	19.2466815061714	22.2181994995094	23.5602546887762	20.2172141750539	20.1976907838495	16.9691122042374	14.4400895426587	14.4238727115848	14.4453951832409	11.249170280514	8.8561360084407	12.4110439125804	11.8393545009853	6.88840344346932	9.50819825203492	11.7604599399853	11.2666459072787	6.40870556352841	9.94808956533866	10.18905638418	8.68214979138232
10	13.4299377139285	9.94974130316965	7.27201897687293	3.50586094989519	1.3175340602808	0	1.30924252909841	3.72426502816328	7.23216164089271	10.7897923056934	13.9899647604989	15.9027713936911	15.9768418343551	12.5956504000389	10.9674175629453	8.50432889768499	10.2877323546057	11.4812265024256	7.82748043753544	6.02717089520448	10.5300963433389	12.1403975635067	6.91689511269327	9.47480870519295	13.4556839291059	15.1136261036192	15.5892604378784	17.1276244996205	18.3011057862633	20.8636885760884	20.6678109629443	14.6015769353861	16.7415637859789	16.4607235867686	12.01237670072	14.1317060187367	11.4981101055782	9.15607716219124	7.26265302764768	6.67681406061304	6.83994042371716	9.01142746738828	8.8583947755787	10.853911414785	9.67819538963747	13.574338547421	11.9092180263861	17.5612355487876	18.6861703674134	15.3395948121194	13.0834058639179	8.6893454874346	7.14402498595855	3.88583491671996	2.93824165105595	3.34361690389315	2.85087074417624	5.47296455314668	7.37846115392634	10.9468980537867	13.4041353693552	16.0784702008618	18.5578533510748	18.6457933861769	14.5909903707733	14.8071615443339	15.3167638879758	11.5002941266735	9.53121765568283	10.5885680334973	9.1082070134577	5.64609227696466	7.02664528776001	8.77725384160673	6.41031395486992	4.72317467388197	4.87876306044883	3.22045850772836	4.8871723931124	4.12503903011838	7.89592483500191	8.26754092823253	12.7573278158085	15.9257663865825	18.0688897832711	20.6714842476296	20.269322780991	21.4617367656954	20.0713854529278	16.637699750867	17.9602071535937	19.0035480108321	15.9850290271867	14.8225011047394	16.8954531753369	16.386356794602	11.9047315803423	13.8968895800463	16.2914646057376	14.3458603785203	9.46160203136868	14.4255311513996	16.4513033222295	13.6527873344603	10.6132592543478	10.4808942843633	13.8078879268337	10.8588003020592	7.39542331445604	6.9831066152537	8.69057725355456	7.5089869489832	10.3597958956729	8.90459959796059	13.383289020267	13.3795537668489	16.1932753018035	18.2307897250777	19.2187125739473	21.2744279829094	23.0348689164927	25.4002633450915	27.5114960879993	27.6191304171583	26.5832099453772	24.9011411184307	21.6098968762	23.7729281747117	20.328847114384	21.7889379502536	17.9566897283436	22.5550812456972	20.6641376544002	17.7348946712407	19.001037392732	20.6237870673647	17.2307288586409	15.7068873428188	18.3416002845989	19.9939893468012	16.3282440268389	13.9802566857694	12.9300297370114	9.48123557348936	12.5407829500394	9.6543203800164	14.4371233284197	11.8126202427743	15.1174261698214	13.6135376004917	16.6058107299824	18.260763237061	14.8391475833351	14.6698906948893	11.419487291468	8.99864400896046	9.35883593188811	9.54866739393513	6.38851242465725	3.94956060847279	7.80326450916538	8.45985791842865	3.61089601068765	7.10965442198142	9.84462213596845	10.6347232215982	7.46469476937939	12.7968843473714	12.0682247658883	12.0797061222531
11	16.7888078790604	13.2528693119641	10.746379902088	6.89144992000958	4.41152048618161	1.30924252909841	0	1.34530331152495	4.1550540309363	7.77627442931382	11.2531520917474	13.1973701546937	14.038029989995	10.9072475446375	10.9592175815612	7.19476872456648	9.82965599601533	11.9524929617214	9.26529341143603	7.43245282527915	12.0853745080572	14.0901045063548	10.6391725712106	11.9830242426526	16.0108552551074	17.6889464355569	17.3067738472541	18.0547410670992	19.0636599056949	21.1173236467124	20.3709348337282	14.8258191679246	15.6696304359739	14.7672969090487	10.5687377202767	12.4344219809366	8.67656020551924	7.39755324414769	8.05059283531343	8.87786708618686	8.94533045784224	11.0023834236042	11.5699118838477	13.9953054271781	14.0649212226731	17.8873474836265	16.3563128179917	22.0093078718982	22.5277876410446	19.2829494113323	16.4392787554686	12.4004692653141	10.3534809605272	7.80200089720579	5.28005729135584	5.41410251103542	3.33114469814807	5.55643131875127	3.64936158800413	8.01592689587424	10.0668900858209	12.4730282209253	14.4724108565228	14.7354104795218	10.4909571060032	10.2563683631196	11.154603578792	7.79209663697775	5.43200340574267	7.49254042364804	6.95826896577015	3.87411680257578	3.97793187473089	6.42144329570853	7.29560799385493	3.81829909776592	6.16201541705309	3.01046092816366	3.19452359515468	2.83127285862737	5.5146781411067	6.97445775670051	10.9097230487304	14.3002993325315	16.8814620516115	19.4090288525727	18.1254108367231	18.8971808214876	17.2186355440842	13.9398492459567	15.3782718469924	15.7570615598214	12.4370291468662	11.7217852309279	13.7679493752701	12.3395135236362	7.71643635365445	10.7098129302056	12.4441538081141	10.2565781818304	5.4340506070518	10.7370635650535	12.6886275853616	10.2694368881648	7.30820764620163	9.04101659106984	12.0894139642912	11.040019972808	5.08854998992837	7.11135999651262	7.84445957348242	7.09938631150609	9.37698405672101	8.59157098556486	12.534456629627	13.0083487422501	16.0427747288304	18.2915276015974	19.694333677482	20.9245289552716	22.6174851387151	25.8699797448703	27.6573776775746	27.098049025714	25.9827288212766	23.7688057966739	20.8204238429481	22.0754573678554	18.5291127958141	20.4125569931844	18.9267176499255	21.4076231515785	18.8116731313299	16.4307262773135	18.0987137940794	19.145625871201	14.6862437335079	14.9798914215024	17.5652445471163	18.4329907231572	14.8010167556151	13.5711163137009	11.7355291316583	11.7302164515409	13.206111691183	11.6342233518185	14.9756190189254	12.7937211162351	16.1470278689299	14.6624406563164	17.732205559377	19.8875770520192	17.1913332234588	16.3272561687505	14.0145896479348	12.1974525619082	13.6411777717322	13.3131598052453	8.70636945000613	7.4879459132662	12.6272894953747	12.51260424532	7.09124819760245	11.4847065700435	14.1188429412612	14.0599993243243	9.75204691334081	15.4274137819662	15.3519486059588	15.4067323271354
12	18.4437440342247	15.4372539332616	13.8244855600489	9.74338821971084	7.92106141877463	3.72426502816328	1.34530331152495	0	1.32532788395929	4.59654304885748	8.01669981975127	9.60289904143535	10.5876655595084	7.79022997093154	5.78153906844882	3.68427061981066	5.44388418319126	6.97860544808201	4.40154972708477	3.53434194723714	7.61552749322068	9.30705941745297	8.06824231168103	8.72905848302095	12.3302227879305	13.4729132707073	12.328470586411	12.6957336534759	14.1094020071724	16.2489351343403	16.0281994621979	10.7505983554405	12.5464889909488	11.8802374134526	8.48609533295496	11.1719567668336	7.67074650865221	7.31380455030075	6.83517527207606	8.62212398426281	7.10027055822523	9.66124805602257	10.4380960428615	13.1131380683649	13.1305808325451	17.5543711365574	17.3094995017187	22.5150691093765	23.5275354000371	20.0397989510873	17.6514196596194	13.8465488841083	11.9865726127196	8.60112324060061	7.51823150747568	3.37245919174717	2.92803415280628	4.15408281092229	2.67658625865112	5.73693655185413	6.92459941079627	9.50440129624165	12.0365600152203	13.2403599271319	9.72214338507718	10.1161514915505	11.6943682172232	9.24711144087709	7.09673516484869	9.26839333433794	10.0284235052176	6.66335696177235	7.38736800220484	9.83761129543143	10.6465291057696	7.27797677929794	9.58650984456804	5.85342617618092	5.45914315621051	3.43799301919012	5.70711441973963	4.36660543214062	8.96389485658996	11.5251657254896	13.7681909123893	16.1716379813549	15.7404722292567	16.6881045957892	14.6225561718873	11.6881850173583	13.7905053206908	13.9575486744629	10.337631498559	10.433916522572	12.5591487768877	11.8735636605023	6.97107516815017	10.6865136503913	13.148548855292	11.0757022802168	7.91351059896933	13.2721492984369	15.3687925680582	13.8625497293968	11.1421233613706	13.0212583493301	15.9753311076797	14.2967486163813	8.67040131712483	9.39627426164222	9.41142008413183	7.93387534563028	9.99295126576729	7.20720569985344	10.4003596572426	8.6854002786285	11.6818201064731	14.1293878848307	14.7495460608115	16.1517091974812	19.0827879776515	21.543248733652	22.9825877785771	22.6679411283866	21.8251503774888	20.4291835128083	18.3427310125837	19.9303255367292	17.0328599477598	19.1207021053098	17.4483373133373	20.8007437607409	18.7022561740556	16.748324871461	17.9737932279194	19.7092281431821	14.4723989372875	15.8741216764897	18.608690657862	19.6536686397222	16.3228869382839	15.4926496765402	13.1201248088576	12.8123005740577	13.2697931031347	11.0248139666844	12.2550747855735	8.81475320130972	11.2697181863612	9.24263706958139	12.3920962714143	14.6985749989582	12.9065648411961	12.3116825820032	11.0571385538936	8.39207959924118	11.1461985447954	11.785263255439	7.43613105048586	5.22064852293276	11.9449730849425	13.1644410059827	8.21463687572372	12.8822512395932	15.6012700765034	16.3707054826602	12.8489519416955	18.6587602214081	17.8271614117335	18.9070000264452
13	22.8758504541361	19.3964115495625	17.1930789854523	13.2350864749725	10.2546826864609	7.23216164089271	4.1550540309363	1.32532788395929	0	1.33776081569165	4.77571942224415	7.45678791437707	9.11991129342824	5.57405229613071	8.23176250872193	3.52152708352499	8.49477645379795	10.9192127005568	8.13181855429645	8.53071022834559	12.6319177878895	14.5632219992693	13.2774462152931	14.2290764984942	17.5253951168012	18.824192731695	17.3535569552758	16.13627432216	17.3222627563491	18.426320848178	18.4137393812338	14.2667020015139	13.9601834515167	13.091927321827	10.327986541432	12.4258832281653	8.3603343234586	8.64363135493411	10.0029758072286	12.2445050941228	11.6961013162506	14.8830226096717	15.8453709644173	18.4397062341025	17.9259615362747	22.2802838850855	20.8914716810473	26.5577673195621	27.8649527901987	24.468659587317	22.0964043228757	17.8635271433164	16.3796219126084	12.8851016294013	11.164034082714	8.57056993437426	5.77852325425796	6.47452778200851	3.63250024088093	6.6456772416361	6.49758670584702	8.89431335179956	11.0425280167179	12.2983186249178	8.3187880126855	7.47105916185918	9.35259525479426	7.29857903978576	4.17995669834031	6.35396797284972	8.3012328000123	6.16205923373023	4.23856886224584	7.84826261028516	10.0366708623926	7.36611064266618	10.2148866366691	7.2320947173001	4.69524589345436	2.95690885892683	3.44637273085776	2.86957313898775	5.71905123250352	8.79711140090882	11.8834431458227	14.1181526766075	12.0321412890641	12.8132998482046	10.9595045508454	7.80724208667824	9.88660958063987	10.3835846411536	6.96777324544937	6.72922803893582	9.01535889468633	8.42393304816699	3.80692539984697	7.2507710624457	9.17442630358978	7.13035651282599	3.62564890743712	8.71995401364021	10.6247318083799	9.28166946190177	7.17794991623653	9.81997937879709	12.8418242473568	12.6965017622966	6.56249289523425	9.10599385020658	7.63759157064581	7.08345777145597	7.89008022772899	7.15575719263867	9.36943077246425	9.48676093300553	12.0192789301189	14.8984379718144	16.6749804497637	16.5350016026609	18.5496975716587	22.235852378535	23.810396678762	22.2679828228782	21.1528859733134	18.5305100577399	16.9000899701747	16.6863269774987	13.450786371064	16.3899642769592	16.5736100171327	18.218086178301	15.2287231900774	13.7276365773574	15.4161609682826	16.6426830168696	11.104516063296	13.7176714131809	16.3302873826519	16.9254481181445	13.431082272103	13.6035232568625	10.8130876718909	11.5878563159887	12.2695195097445	11.3081874763377	13.2427925680349	10.9411265416318	14.3677416805843	13.1310092529097	15.9361866831435	18.3914963774022	17.3246446428202	15.6227738894218	14.751726983645	13.4971339179842	15.8801421278274	15.3442514968962	10.4296117377398	9.93242785022876	15.5387993744691	15.5929362533168	10.3543669531266	15.6502404134889	18.2304069071428	17.3773875194173	14.5695127578104	19.6882797877316	20.9915695458915	21.101179730053
14	26.4884956915262	23.0308725627146	20.826997359197	16.8748130063714	14.3792708438224	10.7897923056934	7.77627442931382	4.59654304885748	1.33776081569165	0	1.3320923391417	3.63709788155337	5.97195487256895	4.48377731382815	7.49771258451536	3.05125711797613	8.71168066448719	11.0929167039152	9.39877428178803	10.868078993088	14.3753766211533	16.193940502546	15.9662142350652	16.9163384335973	19.7319505878157	20.7664767835086	18.2956252694462	15.8151947822339	16.1099121040433	16.4593159942933	16.3567099686948	13.2454357799206	11.8813033375973	10.503581008399	9.24844581537893	11.5987518725077	9.42222027974299	10.8446488186571	11.9328080936551	14.4870991230129	14.0394580379728	17.9211680422901	19.0462774315613	21.7211366185106	21.0913984600358	25.5313883288786	24.1489727524796	29.7894704048259	31.3255420064841	27.9100662127484	25.6438693258252	21.3940509020615	19.999356539649	16.4119693516653	14.6842354584772	11.7703873768029	8.79992801106918	7.898827507928	4.90268640645106	5.13587558260517	3.33963560886513	5.46095257258292	7.731460276041	10.132547063794	9.2125204477385	8.77041424335248	11.0493967708649	10.9399691955691	7.79369142319607	10.673638226959	12.893539545059	10.4292743755258	9.01894167848978	13.0167432562834	15.3107518104109	12.3647302032839	14.9585064428238	11.2678745555673	8.79909978350058	5.45059482992453	5.40679544647289	3.47098991643594	5.75678278207542	7.95426263081626	11.3104837208671	13.0189183498477	10.0831493096155	10.9420715132008	7.91158473379386	6.26393087445894	8.43007289410952	8.86809613163953	4.74829801086663	6.1228223884088	8.46154991712511	8.80602674308908	3.56901583072981	8.69343694979149	11.2975275613738	9.64462694975809	8.37383126173438	12.979362811787	14.895790579892	13.8892036128786	12.7864214696685	15.5106356413914	18.0382485014483	17.8357301504592	11.8502929077724	12.9011438640145	10.244466603977	9.26420217827742	8.82126300480833	8.06183391046975	10.2932897559527	9.86004411754836	10.6995200826953	15.0361643047687	16.7461997480025	15.1281724606775	18.0499915789454	21.9902881063437	23.2075593288049	20.6982052120468	19.8722467023736	17.3008280437672	16.9642814760897	15.6613102261592	12.6209870057773	16.4388876144343	17.1382249372565	18.5700019116854	15.4914110719456	14.2225380646353	16.1940172903452	17.3257822045644	11.4263100780611	15.0083700647339	17.5623244759912	18.339449010262	15.0509350540091	16.4578772021181	12.1885054867281	13.501166949564	13.2740164984077	12.656505165329	14.3471068860589	12.0663840896932	15.2679041783737	13.7969783286051	16.426744443133	19.0048188625938	18.753067242454	16.9355532239133	16.6299137099385	15.2704544464138	18.0064778899151	17.6394800376882	12.7661968103269	12.7997058169319	18.4372328726412	18.3765766398424	13.4283390261045	18.8516731087721	21.3434739908947	20.0826781082604	18.4044942609136	23.9541380558767	24.480865956906	25.425392091372
15	29.6806526377032	26.3487720207223	24.2969195372582	20.3085808957692	17.9570933616774	13.9899647604989	11.2531520917474	8.01669981975127	4.77571942224415	1.3320923391417	0	1.36142205065145	3.42798264289655	3.30154721305027	5.42805204470259	3.0176934900682	8.10124817543568	9.99128865562396	9.66100398509389	11.9190117039963	14.0632875957224	15.5969460472235	16.788597112326	17.9251525237583	19.7435300541722	20.3416625918335	17.0275384598009	13.7174138962124	14.0502427737032	14.0353344456055	14.351891687161	11.5033387327332	10.7800127550945	9.45000005291005	9.3052852186271	11.9307747862408	11.1071404960953	12.2982651622089	13.1093204629378	15.9982199634834	15.034553900931	19.7563166860627	20.7461977480212	23.7830316192028	23.2256373432464	27.8019707754684	26.9141582257369	32.4224423972038	34.2347991815346	30.7326947891004	28.6817136343002	24.5012753545606	23.218765040372	19.5075799114088	18.0782110564071	14.2359094546151	11.9886849153692	8.70567315030837	6.99672937878835	6.44646360417865	3.73426378286269	5.1497687326714	5.46063238096102	8.25021757288861	9.40536261927205	8.45411840465935	11.4734059895046	13.0220929961355	10.2067255278076	13.2729801853239	15.7304830822197	13.3278224027783	12.0478778629267	16.3698247088965	18.7999696010393	15.982605576063	18.4275294871559	14.7818750163841	12.1214621230279	8.45990094504658	7.06006373908904	4.12124228843683	5.96367319694834	6.85206560097027	10.0365606160676	10.3831552526195	7.09467250829804	8.11173199754528	2.92268677760721	4.07172064365914	6.3483204865539	6.79189009039457	2.650640300003	5.95435882358462	8.67878436187926	7.46101400615225	4.79804314278227	9.99600150060012	12.49316104915	10.9368837426389	11.2373825244138	15.2022604569189	16.4933711835998	16.2403144366111	15.8734901644219	18.6937339769239	20.621857069624	21.0177777607434	15.2071278682071	15.9804164213577	12.6611144849101	11.3756449487491	9.91400231995131	8.91717651501864	10.822307101538	9.12019785969581	8.27941888057368	13.9026896318662	14.9086939065768	12.6403453671172	16.3411826377408	20.2189281120439	20.9594699599012	17.9122551064906	17.3285559986976	14.7555026684963	15.5505435917848	13.007965636486	10.8736826328526	15.6451610729963	17.3858423437002	18.7059384688392	15.7598183365164	14.6435778414976	16.8095540987856	18.007966959099	12.0552021550864	16.0225052036191	18.7082418201177	19.492508791841	15.91179465051	18.4312617310916	13.6587611078018	15.1444489500279	14.0695525515206	13.658550069462	15.0575461812342	12.2613492324458	14.5001553439955	12.4943469217082	14.8020526617088	17.5290768153945	18.083604397354	17.0037457343963	17.6626019034569	15.2864208040993	18.8743549558654	19.4328115310163	14.8029455514772	14.7637089513442	20.799559226099	20.8627680090634	16.257616953293	21.6991176548725	24.1076910964115	22.5901582995782	21.6987146393513	27.220469613877	27.6786389477518	28.9775273444785
16	31.1302316888262	28.1650454464395	26.1712269677981	22.0924793991077	20.0604749943764	15.9027713936911	13.1973701546937	9.60289904143535	7.45678791437707	3.63709788155337	1.36142205065145	0	1.32546218354203	3.23845657682792	5.67256643857082	4.21034701657714	8.6476930449687	10.1248471593402	11.1158656433046	13.0020684508274	14.5508865365654	15.9973026163788	17.5900941441483	18.8511070762436	20.1993814261724	20.5136955714956	16.8858073837172	12.9873980842969	12.7446699054938	12.1412383223459	12.490862820478	9.61860556421771	9.23290582644489	6.60816956501572	7.76134640381423	10.2422752843301	10.5695602084477	11.9770016281205	12.9852963385515	16.1546911452989	15.5249644444037	20.5924037693515	21.9890683295132	25.1484189960323	24.8263830027654	29.4128274397413	29.1930765250941	34.3183450795635	36.0609628545883	32.5349778853467	30.4010277951256	26.5152376380073	24.7497570897171	21.3782624644755	19.4375326880754	15.5186988500969	13.0656314428351	9.45695199311068	7.29476552056336	5.98629952474815	3.66628135854301	3.72334540433734	5.9651635350592	8.24246031230967	8.14772115379509	9.66002624220038	12.1971367131799	13.1474678170361	11.2570566312869	14.2743787605626	16.6982864390332	13.6862758265351	14.06164218717	18.1865115126568	20.6901985249055	18.2172446599369	21.0682974632503	17.2706216159118	15.0158012107247	11.2542998893756	10.4946309129955	7.13747896669405	8.04098824772179	6.85199314068541	10.3165312484381	9.95379816954312	6.65967626840825	10.3706135305487	6.4517094633903	6.08919773040751	9.27431986724633	10.6108054359695	6.39880473213553	9.20430230924648	11.9956272866407	11.8923028467997	7.43887666250759	13.440450066869	15.8014838227301	13.1092471561108	14.4340649853047	18.3837836421124	19.5603270422557	18.598047881431	18.6119223080261	21.3721348957001	23.48884648083	24.0855061395853	18.0638929912685	19.0665956321521	16.125038604605	14.6113764580891	13.3851230849776	11.3610800102807	12.2778357213313	9.65288361061087	6.78860265444959	13.8642124190305	14.4852305815268	10.9110081110775	15.7616168586855	19.2817352175576	19.479151264878	16.4059924722645	16.1897163347602	14.5435304173368	15.9616200305608	13.7536222865106	12.603481344454	17.3062947218635	18.9257320598174	20.9246191124235	18.6430389690093	17.459704407578	19.7131962147187	21.379407335097	15.5091490740143	19.5180887640158	22.2302017534704	23.094176084026	19.3181773726198	22.038274546797	17.287137328083	18.5158868542665	16.8094167953561	15.8752430532575	16.3955861438376	13.5520326888626	14.9833711827479	12.7515610024812	14.7313137906977	17.4815965804042	18.406366751752	18.0228570432104	19.1994411637422	16.2929872030883	20.2395423367229	21.3895765736491	17.1920614528916	16.4834298311971	22.8424326637948	23.5988605869012	18.8755900834914	24.2238838545763	26.7302172456566	25.7567864843423	24.3522195087019	30.038030428109	30.0371186700722	31.0812033389957
17	30.6892932632865	27.8761857864379	26.3548152905688	22.2489393005599	20.6883977388294	15.9768418343551	14.038029989995	10.5876655595084	9.11991129342824	5.97195487256895	3.42798264289655	1.32546218354203	0	1.35219229401738	3.21985853726526	4.51038679050921	7.46544452795679	7.30472887929456	9.09772026389029	11.497647976869	12.7683081886364	13.5494661518452	15.3321694159698	17.2472016860707	18.1775187800756	17.5797107200318	13.9449038720244	9.18750923809059	9.71626986039396	9.06190785651675	10.3838952710435	7.74392187460592	8.24351417782489	6.95696011200294	7.60754434755395	10.7706357286838	11.6376752833201	12.550732608099	13.1419471160099	16.0690739932331	14.8845861884031	19.9867181398047	20.6314794670668	23.8404246816201	23.2099611374082	27.7619465635967	27.8804537983154	32.6632421232186	34.6715619059771	31.1535723312753	29.409066578183	25.4584161526203	24.2923301887653	20.7467517939556	19.5617578197871	15.1979677917806	13.447124636888	9.13776438741993	7.85563192875022	7.35870837851317	5.95997609055607	6.2126363164119	9.05007121518941	11.0756286503295	10.2079050250284	12.3170578467425	14.8858506643053	14.8768777974412	13.7678710772581	16.8932519367942	18.6949696175201	15.0770475889678	16.5004126312041	20.1710857665124	22.4309603227325	19.5966514741677	22.225155140066	18.2713486365949	15.9368913217101	12.2124172054512	11.0943793427122	7.39935483674083	7.19877253425888	4.64910163364924	8.62248630036604	7.90959651309724	6.04192841731843	10.9881038400627	8.68926849625445	7.15078974659443	10.3984513270006	12.8464434377769	9.60630147351206	11.6625751444524	14.4492883215749	15.1295508525534	10.4248573131722	16.0801618772946	18.6355773991578	16.3925098444381	16.5903867947676	21.0698397003869	22.844255930102	21.5527264864564	20.9423495816491	23.602766278553	26.1966633944096	25.7985195311669	19.8174598271322	20.1508460368293	17.5366324304297	14.846629617526	13.914780954079	10.2314284437707	10.2372049408029	6.30298000948757	2.91124114425446	10.5404247068133	10.4783190445796	7.39183258738995	13.1890546666545	15.8849741579897	15.8878609321708	13.6183730305789	13.5235524179115	12.8265802145389	14.4529366912057	13.2535399422192	12.437290259538	16.6219619178965	17.6997126247858	19.9647092140106	18.5955600345889	17.1634456039573	19.2179885523954	21.4165107568903	16.7811138486097	19.9165165126836	22.6262053601571	24.2059465421206	21.7636709679227	23.0966555154637	18.4732680920296	18.3439998637157	15.9222532953097	14.2312564097482	13.8963871923605	10.7827074985831	11.3211961823829	9.36351744805338	10.8083342379851	13.4521791543229	14.6713296602592	14.7496617927327	16.4798359518534	13.3607488936811	17.7162435352419	19.3289800558643	15.4414748647919	15.1072695746121	21.2348633383877	22.1137075588875	18.494653227352	23.4754313698385	25.8688072589364	25.5147841848604	24.7895306530801	30.4725987405078	29.6640875302107	31.5711645809907
