56	57	58	59	73	74	75	76	77	78	79	80	81	82	83	84	85	86	87	88	89	90	91	92	93	94	95	96	97	98	99	100	101	102	103	104	105	106	107	108	109	110	111	112	113	114	115	116	117	118	119	120	121	122	123	124	125	126	127	128	129	130	131	132	133	134	135	136	137	138	139	140	141	142	143	144	145	146	147	148	149	150	151	152	153	154	155	156	157	158	159	160	161	162	163	164	165	166	167	168	169	170	184	185	186	187	188	189	190	191	192	193	194	195	196	197	198	199	200	201	202	203	204	205	206	207	208	209	210	211	212	213	214	215	216	217	218	219	220	221	222	223	224	225	226	227	228	229	230	231	232	233	234	235	236	237	238	239	240	241	242	243	244	245	246	247	248	249	250	251	252
56	0	1.32836064380122	3.6170579204652	6.53023935242806	20.0026457000068	21.2755282190596	15.9505875126906	19.9767311139736	22.6584574276362	22.2118485047958	19.5313753995974	23.7343869944012	21.6890112268863	24.8974708354082	25.815493138811	21.8283114326326	20.650919858447	20.0719747160064	16.5246700723494	16.3766638238684	11.4299443130752	14.9618042695392	11.4514420489299	8.21261596569571	5.90671219884633	3.73294320878312	5.80044075911478	6.64004977390983	9.41464056669186	9.04095647594877	7.76677867587329	10.5923135810832	12.958164800619	12.041148865453	12.3478495698644	16.0447225903099	17.4250857673643	15.6797865100262	16.3448729881881	12.872448446197	13.827872359839	10.4564116694017	12.0786648682708	9.41350588250732	12.8770097072263	10.4665625207133	10.145499396284	7.25977754480121	5.54502750218608	7.26787107755772	6.62520980799854	3.48353412499433	3.95176682004392	6.12751907381773	5.19836637800761	3.58830294150313	5.10960565993111	7.74157387099032	2.8806002846629	6.865330946138	9.51715740124119	10.8848943495102	10.0345302829779	13.4347246715368	12.5543762887688	9.53717704564616	12.4723419212271	14.3526043978088	11.4553669954306	9.68166313192109	12.4715111353837	13.2409504568214	8.66037464547579	12.2319866742897	9.05780801297975	13.0130715052212	13.0669452053646	14.941024228613	17.3937932895617	17.7961273596252	20.4242943819364	21.8949959123084	18.8124604982974	18.4976417415842	23.8103046809569	24.4812731082352	19.4992781404851	24.5859283941038	27.2239849764872	25.0343296495033	20.4647576579836	24.5745603012546	24.9763222472805	21.75092708369	23.5326819975965	20.1876825316825	19.8042353550951	14.7824074493974	17.4868172061127	13.996382854152	16.4178969725114	14.5926260145321	33.8485996608427	33.1904982939395	34.1646883492298	32.1748374354868	29.2466508680909	30.4228234389907	30.9891467130026	27.3010078385396	25.8053640547852	21.5220638880197	25.9666781279393	26.3736824884202	22.7629478099828	23.428268950138	26.1671804747856	24.9432407477457	19.551704043382	24.1860642933074	26.6704386165657	24.3475245969688	23.2607466346203	26.2991416780092	27.9430121139436	23.6793529472408	24.940680724471	26.7428921584783	27.4218740059829	23.8519963734695	23.5331449024562	20.1295262984503	21.0485347233483	15.3660327996526	21.1169798029927	22.1058825202705	24.4351689169525	27.2247053060267	26.173605101323	26.1579246309794	27.2325611538834	23.0257330393627	26.7215233285829	29.268565885605	30.0406880580322	31.8368404996476	29.3227000462099	31.2824816470816	28.8856301125664	28.256691579164	25.3148578901798	26.7960870464327	25.3498947926811	22.9150627535689	22.2118239233072	20.3015825245226	22.1476268254637	18.847287497144	24.4668437073522	25.8081971861655	26.5821851058185	29.6714903737578	29.3111163383451	31.1699791145262	35.3501039036663	33.8198426223423	36.8316491077986	36.3196894397515	38.4943254259638	37.0060062152078	30.9550427232785
57	1.32836064380122	0	1.32581786079386	2.97815966663978	17.8257356089447	20.1329951323692	16.6557372097425	19.6472859703319	22.3494256078316	22.8428763512829	20.7506066176389	24.3493820866157	21.6346570576009	24.8585163676355	26.4857811287491	22.1128741234603	22.0546213977933	22.1675850962616	19.154190794706	19.4290497451625	14.2625316476424	18.4890601437715	14.7615401296748	11.3490214996712	10.0005282360483	6.42678481046316	8.66253069258632	8.46765292155978	10.7812511797101	11.3002197323769	7.28260214483806	10.5731460313381	13.3619235516448	12.6670675375163	10.9831526894603	15.4055530572583	17.0253004085097	16.6476060441134	18.1689188175852	15.4046319332855	17.0299063414923	13.7665241437336	15.9389307985197	13.9474729252291	17.4028416357789	15.174492182607	14.5744384454428	11.6762726073007	10.2165278837773	11.312603237098	9.98240386880836	6.64009653544284	7.67607829558818	9.32785645258331	7.17495351901321	5.14589282826605	7.05266091627834	9.16436326211483	4.28348526319398	6.60952207046773	8.95449054943943	9.7030665771188	6.57976618125599	10.2554499169953	7.95368028022248	6.78511724290744	10.2782146796027	12.9432005315532	10.7762254523558	9.65780332166689	12.7903805260047	14.3824373455962	10.0869970258744	15.0200374500199	12.4912067471482	16.4198411076356	17.4826902678049	19.2529165323075	21.8088294275507	21.7035497787804	24.4765292678517	26.0564055464295	22.8874822118991	21.7975416962556	27.5686936034336	28.1700012602059	22.8356625916569	27.9592565888294	30.5915304291891	28.2372687949809	23.6153531838929	27.7366739895035	27.9475822746799	24.6816407274719	25.9877632358	22.8990734310365	22.6462928533568	16.8304475876312	20.1098617101163	16.1392240519797	19.3193035329952	17.6637236731104	37.8149895279636	37.03273029362	38.1747125987872	36.3591696549853	33.3033473542826	34.428570432128	35.2433517986017	31.6646269676432	29.9571849812361	25.3878858119379	29.8596287485293	30.4461948689816	26.9854945850544	27.0131028206684	29.9282350632308	28.8194499774024	23.1746059513425	27.7020454118464	30.1640937208463	28.0489951691678	26.3702588155672	29.3908421961672	31.1790637928723	26.9540380277242	27.8719511516506	29.5200883975641	29.4730104332761	26.3847246148221	25.8973315420721	22.4537359252308	22.8578288995259	15.6378088618578	22.3642597463006	23.352083761412	24.5914095163331	27.5654358391084	27.6057566822574	28.4308207936387	29.9251918122508	26.0957439058556	29.9108327032198	32.3615438599582	32.6250433409674	33.9849536559931	31.1206273073021	33.1045958440818	30.0432910647286	28.7349839916434	25.3810781488888	26.1952550092569	24.3930991060997	20.8416634892707	20.9541612573732	20.3193018334784	22.8985898692474	19.2382902306832	25.8827867703615	27.0878364953719	28.9575517438888	32.0674375808233	32.0420062574115	34.4356999057664	38.3171092072458	36.3639033795878	38.7773419150926	38.07128567569	40.1439733708561	38.3868870579525	32.7472568316798
58	3.6170579204652	1.32581786079386	0	1.32802183716985	15.6471538945586	17.5318290260885	12.5028427967403	16.0759505473238	18.7383034717661	18.7532507582019	16.0161132925563	19.9479751854668	17.6222227315398	20.8462440262029	22.0129520510085	18.1707970656215	17.1824465370913	16.8748951107851	13.5754922194372	13.9015811330942	9.22131373503797	13.7071127521444	10.9522710430303	7.55876782286637	7.33642167544915	3.9448747762128	3.54652590572803	4.53608057688573	6.49273894439011	6.12936783037208	3.51758212413016	6.46166921158922	8.93793695435362	8.35379722042618	7.69841003064919	11.6838056728106	13.2486717070052	12.1488900316037	13.0586351890234	9.83619504686645	11.4848882449939	8.49471865337517	11.4477481191717	11.0213391654554	14.423304926403	13.6986316469931	13.9835306700418	11.9296834828088	9.14452240414993	9.51514970980489	9.46458900322672	6.65651515434315	3.82453761911163	7.01874525823526	6.54994396922599	3.75227517647627	3.97683869423943	6.51438845940277	5.71893713901456	3.96980515894672	7.07061729978366	9.44477437528287	5.81210753513732	9.27287490479624	6.17347268561221	3.55716544456397	7.93020062797909	9.82464538800256	7.1503751649826	5.9107889490321	8.82312580665152	9.92183092982338	5.25688396295752	9.64716595690153	9.11110893360408	11.9683814277454	14.1286647635224	15.8845749392296	18.3059296131062	17.2661745908004	20.2093992241234	21.866426457014	18.7988448581289	16.5769818121394	22.6492604073511	23.2662190525233	17.6122315451507	22.6935729007135	25.3492154908194	23.2541954279223	18.3486466530913	22.115571663423	22.2799624999684	19.016217736448	20.5281023477573	17.3936009497746	17.3515553769684	12.1794403812326	15.7355292888419	12.6425979529526	16.3467189368387	15.9463514949345	36.3384618964535	35.2337364041908	35.9878526450245	34.3149308902116	31.2335273224143	31.7914039010548	32.4837164437815	29.3689067041999	27.5503780917794	24.0031065489449	27.3413721126062	27.1748112412948	23.7410691629505	23.926518635188	26.3002764624253	24.6714683794865	19.2399039758519	23.3914289003472	25.6424546016952	23.262681186828	21.4032777863579	24.3125500307969	25.8331876856109	21.5210681891025	22.3606345840184	23.9788043279893	24.2776547467007	21.0951417392726	20.9078234878717	17.6696782370251	18.7129247847577	12.8726861998574	19.0239176301833	20.7372613910323	22.5473131436985	25.4431539908086	24.9914785877107	25.0991806439971	26.2423955651918	22.0698743086589	26.2885165233796	28.7326369308492	28.4267776049274	29.6453747657202	26.8220664006336	28.604744606446	25.6744915821132	25.0941799826175	22.2171731325117	23.6915255101903	22.2701843279305	20.0389852287984	20.0312538299528	17.7128061300292	19.575033333305	15.8076532413891	21.8270624913203	22.6942632398587	24.3322188055261	27.0491537945275	26.6562381629516	29.4669361488432	32.9802962691362	31.0953584478456	33.7493162301105	33.2884440759853	35.3210384898293	33.5464689348969	27.736183407239
59	6.53023935242806	2.97815966663978	1.32802183716985	0	17.2603413929157	20.5874250454009	17.5891037577246	19.8738625838059	22.5546608265343	23.681972764109	20.9789280946382	24.4454458948901	21.1682983728027	24.2525349190554	25.821027826173	21.0450798050281	21.8630534692664	22.3855792196673	19.777820228731	20.7113740249168	16.0304351469322	20.8644794806868	17.8206298710231	14.4694703082041	14.0572262911287	9.98712956759849	10.227455695333	10.4457209420892	12.4475596403472	11.9380839333622	6.09901147728056	10.8484086851483	13.5054813686888	12.2870356880738	9.99642541111571	14.4395787680943	15.8700321990852	16.2043334019021	18.1254644630145	15.8963080304831	18.2497088469926	15.7532098633897	18.8378475681273	18.1409845653426	21.4995200178981	19.9173705342849	19.4059007005601	16.8091013442123	14.9657543077521	15.4186898924649	14.2376731596143	11.1117108493697	10.7877027211543	11.9021292632873	9.22284305406961	6.88332347053369	8.81086545124825	9.02238111586958	5.62813459327334	5.47031662703358	7.56296747315497	7.38919650571021	3.49993099931984	7.24759525635917	3.59479693445958	4.08175758711856	7.8730326431433	10.6788241862108	9.48249429211533	8.83031647224492	11.8531267604797	13.6865756856856	10.3166650134624	15.5769869679601	15.6183811581098	18.8768947128494	20.9913960469522	22.9414758243667	25.5629111605075	24.6777766624143	27.6304994706936	29.2889251083067	26.0474295852777	23.7688399801084	29.9194423911944	30.2396147627578	24.4090765085449	29.5611410300753	32.1276025560576	29.4670273526191	24.4963805285597	28.498061442842	28.5346006980998	25.3614741882249	26.37972050648	23.6813567601183	23.8337922706396	18.3891217299794	22.221060325736	18.5154268921891	22.4768861944888	21.4444123258251	42.2564293924605	41.2100493690556	42.3100231387316	40.7141088321972	37.5398961239905	38.3440900530968	39.3056070554826	36.039366323508	34.1736455474098	29.7925946503489	33.7491844197752	34.1519059204607	30.757009623824	30.3800270243461	33.1560318192633	31.8922297276312	26.2077851982956	30.3847753653043	32.6786731370783	30.6003681677198	28.3495940006202	31.207418044433	32.7914529412772	28.4904967313664	28.7971054621814	30.1928156520719	29.704561905539	27.2093243392775	27.1057995454847	23.7470801573583	24.6520306262993	17.6068862664584	24.4483580225748	25.6955443219248	26.8148222071301	29.7964222852342	30.0222321788371	30.7962706995506	32.2881331916232	28.5972905359931	32.6879971090307	35.0411154360132	34.6012962329448	35.7090433503895	32.6900133679997	34.4516702933254	30.8395150091567	29.9064638330913	26.6977620410401	27.404187307782	25.481491734198	21.0368568469722	22.5029016129032	22.0713380881178	24.6836272456055	20.6509250398136	27.476550966233	28.1457644060345	30.580660244671	33.1854339884233	32.8491104445767	36.0774059627352	39.4477542833556	37.1068290615083	39.3314466553164	38.737835587446	40.7491395491978	38.4938572761941	33.1981201576234
73	20.0026457000068	17.8257356089447	15.6471538945586	17.2603413929157	0	1.32900150489004	3.31071880412698	3.22856144435877	3.36933672998114	5.39853702404642	7.26557430627476	7.99116418302115	5.96733525118206	9.33680443192424	11.897985585804	12.8499034237616	12.0722008763937	15.4334984044448	12.4714036098588	16.2794213963519	15.0893329209743	18.0461449345837	17.1848504212286	17.3483254523311	19.3746002023268	17.7888762433157	14.5402800867108	10.882804693644	9.60643981920462	12.932240447811	11.5803265497999	6.77790801058851	8.97967555093167	11.9211799332113	9.90776281508596	6.37713493663103	11.9416261455465	10.4998244271035	15.6476062386552	14.205007039773	18.2386525269824	19.1761918534416	20.9826560282534	22.1159916350138	25.6258477713421	27.1167666582873	29.1583542916949	27.1957914942735	22.9781472273114	25.4880591257946	26.7564554079945	23.9443986142897	19.6192744769015	24.1054151799964	24.8221142733652	21.6943488955073	20.8066669123144	24.1851295220844	23.4461460798998	20.0245897835636	22.5144749439111	24.5614463336343	19.8376398293749	19.9509826825648	16.2812801707974	16.8528263801654	19.5088662920222	16.6864729346858	14.0291621275114	17.7340440396431	20.0476889939963	14.8296777443072	16.4503813329661	20.7289827053814	22.9547256572585	24.2933180319198	26.9845076108496	26.3326845004454	26.7453920143265	23.2577920276195	25.7724639489514	28.2189856125269	27.208491487034	20.3903074277952	27.2387843708195	29.4407228341969	24.5715966717672	25.6557751393327	29.4936657097757	29.5716676060042	23.8532490030184	24.388663944546	22.0789396031603	19.002778823109	16.4000072256082	11.7941299382362	14.991656813041	10.3749641927093	14.3798175231816	14.1739585860831	17.9356230446561	19.8109829640026	38.5739489422589	36.1887173715787	37.0332674496864	37.0169024365897	33.6272150645872	32.0649915172295	34.9114094530714	33.8184323853132	30.8347088035545	27.3421477759155	27.993327544256	28.8697838059103	26.064205148057	23.8011715888105	26.129226490656	25.9478650181474	21.408765260986	20.1517754552794	24.2992537539736	23.7813776724562	20.2408980779016	21.3764637627462	23.8452329407787	22.0207664035564	18.6666362261657	19.6205117415423	16.5151152887287	10.5090008088305	14.570919463095	10.2186912567119	12.8593160782368	9.70275522725375	12.9032399419681	14.4440223275928	14.6552194456446	16.8478211350904	17.796662243241	19.5076875872052	19.1431448304609	19.7349531795746	23.2481819504236	24.4851211146688	21.3063085024131	20.7181462973887	17.1109700777016	17.344643841832	12.4706025916954	11.1893352796312	7.70274392667964	9.38273579506532	8.52907169626331	8.1319880718063	11.185158425342	8.41006664658491	10.6617937515223	6.89456496089492	12.5660863438065	11.3964568616742	15.8852611561787	17.5072646064427	19.7257750925027	23.8844544840363	26.0091798025236	22.4321507662551	22.4646343170771	20.5099416137638	22.7274701847786	21.0130809497322	16.0162671368831
74	21.2755282190596	20.1329951323692	17.5318290260885	20.5874250454009	1.32900150489004	0	1.3269065528514	3.19777891668577	3.3657590525764	3.13294079101409	5.3517628871242	6.95499051041768	7.58756548571411	10.2346115216944	12.37066372512	13.3281729430556	11.5105352612292	14.3023763410141	11.5545033644895	14.4343500719637	13.722529103631	15.9904392372442	15.0403067122981	16.6922769267707	18.4184384245788	18.2638946832268	15.1081100737319	11.1177678065338	9.41717776194121	12.7322729314133	12.8358446936694	7.96827427991783	8.19459541405188	12.4011076118224	12.0166548173774	7.62017302953155	13.4537990917064	10.6324387136724	15.9272973539141	13.8333526666532	17.4403473015878	18.2300071585285	19.4470288990375	20.9126827308215	24.0096226750859	25.7650478555736	28.5473632057323	27.2038992425718	22.533206806844	25.0367736140262	26.9506860951628	24.7758625278718	19.9624819599167	24.4463970351461	26.0456311115703	23.3647146141356	21.4350352693902	25.3945695179107	25.6919921570905	22.1054153772328	24.5023261956901	27.0142146471076	23.2000812283061	23.3243533029321	19.7897635407804	19.9277042832334	22.283582880677	19.0768035582484	15.8693854323348	19.5203320412333	21.3249399999156	16.552162185044	17.221320652029	20.3683588195024	22.2429353053953	23.1746724680199	25.6949720762643	24.4546592902048	24.5275617622299	20.9508849932407	23.2769019845855	25.7848952877455	25.1933976470027	18.3039418978536	25.0208426316941	27.38399512489	23.1755854942221	23.6539621628175	27.7252531277895	28.3296354547671	22.940444459513	22.9387746185362	20.5910130396734	17.4333297737409	14.5614612247535	10.1073423311967	12.3476333764815	8.15026048663477	11.6021986278464	11.2603362738419	14.6498527978953	15.625067999852	33.6175323008694	31.1093132036051	32.1642219088229	32.4732947666232	29.0762863859882	27.0393707951942	30.4377529394008	29.965130935806	26.8450769043413	22.9875926099276	23.7513263208605	25.2875372268634	22.8311342688006	19.211764572782	22.5817576596686	22.9099146004519	18.5343580951702	16.8356447455985	21.1102615095124	20.958468741776	17.3555059563241	18.2234599074929	21.0316244260875	19.7164268821711	16.2504455323539	17.6070584993633	14.4525269070844	8.44951631751783	11.4268990544242	7.08631490973976	8.86914708413385	7.3176591885657	7.35842523913915	8.4298206386613	8.5790218556663	10.68389938178	11.7005431497858	13.9985581400371	13.9596110260995	15.4855434841661	18.7135271394785	19.6700124555121	16.9346959228679	16.9081962964711	13.3538580941988	14.0948448732152	9.76766015993595	7.00542518338465	3.78086828651833	4.30361917460176	3.46439388638186	5.06286144388724	6.62951800661255	3.54731236290237	4.87102258257956	3.50147983001473	8.49180063355234	8.15419064040079	12.6114198249047	14.8404681193014	17.0978918875983	21.0276561223547	23.365312024452	19.8559984891216	20.1997121514144	18.3382927504171	20.4858099424943	19.423749200399	13.836108593098
75	15.9505875126906	16.6557372097425	12.5028427967403	17.5891037577246	3.31071880412698	1.3269065528514	0	1.33060474972849	3.2361158817323	3.29560980700082	3.06124059818891	4.99219320539581	5.89698745123305	8.41417547951076	10.3062165220803	10.6563109001192	8.32873735928803	10.785631414062	7.40552300651345	9.61125886655853	7.52389108108298	10.5132939652613	9.63106629610657	10.689986763322	12.4328419920789	12.588555477099	9.49559740090111	7.10271588901035	4.47133872570621	6.79558224142714	8.33349974500509	4.18598769706744	3.71452284957301	8.11960824178112	8.93831824226459	5.0245180863442	10.5219396025638	7.11410718221197	11.9184336219153	8.85475736539404	11.8919013198058	12.1053254809608	13.3809896121326	14.9613003779752	18.027328005004	19.8255830935688	22.5330941949835	21.2940638206989	16.6892397370282	18.894879385696	20.8518320298241	18.9966097238428	13.8384105301151	18.4556428769089	20.4933283289953	18.1538638036094	15.5939142295961	19.9595769744752	21.2553985142599	17.7025520759014	19.8229989910709	22.8977791499525	20.2835873306474	20.5454882881863	17.1868106698131	16.8547989605335	18.56811269354	16.2352902653448	12.116164822253	15.3671583580049	16.8151094554868	13.1215244541174	11.9957380348189	14.8313525006993	16.0504320502596	17.10886302476	19.5704426623416	18.5524438551906	19.1067315101249	15.7747165109234	18.4728667239278	20.9506883419137	20.053520613598	13.4929314087043	20.7165136787057	22.9084451240149	18.1696275691055	20.0011218435367	23.8635986389312	24.2863704163467	18.5625376767294	19.4474902750972	17.3164825527588	14.2054313908448	11.6712327969242	7.22177616656734	9.38547143195268	3.53082568247145	7.84491746291827	7.67201205682055	11.2928479136133	14.2858306373833	33.0411327136344	30.9150447031862	31.520379217262	31.0138026046469	27.6809264837722	27.0413931963573	28.6587146606403	27.1601079710667	24.3765942863231	21.1217206922163	22.1204847370034	22.5153267353596	19.3756646595672	18.1912385504671	20.309344204085	19.5917094200583	14.4142638729836	15.1722764607029	18.7121268700274	17.892927792846	14.3944941557528	16.7220375851748	18.8952012161818	16.9627419363734	13.7226310159532	15.2100369493305	12.4238516974407	7.80236566689874	9.97670105796501	5.63297044196044	8.30558860045451	6.02640929575813	9.56912660591341	12.2913923540012	12.987809399587	15.1136575983446	15.6319422977441	16.1111088693485	16.3919686737134	14.1402293475035	18.3662424300672	20.2267856813682	17.8870799461511	17.8742851605316	14.3340364517466	15.1300229345497	10.2620770314786	10.0536897704276	6.76105472541082	8.85649467904768	8.20504204742425	9.50032873115452	10.9306824581085	7.01148736003995	8.14321269524504	3.79017743647972	9.51085879403117	8.31847792567848	12.0993415523325	14.0594631476454	15.5001626120502	19.4695253152202	22.1275505422539	18.6757650981158	19.6558671393556	18.3882419768721	20.5023995424926	18.9277318503829	13.2457293117442
76	19.9767311139736	19.6472859703319	16.0759505473238	19.8738625838059	3.22856144435877	3.19777891668577	1.33060474972849	0	1.32775524853039	3.38230335718132	3.27927263276477	3.16756515323679	2.95196968141612	5.1162569325631	7.26325691408475	8.09196613932609	7.00903902114976	10.8054939267023	8.37392321436016	12.5849340482976	12.4354311947757	14.9903797817133	14.7339080355485	15.7981251102781	17.6339412497604	17.2873307656214	13.6666678455284	11.1593252036133	8.96527065960643	10.9545755280613	10.5942441448175	6.55343909714586	5.83574536798857	9.41603260402171	8.6093061857504	3.73427221825083	9.00368235779117	6.40790098238105	11.9721737792266	10.9172215329726	14.8658381869305	16.4017261591578	17.9005071157216	20.1869733491675	23.1113948302564	25.0206650790901	27.6635191181455	26.2520050662802	21.8353973858961	23.80646741959	25.6719738820372	23.3884148671944	18.4549993768626	22.798695006513	24.2968068272355	21.5838061981663	19.3705633630001	23.2713644851349	23.7914840226498	20.0974951175513	21.3835324724424	24.5383774932248	21.5270603195141	20.6309596480629	17.6698265413105	17.7516123774715	19.0035352763637	15.1959875296079	12.9727759943661	16.496410700513	17.916713314668	12.5181429932718	14.7892061653085	17.646920722891	20.1385298619338	21.2658950904964	24.0178717208665	23.3544450801127	23.7186619563583	20.2380461754587	22.7890783710092	25.1823373418752	23.8282823762016	17.1851375612766	23.5432175371167	25.6292736728921	20.8209581191644	21.4108702298622	25.1055110085415	25.0815647637862	19.6436372904816	19.7940386227773	17.226948481957	14.2521149658568	11.3732963559383	7.12494273661199	11.9058277326694	7.89273723115119	12.1102806738737	12.6104798084768	16.0635244576027	18.889021229275	37.2207085773498	34.8708117054938	35.4380866018469	35.2588129692422	31.9516935857867	30.5960118969777	32.7749134857745	31.7210224456905	28.8250832609379	25.4367432074155	26.0103016706842	26.5539682533515	23.6252757232588	21.9322320797497	23.7613811888114	23.2960586795278	18.8436750927201	17.930689083245	21.675415889897	20.3366889635457	17.2321283943685	18.3373659231636	20.1354436256071	17.7609914982244	14.4963872050935	14.8730336179274	11.4840437564475	6.94617693411275	11.7292672405398	7.94889011120421	11.17437792452	9.83744631497423	12.4063817448924	14.8104733550282	15.6299435699557	17.6976270443243	18.088128178449	18.7401923415956	18.4012842214885	17.6568212881028	21.5493846083827	23.0249834093317	20.0448767269844	19.4808033201919	15.9029372444212	15.6940641645177	10.1898800778027	11.1088165886381	7.33657263304876	10.8747388934172	10.6332372304957	12.0030421560536	13.5918488072815	9.71808098340408	10.3839579159394	6.48400616902853	11.4626103920529	9.51984605967974	13.4406842831755	13.9895380195345	15.6981215755262	20.0814463124547	22.0510210647943	18.4919416503514	18.8158614206206	17.418157221704	19.4910300651351	17.1590789088459	12.3672038472728
77	22.6584574276362	22.3494256078316	18.7383034717661	22.5546608265343	3.36933672998114	3.3657590525764	3.2361158817323	1.32775524853039	0	1.33053786116744	3.14239096867338	2.79643004561172	4.32991200834382	6.80079671803238	8.29234508447399	9.73244707152317	8.12266052472957	11.7283397375758	9.97402496487752	13.5790993442128	14.6204260539835	16.1897030856035	16.4255328680686	18.1821903246006	19.9635925374167	19.917408214926	16.2942776765342	13.8784793835636	11.4791970538013	13.2731481570877	13.099545717314	9.23866413503597	7.80427491827397	11.7539721371118	11.5246964385185	6.14706368927474	11.5613842164336	8.44272438256751	13.9553463948409	12.9354704205143	16.6110489132986	18.428666745047	19.4190046346356	22.411776234828	25.0746933381049	27.1459935533773	29.9358504973552	28.7627130326748	24.2844776760794	26.1612239774824	28.0905870355178	25.9902631960509	20.9111818173914	25.2470676515115	26.8392693827533	24.1091537180383	21.6761781225381	25.6541684332196	26.3874050448315	22.6826270303949	23.876541332446	27.2562816429534	24.4764871866859	23.6758414633989	20.7295812065753	20.5715276292258	21.7112308725231	18.0384707223201	15.6818489343572	19.1132472123394	20.156987101251	15.1188103367957	17.0770109211185	19.7108633499398	22.1357989239151	23.1448429893141	25.9046802142007	24.8472467086396	24.6421976901412	20.98347814353	23.0532200787656	25.3182707742847	24.2168763262317	17.5529157976673	23.5022536366196	25.773405110695	21.8460709739761	21.3574115004604	25.2971910891308	25.8508085173365	20.9650655615479	20.253212411862	17.4972302379548	14.3635859380588	11.1095557516941	6.86932158222338	11.3427611276973	9.42096539639119	12.6978316652884	14.4467278994241	16.9619377430764	20.3165833003485	37.2994126629361	34.7185376852194	35.0162292658704	35.1641567224354	32.011577921121	29.2521262304127	32.3501336473283	31.9655453731045	29.0054215104694	25.5691404822297	25.5573318051787	26.0799727568876	23.534003378091	21.2585267833874	22.4789098712549	22.3684749815449	19.1593193511669	16.1899185297518	20.2233242816309	19.4107989016424	16.1488179443574	16.4172063701471	18.7660549397043	17.0654370292706	13.5142562503454	13.6461016777686	10.4326124724347	3.92051348677696	10.0187151870886	6.80415240863988	10.4101984611246	11.5807570564277	12.9580036271024	15.1088258643748	14.9929067895455	17.3984279174873	17.8781564206156	18.1579604856933	16.6209535827521	17.1189542904933	20.6414680921682	21.6052980539496	17.8541319027277	16.5694253973999	13.0721905203374	12.3542166890499	6.77920268173183	8.43217249586368	3.82751015674682	7.85806661972269	8.44860367161343	9.82115924929435	12.664585109667	10.7951793407984	10.2140730367469	7.25400041356492	9.90232033414391	6.70093090547873	10.876676238631	11.1625993388637	13.5680684329052	17.9827817647882	19.5960861908699	15.9818432604002	15.9174513349342	14.2244404810875	16.4309569715218	14.6252043062653	9.43722231379552
78	22.2118485047958	22.8428763512829	18.7532507582019	23.681972764109	5.39853702404642	3.13294079101409	3.29560980700082	3.38230335718132	1.33053786116744	0	1.32912038581913	3.22942936135782	5.79136512404459	8.27386493725877	9.46036505638128	10.3237019038715	7.43145322262073	9.83924336521869	8.26783327117813	11.1345522137174	12.5497293197901	13.5353310266133	13.2004130238413	15.7185303384254	17.605036495276	18.6515064002884	15.71073976616	12.6046361708698	10.1543182932189	12.8221024017124	14.0549711490277	10.3953084610318	7.41788258197715	12.4663995604184	13.4286911499222	7.82867332311164	13.3186546242479	8.34624286730263	13.2314560801145	12.237631225037	14.8626076110486	16.5976776990036	16.7358025203454	19.7487658601747	21.8306885370114	24.2705248604145	27.3331978736481	26.8945101833069	22.0771008286867	24.2363104659104	26.3758351716112	25.0015900894323	19.4835705659923	24.2506566096673	26.4429227015472	24.2483791004677	21.184091696365	25.7957280765634	27.2132848439875	23.5845811071556	24.5287555942	28.4067618710757	26.1738645407972	25.606500834749	22.6615403492349	22.1120977973597	22.9589732566594	19.9506179352921	17.1376735877423	20.2013713890914	20.4402467695476	16.2057233408447	17.1251282914903	18.7454442998826	20.8119653324716	21.0258624317767	23.6809883239699	22.1379121192582	21.605989285381	17.9146031214761	19.8356256518417	22.0996365128479	21.2208005975269	14.5762201547589	20.4054724277582	22.7723916618347	19.3288834649082	18.4824518124625	22.5931364356523	23.5576752248604	18.9372600710874	17.8724890823858	15.1992659362221	12.0330712621508	8.64740296273973	4.71836857398826	8.08730418619208	6.30227284398257	9.32481184796776	11.0266934753805	13.3211776506434	16.6965751278518	33.6625440066552	31.1210582885608	31.4832815633949	31.5802137104865	28.3868622605599	26.0496573106058	28.9178095643498	28.4107245419753	25.421522594054	21.9590459947603	22.0550223531966	22.7406477920045	20.1305798475851	17.9548415197684	19.174513761762	18.9980968520534	15.7905717755881	12.9424923797544	16.8785133824043	16.1036677499258	12.8728063762336	13.1795917994451	15.5390785119324	14.0738981806747	10.4683833995512	11.3382327547109	8.11856693019156	3.28153089273895	6.75751145023077	3.50819084429567	6.91999898843923	7.8829096151104	9.43296125296823	12.1355610088698	13.1336135926104	15.0914137508717	14.7927309513828	14.7626348258026	13.745768257904	13.6202332579145	17.2083435867605	18.4603946057499	15.108935402602	14.2833912289764	10.8674364042308	10.560008854163	5.67514061499802	7.16229886279537	3.5653511748494	8.1496768034076	9.35675285555839	11.9043073297021	12.7616037393425	8.84282505763854	7.1556689414757	3.90739478425203	6.80041197281459	4.46757809109141	8.00182860351308	9.07985071463183	10.9336445890654	15.1229012097547	17.3353950344375	13.817557635125	14.6862463550085	13.5447496100888	15.6014396130614	14.3002123760453	8.34518747542559
79	19.5313753995974	20.7506066176389	16.0161132925563	20.9789280946382	7.26557430627476	5.3517628871242	3.06124059818891	3.27927263276477	3.14239096867338	1.32912038581913	0	1.332225206187	3.23868800596784	5.57410037584541	5.85452935768538	6.16455367403026	3.20754953196361	6.94582212556584	4.77678197116008	7.97558330155231	9.08074126930175	10.5436656339245	11.5730408709207	13.0721326110165	15.2323194885086	16.2766964707216	12.976290186336	11.5783160260895	8.11523474706677	9.7645735185926	10.6950169237828	7.96549960768312	3.92709778335096	8.46229011556564	9.75576614110855	4.53898237493824	9.10941282410672	4.25091778325575	9.63492345584541	8.42724634741385	11.1065757099117	12.8110116696536	13.5862909213663	16.9158612254889	19.5115580618258	21.7844572574118	24.695449398624	24.2711805440114	19.8009148778535	21.1739196654753	23.2743314834175	22.0392194054145	16.2603112208838	20.8152595227636	22.9909071156403	20.9044005415128	17.3278018225048	22.0412602180547	23.6178465148709	19.9483509594152	20.4419220965153	24.3937376389925	22.5468939324245	21.8292079105038	19.3175302251608	18.0566047749847	18.7382297189462	15.8009670906562	13.1042459149697	16.091723400556	16.3238878947388	11.9080455575212	13.3398121051235	14.9039912104107	16.948083844494	17.4684102596659	20.0843914769654	19.1330056708297	19.0962924673875	15.519660498864	17.8908014912692	20.1532751928812	18.8438829597299	12.0709338081194	18.6548870272645	20.8505253890639	16.4033290828417	17.0044217190706	20.9224559026898	21.1013189398199	16.0748848207382	15.6294461514156	12.8546561214215	9.87577019781243	6.88589471310737	2.93292771816832	6.90451852050525	4.82714926224579	8.05360056123968	10.6382871741648	13.3537705911102	17.0965199675256	34.5065387136989	32.2004305871831	32.318028111257	31.9668417113734	28.857021294652	27.6007798621706	28.9271251423296	28.074240898019	25.3337221110519	22.1251039771568	22.4964762574053	22.4700002892746	19.5198806861108	17.886957846431	19.2912119111268	18.4521467856724	14.8050569063412	13.6605188042036	17.0706911693698	15.5668457305904	12.3397010093438	14.0021391937089	15.8069840260563	13.5090128432836	10.4147600068365	10.3824858776692	7.11745382844175	4.77871562242409	7.65564771916786	4.36909075209019	7.97780001002783	9.2073202942007	11.8580040900651	15.2285122713941	16.292496585852	18.2409147248706	17.7504959367337	17.3953728330266	16.2871837344582	14.1786781118692	18.5089409205389	20.2180283410623	17.0820288607648	16.2619814290879	12.7954233614992	12.7993070906202	7.79337064433613	9.60790081131149	5.60485075626461	10.9882888112754	12.2535693983427	14.5938989307176	15.6904923122253	11.6486849043143	10.2684965306514	6.80749843922127	8.72535386101905	6.43587826174486	9.84064525323416	10.9054093458247	11.8519684862895	16.2456406768093	18.2535452994754	14.8217257429761	15.7816407575385	15.0401464753506	17.100992105723	14.4623100851835	9.61966433925841
80	23.7343869944012	24.3493820866157	19.9479751854668	24.4454458948901	7.99116418302115	6.95499051041768	4.99219320539581	3.16756515323679	2.79643004561172	3.22942936135782	1.332225206187	0	1.32891045597512	2.99548877480788	2.9792960577962	4.05535571805976	3.37342763372804	7.82858742047376	7.61952551016138	11.483176651084	13.3888527141051	15.0329236677368	16.2612762106792	17.8632593890365	20.0382201305405	20.8151879885818	17.2236528065332	15.5082784666771	12.2629303186473	13.5015001759064	14.1232222244076	11.2776558291163	7.81526493472871	11.7166522095691	11.8287354353709	7.25143944331055	10.0541339259033	5.90836297124677	10.7108954340895	11.7361597211354	14.5801314808886	16.915351459547	17.4986046300841	21.5164198230096	24.1813968372383	26.5259188907755	29.4432558321936	28.9862134470855	24.5888358610163	25.8403952949641	27.8962181845497	26.5166847663881	20.8261397767325	25.179389944953	27.2104220658188	24.7708884580267	21.3540501778937	25.5778298532147	26.8285177190243	23.182495141809	22.8679889802317	27.121364733361	25.011219302545	23.8295031211312	21.7108460682674	20.6412149109494	20.8846482852836	16.9854408832977	15.9020689848837	18.7334551271248	18.2409358038452	13.2661033464993	16.5632211239239	17.0983599798343	20.7919087627856	21.5057489290655	24.343544154457	23.5650200296966	23.2959990770948	19.6918657572105	21.7982661007705	23.9196045535874	22.3716283269681	15.8758842273431	21.6938786066485	23.7794796831217	19.3662498951139	19.2141556671117	22.5426128254912	22.2568819244745	17.3936303283702	16.9886587169205	13.9622958713816	11.4126744893561	7.91584891215086	4.68034720934249	10.0131111049464	9.3986840036252	12.3262106504797	15.0516548259652	17.4599329322882	21.3989228700886	38.0003021172201	35.4931209250469	35.5135453313239	35.4778705956262	32.4460476637756	29.9568469969722	32.2930141361874	31.9216453366677	29.112507329325	25.8349844397089	25.7742557409521	25.8666969286765	23.2069019259357	21.130771164347	22.162788949047	21.6442585920609	18.4159933481743	16.0882949065462	19.3630709599485	18.1311616009565	14.9066403324156	15.9374398822396	17.6109178352521	15.1883425363007	11.9420889713651	10.9405854505141	6.42828320782462	3.42522904343636	9.62374817833467	6.47115237032787	10.8807506174896	12.6474481220521	14.7634053659716	17.6118472909573	18.4486346920307	20.4809909184102	20.0098060210488	19.7828427431449	18.2188773803437	17.3892143008245	21.251634313624	22.5112421025584	18.8404519319469	17.6464496995855	14.2705900368555	12.8947221373708	6.84783038633405	10.8628606269251	5.70021289076118	12.4783463648033	13.9826043353876	16.3195423036309	17.9323644285967	14.0905350856524	12.6182883942316	9.32149204795027	10.7396712705743	7.85177444912932	10.8115346274245	10.177592495281	11.9629900944538	16.6204681342013	17.7741058002927	14.2197618475135	13.6568669174156	12.1897708756153	13.6045404553039	10.941119229768	7.77309500778165
81	21.6890112268863	21.6346570576009	17.6222227315398	21.1682983728027	5.96733525118206	7.58756548571411	5.89698745123305	2.95196968141612	4.32991200834382	5.79136512404459	3.23868800596784	1.32891045597512	0	1.33057656675593	3.01343491716678	2.67914967853608	3.92004732114295	8.11505526783398	7.27141320514795	11.8513038523194	13.8804656261957	16.0889045618401	17.5541795592958	17.9176017926507	20.0163559620626	19.6661658947544	15.575483491693	13.7897179449037	10.943411808024	11.319232526987	11.0789657910836	8.14369400210984	6.80012801350092	8.99626311309311	8.13310303635704	4.15483681990038	7.1118541886065	4.33202331480336	9.10659112950615	10.037786708234	13.8065256310196	16.2837810412692	17.8658693883057	21.7255487387546	24.71034028499	26.9324432051754	29.167399918402	28.1602555386133	24.2611584430752	24.9520043683869	26.7572560065489	24.7340676395938	19.7015582124866	23.5500408916842	24.8892144110657	21.982054908493	19.3495170223962	23.020961600246	23.8135434994458	20.1545905937084	20.1643815427104	24.0457401632805	21.4666390708932	19.8144297167494	17.6358877576378	17.3733089536795	17.8445251267721	13.2630102917852	12.6837639918125	15.7114062387808	16.0020322459368	10.5475078099047	14.1729721300791	16.0001743428001	19.4182260003328	20.9862170483391	24.0735131628103	24.3355550994835	24.4195721706995	20.9372583926358	23.2161916127516	25.2424072148438	23.1839874698034	16.9222298767036	22.7900880428313	24.3746190534334	19.4457337480487	20.199309220862	23.4950728664544	22.635505737668	17.3304504557729	17.8760539549421	15.0963944370833	12.6097369520542	9.33495222269509	6.17341024070165	11.5358556683065	10.8605582269053	14.0617680609517	16.5059911850213	19.3429845163563	23.0532033348947	40.3009853105355	37.8791063912548	37.9357513435545	37.7537139100248	34.6915298163687	32.6260271255941	34.5663852029685	33.9703339547906	31.226408615145	28.0011957066122	28.1290671548134	28.0839407847261	25.2764892538501	23.4266215660731	24.4807162068433	23.6887381259534	20.4463992673527	18.5790124872126	21.4823116307347	19.9153685629968	16.8088823542792	18.1765078329144	19.5717930450943	16.5843688755406	13.6563358555654	13.2926341257104	9.08744766147239	6.94732200203791	12.0138388952075	8.91967404112953	13.2782495081242	14.7257460252444	16.8269022104486	19.6704912241662	20.5298407446332	22.4653326260708	22.456752325303	22.2734134564058	20.9504852688428	19.7532014114168	23.798374671393	25.190767455558	21.6374668803906	20.5057935959572	17.1228359800589	16.0639386515263	10.1804393323667	13.3667273855645	8.26459890133816	14.2912566627291	14.6525898393424	16.0392250436235	18.2342710575444	14.7764747148973	14.7574467303799	11.4428354877626	13.4309080482296	10.6875592162102	13.4692929658538	13.5443402570963	14.8711615551711	19.3827289358336	21.0408656428389	17.545872819555	17.847648192409	16.7971326719771	18.5572213437249	15.7138900976175	11.6624680921321
