53	54	55	56	57	58	59	60	61	62	63	64	65	66	67	68	69	70	71	72	73	74	75	76	77	78	79	80	81	82	83	84	85	86	87	88	89	90	91	92	93	94	95	96	97	98	99	100	101	102	103	104	105	106	107	108	109	110	111	112	113	114	115	116	117	118	119	120	121	122	123	124	125	126	127	128	129	130	131	132	133	134	135	136	137	138	139	140	141	142	143	144	145	146	147	148	149	150	151	152	153	154	155	156	157	158	159	160	161	162	163	164	165	166	167	168	169	170	171	172	173	174	175	176	177	178	179	180	181	182	183	184	185	186	187	188	189	190	191	192	193	194	195	196	197	198	199	200	201	202	203	204	205	206	207	208	209	210	211	212	213	214	215	216	217	218	219	220	221	222	223	224	225	226	227	228	229	230
53	0	1.34408816675098	2.90040445455457	2.96154503595674	3.00175032272839	5.71499571303426	6.93882108142298	4.00648586669166	5.47616827718067	8.26582119332374	9.28903660236087	6.5680054811183	10.1347039917306	12.6476205667311	12.9921629454067	16.3396960192043	16.5147912490591	12.7936364650556	17.3890835008634	14.2601876916119	18.0666152059538	18.9153822060248	21.1573353946096	19.921126624767	21.2261309003784	17.0063457274042	18.2756118639021	10.9186992357149	15.840752128608	15.1460359830551	12.9311339796632	11.3851865597363	12.3041609628613	10.3771674844343	5.46178075356381	6.88590945336925	10.3579061107929	8.88642076428975	4.95850007562771	10.647556245449	13.0686630532737	10.2778948720056	11.0887958769201	15.5564579516032	17.4984808769219	20.2399775197504	21.0599932811005	20.0987211782243	16.5163380323848	19.1122147591534	17.8523888877651	19.1053742700843	16.5007969807522	22.0295844264026	22.0313214537848	22.9267288770117	20.241353116825	17.6669909718661	19.9733423342214	19.9855740723153	16.4344578857959	14.6818304376532	18.4682734710097	17.4022984114168	14.0624821066553	13.9057779358078	17.4039805217082	19.1675729814706	11.9473595827697	19.9750814266175	17.7446052083443	15.5101273044421	20.9925497974877	21.8183560104789	22.8355300354513	24.7085668746692	24.2161729841856	25.4329630401178	22.6095575586963	25.7478019450205	28.0847337534113	27.9099210138617	30.7013405244787	30.5352608634673	24.6012952504538	30.3962688993238	31.8653921833703	27.9640269274652	25.4324754988578	26.8031402078189	26.7982716233715	23.4480024735584	22.3198921592377	17.9705982371205	17.9513331538357	9.81480356400473	14.7264625419685	10.8499362670939	16.0050497656208	17.0551303131932	20.0791862882937	23.4924039212678	24.1940899601535	18.2739463170931	22.9527491163913	25.4199775176927	22.8446440550077	20.9117973163475	25.1259452757503	27.3148087491016	24.3668189758122	25.8879059408056	28.5114029468913	29.35941511679	26.4153196649217	23.9780805111669	27.3798288709042	29.5126819181178	26.0706184621692	24.111732019911	20.8140806907247	19.0216943514504	13.7799611755621	15.4421155286444	12.437312169436	15.4456287019985	16.2214674428672	18.4691693911773	20.2598105617994	19.5228135523546	22.2342072716794	24.4711243918215	25.3661643533271	27.6934625137414	26.1771388046899	25.4166594382503	21.8847280312093	23.9224750809777	26.1329984693682	23.3821263789246	18.3646775359656	24.9078999917697	26.7445348809808	23.2592961845366	24.6118761779755	27.1465554905222	27.5009265298462	22.1783252072829	27.4941927868414	30.1937638097671	29.8870516612128	28.8648133546711	23.7786807455754	24.9600739181598	22.50298820157	21.7403294823239	17.5119739892452	17.3045275289446	13.2022621167738	13.2247976922144	9.85543164960318	11.9103615394328	10.1292186273177	5.8466422842517	7.98790473153004	13.1128366496346	15.8800555729506	12.6297914867982	14.8736390637934	11.0029016627433	16.3344076109298	16.6247556072262	20.8188182421577	24.0482261507996	25.9559803898832	29.2151546290619	31.0153979016875	33.3029575563493
54	1.34408816675098	0	1.32962438304959	3.15269852665935	3.42429335776011	4.81071813765887	6.32596150794486	3.76104161104341	3.51806154010984	5.93740591504404	7.04711934055327	4.01021907132266	6.81362649401917	9.49257188542705	10.8649874827355	13.9880099013405	15.1191522579806	12.7944276151768	16.8019871443827	14.647792393395	18.828418759949	20.4243947768349	22.7030836011322	20.7658255313869	22.0740000453022	17.8359984301412	18.7024624581898	11.6417800185367	15.5875926621143	15.533718485926	13.1327599917154	12.8613374887684	13.739999636099	12.5510497568928	7.67789333085581	8.15569653677722	12.2516143426081	11.4720079323543	7.91471648260379	12.4358008186043	15.0852136212915	13.2770709495732	12.436802080921	17.4151497840243	19.6736191129136	22.4019504061588	23.001330113713	21.4038399125017	18.0389687343817	20.2757655835729	19.3878781201038	19.6762544453969	17.3580682680994	22.4485030458603	22.9170511628351	24.2737332522214	21.5579369374715	18.5645448368658	21.3724497426009	21.9684606197157	17.7274032503353	16.730669920837	20.6786583220479	19.82901644056	16.2839098806153	16.1060822672679	20.0625745107651	22.0860418816953	15.1164044997479	22.6531853389319	20.0080735204567	17.6619080792535	22.8191210610751	23.6248647403535	24.1296706359619	25.7427167952413	24.4920627755197	25.3021630300652	22.2455113225118	25.1921864870836	27.6611568268574	27.7675034887906	30.6861697349148	30.7006473710246	24.6739915903366	31.0005640916419	32.8537129408534	29.3852102085386	26.2934684475061	27.7277132125965	27.5654136373826	23.9891983192436	22.4747056487955	18.0980753120325	17.6605399974066	9.34779364342196	13.5792309796984	10.0245790934084	14.7342893618932	15.0437409243845	18.1212247102672	21.3106837759843	22.3892306701235	16.1267833432461	21.057420283596	23.6779110987435	21.9582790081554	19.8380577174279	23.9333687348856	26.3139267309157	23.9209345971264	25.2376166069619	27.9432581672217	29.3159141252665	26.6603082690355	23.6598099950105	27.5224988327732	29.2593237276599	25.648558478012	23.8097084820457	20.4785902346817	18.1660195144671	13.2694414727976	13.6631134445997	10.4869280058557	12.952398889781	13.3888223903374	15.261003014219	17.0300586317253	16.9777429006332	19.4513278724102	21.210227862991	22.343429929176	24.3311142572633	22.5910077907118	21.7579994025186	18.186101341409	20.2611394299531	22.5714440388735	20.1838284525013	14.9628195872302	21.7011272748675	23.7921210067535	20.5162848001289	21.9118033032428	24.5161690726753	25.1613958674792	20.0840287293162	25.419775372729	28.1223240149174	28.2050154050658	27.4725476248563	22.7573216569965	23.4656523668105	20.3680662557838	19.5261981450563	15.1563537831498	14.6390506522793	10.1585774594674	9.91105539284288	6.30428211614931	8.45375330844235	7.13750733799973	3.37347862005972	5.0289840922397	9.39527083164716	12.1032455977725	9.5989618709525	11.7214595080988	9.64182389384913	14.1831786634732	15.3187223357563	19.525115364576	22.9635077895343	25.1652029000364	28.2990151948791	30.128097251569	32.0282800349941
55	2.90040445455457	1.32962438304959	0	1.32889013842379	3.71634780396023	6.21220492256977	8.15580995364654	5.94075289841279	5.55616180469936	8.2636044193802	9.91954202571873	7.29375349185863	9.39241960306289	12.6177555056357	13.8390485583367	16.9779419836445	17.6196821764753	14.9758497254747	18.9665807408716	16.5068478820155	20.9452249928235	22.6298100080403	24.7998025395365	22.688352848984	23.6968949231751	19.218921639884	19.7586426912377	11.8520157357304	15.8622073180248	14.8077749172521	11.9311435746956	11.8647840266901	11.5977750452404	11.8163895077981	7.15012915967257	8.55171988549672	12.2342769708716	12.3198440331037	9.67181606524855	14.101150768643	16.734144107184	15.3277090917071	14.6004715334814	19.4647991256011	21.7667666868554	24.4843614374564	24.7498191508544	22.7575217895095	18.7576311404186	20.6659573453542	19.1621098525188	19.0971777234229	16.4931421506031	21.1610803363155	20.8181919964247	22.0958116845704	19.0518945252172	16.7221752173573	19.4642924864995	19.7784557031129	14.937333697819	15.7065408667854	19.2069989847451	18.7889761296352	15.1840555847244	15.9458715346638	19.907790761408	22.7816587192417	16.7944014481017	23.6402652480889	21.6796760354024	18.1381415255257	23.0278268405857	22.9977403020384	23.4334811114354	24.2334544380284	23.5796688059862	24.8528027795659	22.1589922604797	24.991484669783	27.5050752225839	28.2196483677597	30.9275334451359	30.0661820821999	24.8814821302912	31.2966571058316	33.2126001089948	29.4930965820817	26.9468802275885	28.7625715296807	29.0160140956679	25.3701851195453	24.3372961727469	19.8716696077607	19.4112198998414	10.8556571887657	14.7708078993669	9.93324428371718	14.8264080950175	14.2300738227179	17.6858611042833	20.9859890641352	22.6635395293851	16.7973956016997	21.8910022840436	24.5367032015306	22.241390244317	21.5824576450413	25.2220455356024	27.1342580882544	24.4957035008183	26.7199844498458	29.4057818974432	30.4168858695298	27.5777740037154	25.5494287607375	29.2405945390992	31.1508071163493	27.6687582121063	25.689638631168	22.4037324792098	20.1668182418546	15.2062264220943	15.5638279674378	12.0214340658675	14.3253238706844	12.9606676525556	15.7923932005254	16.860977255189	16.7270012554552	19.5069818013961	21.053421907139	21.4022496714715	24.0195191667111	22.9494441109148	22.632420330137	19.1515226026549	21.5010886701116	24.0079654281657	21.0564112089406	16.4112037340349	23.557935287287	25.4667642820991	21.7633510517108	23.8616667900631	26.5653350440005	26.5323623901077	22.1138835576205	27.6053427799765	30.204325220074	30.0223163330213	29.617097663343	24.816735764399	25.559570927541	22.5332437966663	22.0720748458318	17.8861884424826	16.8179453263471	12.5964968542845	11.7698170758937	7.8350146138983	8.46370817077243	5.63746982253564	3.37612410909315	4.28471434287048	8.95536381170525	12.7623543674355	10.0017045047332	13.6422462593225	11.7119912482891	16.4022082049948	17.3795595168577	21.5994525162098	24.9895187028482	27.1505598837298	30.3302591812203	32.1681961104442	34.1643445275919
56	2.96154503595674	3.15269852665935	1.32889013842379	0	1.3287129110534	4.34251735747827	6.61261952632994	6.3216088142181	6.78612474096962	9.34788045494806	11.1421461577202	9.38943155893902	11.4250876145437	14.539587236232	14.0715072753419	18.0286250446339	17.3407599891124	13.7644882941575	17.8626915665025	13.9154942779622	19.0529021936292	20.7480401725079	22.3846454070642	19.9059887722263	19.9558762523724	15.4583597124663	15.9298805080264	7.6512498978925	12.4414035381865	11.0576776947061	8.52696100612639	7.44227404762818	8.02987440748609	7.46439287551238	3.37423457987141	4.63516785025095	7.6969812913895	8.67044295292922	7.46800736475266	10.6061028186606	13.0728231457478	13.0846496322981	13.010377588679	16.8258323716837	19.0041700160781	21.596965180321	20.9667978957207	18.7145020238317	14.4708724685141	16.302437026408	14.5980647005005	15.162790838101	12.4368179611989	17.6742374658711	17.5795934253327	18.6508718562967	15.949636171399	13.2173866554626	15.7885862888354	16.1601437184203	12.2196975821826	11.2091518412412	15.0306014849706	14.8076891850147	11.311806752239	11.6213057355875	15.9166225374606	18.8431751570695	13.681385017607	19.5390102359357	17.6653861831549	13.7858375879016	18.5049100781387	18.4749080647239	19.2562464151246	20.4555447006429	20.0313409935531	21.4839572006649	18.9029633920187	21.9592257832557	24.3259232096132	24.6625183020713	27.2904625464648	26.5120827925684	21.1733243965136	27.1903290344196	28.9290607002716	24.9750661660785	22.6274055516756	24.7181757619773	25.1971530534701	21.6874507722784	21.4299506765648	17.1107883219915	16.2674380588954	8.12540466684583	12.2750105906268	7.29871474987206	12.5950784832807	13.5279137342016	16.5977379181622	20.1524325578824	21.0122732468431	15.6160865776289	20.2551643291285	22.6729767564826	19.5321700279308	18.7711031375356	22.6795636201405	24.2472352444562	21.2175405030838	23.5134377324967	26.2395362382798	26.7979325508518	23.7320101971999	22.6404453357261	26.002029555402	28.7789427533396	25.841436666718	23.47119615614	19.7599893977704	17.9899972762644	13.8157690701604	13.8870069489433	10.6139931222891	13.6954677174604	13.7050404231436	16.5300328795801	18.1014957669249	16.5818171199661	19.7316542894913	22.1537041598014	22.6691031141508	25.5316392149035	24.4988237472741	24.0236475165617	20.5158695648028	22.8279193313802	25.053234920864	21.5877799923938	17.1234078383948	23.8607522722985	25.2657587259912	21.228108936031	23.3976588145054	26.0075937756648	25.3966187119467	20.7940613878097	26.2703481705135	28.8267253950219	28.0855400695803	27.6568976568233	22.3479282932445	24.7419002301763	22.2870416385845	22.1961042753002	18.5345139132376	17.6808853285123	14.0336206304717	13.3630449748551	9.06166485807106	11.5090787207317	9.40263649196331	6.37160238872452	5.80881907103328	11.2784089303412	14.3490741164718	10.5997339589256	13.9146663272965	10.3747095381027	15.7065247906722	16.7283812127773	20.4389836097591	23.7076301852378	25.2168325132242	28.2829119787903	29.6775712786609	31.3697884277213
57	3.00175032272839	3.42429335776011	3.71634780396023	1.3287129110534	0	1.32732023264923	3.11481058814176	3.10516698423772	2.95187550550493	5.12874156104594	6.94653467564943	7.34127277793163	8.85842813370408	11.0119377949569	10.0095511387874	13.7929711810037	13.3506527555772	9.23304575966132	13.5437489640055	9.75585885506755	14.6708599270799	16.5192194125509	18.345898097395	15.8735139776925	16.539013513508	12.1840742775149	13.4133910701209	6.6577942293225	11.574681550695	11.4468490424221	9.51743878362241	8.3687087414965	9.91028506149041	8.11406618163791	4.02465476780308	2.60664842278356	6.49896037839899	7.85009337524083	5.46881422248005	6.94521965095417	10.0836294061216	10.7555706961556	8.72598819618729	13.0529805791628	15.5087416962177	18.1201831668446	17.7804211704897	15.6600128033153	12.0559629644421	14.4983279035894	13.7502858152113	15.1094424450408	12.8453474845953	18.6024844308496	19.1415670204923	20.4411483043395	18.0183785341523	14.75396553473	17.307524086362	18.00625363589	14.4584264012374	11.6931940033508	16.098366563102	16.1870216222751	12.5561835364095	11.4262918744447	16.1748858419465	18.1497331660826	12.2159032821974	18.0915754427302	15.144145733583	12.4384523554983	17.0004352297228	18.0087241635825	18.8654806723815	21.0092990363791	20.4107439599834	21.3416898112591	18.4124177662794	21.6467326402855	23.8654919287242	23.2925908820809	26.1238086618318	26.3889424001797	20.0702590167641	25.7350194482149	27.2471008733039	23.5364840407398	20.6291193462057	21.973912760362	22.0189101228921	18.5989467712556	17.6509678204907	13.3108444510482	13.2397506018807	5.50643950298194	10.3560057937411	6.96773664829548	11.8481512903913	13.3577629115058	16.1181030211374	19.4810811044973	19.8973148439683	13.964232488755	18.5522838216754	21.0103732951131	18.6412169935334	16.419606998951	20.7852129409347	22.8697227355296	19.6906563120684	21.1866779132548	23.8048069725423	24.5040490735715	21.5371272921901	19.2309931100814	22.6053336184185	25.0047170149954	21.7963004659048	19.6577518551843	16.2063964532526	14.6947910839181	9.7494574720853	11.0825265621157	8.05288972978023	11.1973070423205	12.4994973898953	14.8361390193001	16.8643584817211	15.6570120393388	18.2010738694177	20.980299831032	22.2707775571487	24.5116447632549	23.0184877652725	22.2540590005509	18.8499978514588	20.6815429308357	22.7106149850681	19.5496894348734	14.825448458647	21.1301811161192	22.6203052366673	19.0708452880306	20.4918031905443	23.0260564578479	23.1120729273685	17.8973864572456	23.2791132563077	25.9419365892371	25.5537534229318	24.7198710554889	19.4215724131698	21.1490508061237	18.6034038283321	18.1704744572067	14.3235264861695	13.7279977782632	10.1066735872887	10.4372707639497	6.34820643961741	9.91730719500006	9.88889205118551	6.23412142968037	6.12667193507209	11.1324004150048	13.0101430045945	9.09100731492391	10.972034496847	6.94585329531225	12.3096761127172	12.9385129361917	16.9946063796723	20.0892011787428	21.6587884010163	24.891095616706	26.5637864394367	28.6635786495685
58	5.71499571303426	4.81071813765887	6.21220492256977	4.34251735747827	1.32732023264923	0	1.33118969346972	3.34792024994622	3.38333917897689	2.97755789196449	5.21068795841777	7.01850881598078	7.57442176010816	9.16066203939431	7.43133211476919	11.1325998311266	10.5990552880905	9.50492361884092	11.9011776728188	10.2127798860056	15.4223543598246	17.9857139697038	19.9191416983765	16.8100482152789	17.3519279908603	12.9686628840448	13.2747749886768	6.92535298739349	8.76649274225445	8.30504581564726	6.3284798332617	8.20320754339424	9.41510966478883	10.2290488805167	6.77462655797351	4.27350312975199	8.7630365170984	10.8974085451542	8.84676121526969	9.12988110546901	13.1054497442858	14.2376512810224	10.7675839908496	15.4479731680243	18.1830267557412	20.6501968271491	20.0100222388682	17.4329541386421	14.0645363236759	15.3146074713001	14.4411392209895	12.8770340140888	11.0513118678282	15.1304677059237	15.9002162878371	18.4183058395717	16.2419290418349	11.8352376401997	15.5677501906987	17.5128825154513	13.2340208553561	12.8187458824957	16.9416554681058	18.4300421594743	14.7816568083554	13.8570453199807	18.7194270478559	21.1462636179539	15.474395173964	21.0131939742629	18.1037590295496	15.0416612114487	18.5752466740014	18.6523286481876	17.7207093819632	19.1076464798782	17.0197383352389	17.6650105575966	14.7385515570561	17.4569600446355	20.0166668803775	20.7813624914249	23.6579285018786	23.1456958201736	17.772051401006	24.6377704348425	26.8186072718178	24.0162526011033	20.8989230583779	22.5677809498409	22.3776486253583	18.5580317113642	17.1918976555818	12.7276491544983	12.0137017609062	3.91897575904725	6.71937482210957	2.73394330592278	7.00918568736768	7.08970817453018	10.0318729058935	13.3651419745546	14.5703920674771	8.62404887509342	13.575324416013	16.2035563997537	14.4362241947124	13.3826365862636	16.9208320421899	19.1843413751945	16.9304475428147	18.87846288764	21.4952055351885	22.8891143341109	20.5769102393921	17.9518033913031	21.832898891352	23.5594751427106	20.1688978380079	18.09244422404	14.8105561678149	12.271302661087	7.79165970766178	7.45455786750629	3.8137106602363	6.34138620492397	6.53465576752135	9.46422305316184	11.149641339523	9.43155517398907	12.4410084398332	14.9608245093644	16.1786123632406	18.7643929291624	17.9083012594718	17.6940073753799	14.6348669279908	16.6449939921888	18.1247770193181	14.3638344810848	10.4303543563965	16.8320640148498	17.857561843656	13.9449234490549	16.1658539520806	18.8231972310763	18.3489102946197	13.970469355036	19.5142254265958	22.0263455434623	21.6519057359855	21.6796583229533	16.9133483379253	17.6782141914844	14.9788660785788	14.7157287621103	11.1938525093017	10.2875352733296	7.2078633449865	7.98764884055377	4.01027792054366	8.52781912331635	9.97331108509105	6.70295740699581	4.24724451850844	8.44552550170799	8.86300163601474	3.94677602607495	7.41308451321041	3.83575155608389	8.74757766470238	9.58782185900426	13.6375520530629	17.0624574431704	19.2524676080756	22.3908673123664	24.1008547151341	26.1425309027263
59	6.93882108142298	6.32596150794486	8.15580995364654	6.61261952632994	3.11481058814176	1.33118969346972	0	1.32900940553481	3.21080254765066	3.21657597454187	3.10260100560804	5.14835022118737	6.87058876661964	8.00361874404323	4.49749385769453	9.23683565946694	7.05133994358519	4.12311508449618	7.3773064190123	4.36496254279461	9.43373462632906	11.9099479427914	13.7265486193726	10.7624810336651	11.9392426057937	7.96184111873629	10.0295917165157	6.60706667137543	10.6697599316948	11.8394403161636	10.6699059977115	10.3075355444451	12.4427201608008	10.5826407857396	8.10947156108214	4.04057891891744	7.45053649075018	8.89852414729544	6.48073606930571	3.94119195168162	8.15497995092569	9.73052285337227	5.34505210451685	9.47262941320941	12.2966338889958	14.6319874931603	14.1065030748233	11.8886638862405	9.61196114224355	12.2068453746248	12.9986289276985	14.3015247089253	13.5273810473425	19.1161649396525	20.5920017725329	22.3260646106742	20.3962880446418	16.3474216315601	17.8600454646678	20.4354345684157	17.4642302721878	13.1621204218773	17.7664420185922	18.8373432043906	15.6220896489554	12.7138579510706	17.5656276289804	18.2290681604958	12.6663107099108	17.1589949880522	12.6953330795218	12.0639264337943	15.3659373290405	17.1863467322174	18.0291305669464	20.5181998723085	20.1412745624501	20.3284486865083	17.1779730468993	20.4021388584629	22.3103954917881	20.6439084962126	23.6147627767039	24.3052778013336	17.9486490020837	22.9741614428035	24.3032150548029	20.7709178179492	17.1397768071816	17.8603458533143	17.3804543381351	14.0621627426225	12.3628898320741	8.09966703019328	9.00206981754751	3.5575290582088	8.5094771284727	7.01647810514648	11.0137742849579	13.0889505690869	15.6921411540937	18.8818632555159	18.6239260361504	12.7518667653015	16.8924497335348	19.1599122649348	16.9311284030333	12.9023206439772	17.4939396077613	19.8194216111369	16.6130585383908	17.181535321385	19.8678083592529	20.531575901523	17.5549143546757	14.2804303156453	17.5968203377769	19.5455923164278	15.976583176637	14.1234553137679	10.8264501107242	9.63094829183503	3.71349821596834	8.29258433782859	6.49911532441147	9.76171818892555	11.855815197615	14.4226663970294	16.8094227741466	15.323048293339	17.3106410337688	20.5974350344891	22.621654360369	24.5094308787454	22.7515799451379	21.6898452276636	18.4977485386736	20.0162638871494	21.6263428484799	18.5982172263903	13.9220047766117	19.558744080334	20.8454015552591	17.3527893146894	17.6664097654277	20.1559374378866	20.1608698969067	14.6186073892146	19.2702843777667	21.9488788779746	21.2367151414714	19.4902034365986	14.4703899394591	15.4768329124534	14.2283540509786	12.5331414258357	9.50195948212788	10.9079197833501	7.60590599468597	9.69978479142708	6.14656090834541	10.6622043687035	11.8509538856583	8.43070080123829	7.78648495792549	12.2204707356141	12.9084190356527	9.27151082618145	9.33187274881092	3.9829715037896	8.51585045664848	7.27207631973153	11.2942334843937	14.1940605183999	16.0332311465905	19.3906474621143	21.3469763198445	23.97202181711
60	4.00648586669166	3.76104161104341	5.94075289841279	6.3216088142181	3.10516698423772	3.34792024994622	1.32900940553481	0	1.33492097144363	3.24943825914572	3.19459887935872	2.8793153700142	4.86717423152284	6.86524886657432	7.17923484780934	10.1952077958225	10.8549426530037	7.79660099017514	11.7697657155952	9.48107140570094	13.8894177703747	16.00144996555	18.1749750481259	15.7037747373044	17.0858672884931	12.9490471077991	14.4391008376561	9.19214974856263	13.2401833068882	14.0482049387101	12.7731132461902	11.6538189877825	13.7203625680956	11.2791229268946	7.37106003231557	5.72867043911587	9.38214842133719	10.0607630923305	6.54929377872149	8.11860831670059	11.6260457164076	11.2917809489912	8.33079089882827	13.442739043811	16.0969420698467	18.6800767396711	18.7674004593071	16.7821005240703	13.8913645837981	16.393111632634	16.3298054183141	17.5686200368726	15.6561483449794	21.2893353113713	22.4498679951576	23.8868567417314	21.8491365962136	18.1487094307006	20.3498640044596	21.5744267363006	18.2125766710809	14.9264641157911	19.415122018674	19.3139927772587	15.8040012971399	14.4887322081678	18.907453133619	20.3526957919584	13.6256945877999	20.356226050032	16.5821378899103	15.0064998583947	19.293987794129	20.7081550361204	21.4739441649642	23.6875927649899	22.8126675336314	23.2793364381376	20.062980959967	23.2266592302897	25.4397677269271	24.5336256798705	27.5410274681247	28.2752030231438	21.6490515727595	27.3298467064856	28.9230865745688	25.4928317375689	21.8925757278581	22.866626401811	22.5151956242889	19.0664499842	17.2381734821297	12.9017982080019	13.1371244189891	6.07967967906205	11.1424563270403	9.54228112140907	13.753089543808	15.8024637003222	18.4228802851237	21.6089825766971	21.345707694991	15.4423519581701	19.5217148324628	21.8040244221107	19.6938761547848	16.4552873265708	20.885915445582	23.2266905735621	20.484845642572	21.1853440614024	23.9656873467047	25.1008407428915	22.2543484514825	18.9599195409685	22.4040364443553	24.1000448962237	20.5225614629363	18.6737890370433	15.3780449017422	13.7940676379377	8.20302541749079	11.2192366050458	9.13675675499792	12.2371338964645	14.336556839074	16.6890180058624	19.0704156745468	17.9359933374207	19.891470810375	23.0542399137339	24.9468198774914	26.7180742943798	24.5232792464629	23.190185941471	19.7493142159418	21.1680693734691	23.1585557839862	20.8695875378504	15.7513931447349	21.3725180781301	23.0225725321911	19.6377236206236	20.348702194489	22.8229419882714	23.245092815474	17.6361197829908	22.6755678870453	25.4054054681282	25.0563331914309	23.6549082010478	18.6206505256932	19.4587342342713	17.39552563161	15.9475622275005	11.4815377454416	12.0481975830412	7.79270845085327	9.07939017775974	6.63854713020854	9.42370548139106	10.2295750644883	6.01241856493708	8.99776266635212	12.7761900424187	14.3602252419661	11.2599216249493	11.1926027804081	6.24907889212482	11.6190558136193	11.0693608216554	15.3520044619587	18.4771830374654	20.4714994565616	23.7854326426912	25.7150314213302	28.1326641646325
61	5.47616827718067	3.51806154010984	5.55616180469936	6.78612474096962	2.95187550550493	3.38333917897689	3.21080254765066	1.33492097144363	0	1.33255243799259	3.2783767324699	3.36303508753625	2.8693980204914	5.07556479615816	6.19664861033769	9.49432346194293	10.9582972217402	10.0021750634549	13.0715111980214	11.9389633553337	16.2175584167285	18.3940082091968	20.6771366247844	18.1073504964144	19.5623178074583	15.4413209279517	16.6330138579874	11.1048878427474	14.8134296839051	15.6695018746608	13.9347015755631	13.4068104335073	15.1150176314816	13.4145849730806	9.30120132025966	7.64714338822021	11.7484358107792	12.7186013381975	9.47616267272781	10.8378293952249	14.338157831465	14.3165830071285	10.8318938325669	16.0802489408591	18.7210421985529	21.311941488283	21.4976912481317	19.4694680718298	16.5294060691847	18.8008946063745	18.6642081535757	19.426716166146	17.4812885680661	22.8829969409603	23.9828266474159	25.4983446913716	23.2228803338432	19.6371418745193	22.3852471507464	23.2584572145274	19.8323541719081	16.9956477369943	21.4142419431555	21.5495677218825	17.9364919925832	16.7442164940615	21.3788633467731	23.0498006498972	16.6307582809684	22.9490638153281	19.3052035472305	17.5535057182319	21.901727785725	23.079006737726	23.7566653173378	25.7900336176594	24.4943243425901	24.8757424210816	21.5427378250769	24.4357465406727	26.8620303030132	26.3379868630843	29.3945755029733	30.2965910128516	23.518575700922	29.5134506284846	31.2344632097304	28.006431065025	24.2605719017504	25.2825582961851	24.9040898046887	21.3024168112447	19.2950236589645	15.0113152654922	14.9429312050882	7.61855117460006	12.0181990747366	9.98368413963503	13.9373135861973	14.7909266105948	17.4082606827908	20.3589087625049	20.9908131095487	14.5601839274097	19.2356909415804	21.8096069428131	20.7304606316406	17.2031750848499	21.8101961935238	24.4348074066484	22.1992089048236	22.5672105719781	25.5352660843783	27.0760600715835	24.3816912046724	20.513843374658	24.058244927675	25.4640887133233	21.7138378689719	20.0515862963507	16.5828927814178	14.4603137586983	9.73501032356925	11.0826813091418	8.64610698522752	10.8590784139355	12.1894717687027	13.7867326078371	15.9746106681822	16.041844127157	17.8910101727096	20.1279628626446	21.9041150471778	23.3468378586908	21.1378266148627	19.9299184393715	16.4088452061685	18.084366121045	20.2490563483832	18.2394383137201	12.7610530521583	18.7884196780889	21.0641682722105	18.0653348986394	18.0793801331793	21.1443992347855	22.4854361309715	16.9268912975773	21.29920575984	24.5926966597809	24.9956646040868	23.6873850392989	19.3118829221803	18.8155489422977	15.7461930002144	14.5903968760277	10.3462293131363	9.55113234124625	4.99249446669699	5.68298988209552	3.96299129446432	6.38833851639063	7.20863274137336	3.81035024636844	5.55357308406039	9.05719343947119	10.8869083306511	7.95873067768975	9.11382614492947	6.87958319958411	10.4268902363073	10.7565311787769	15.2291628463287	18.5381554907709	21.1175432756748	24.298777006261	26.4166163427491	28.277149272867
62	8.26582119332374	5.93740591504404	8.2636044193802	9.34788045494806	5.12874156104594	2.97755789196449	3.21657597454187	3.24943825914572	1.33255243799259	0	1.32977404095584	3.34009550761652	3.2792659239531	3.19862501709719	2.90298708229989	6.08226290125641	7.71956384778311	8.00623007413602	9.81830438517772	10.3208715232775	14.4700484449776	17.347324721697	19.539432591557	16.1397222714643	17.517707641127	13.9724741187808	14.8743591794739	11.8343985482998	13.8924309607786	15.4949998709261	14.9928284856461	14.9146921188471	16.8386348912256	15.3779318830589	11.6872734630452	9.18854030844944	13.2052908714651	14.8431666095884	11.5709533315108	11.0751865447043	15.2620012121609	16.1109140026257	11.1855700346473	16.0984606406948	18.9430873407689	21.2329449912159	20.8534255459385	18.6137492730508	16.4457131800357	18.1433470175709	19.0231450869723	19.3094869429511	18.0988752412961	23.0941608637335	24.8263651991185	26.901414628231	24.8259627003667	20.8558712596717	23.4078881362672	25.0372604531726	21.6479280070865	18.5396316306447	23.1297837646615	23.6745818548079	20.0853687543943	18.5258430577396	23.3494748763222	24.8130767338514	18.6707717569467	24.3470140674375	19.8457793245818	18.9264824518451	22.2250843193001	23.5814339046632	23.7216552120631	25.8886247027531	24.0945397548905	23.7218570310168	20.1510719565982	22.9958705205956	25.1989327551783	24.1291247458336	27.3347748847507	28.8051299944992	21.8678153915749	27.8204598991462	29.5992546696703	26.814677249596	22.513918495011	23.221264500453	22.4801686381575	18.7559076826476	16.092975517287	12.176921491083	11.93752394762	7.04530006458206	10.178411320044	10.8526325377763	13.4529019174303	15.4220394565699	17.4209039949137	20.0300718421078	19.5008261107062	13.4318210232269	17.0991686640023	19.3825140526197	18.7918541394935	13.9206786113321	18.6502606416103	21.3131357852382	19.5913296383885	19.1370187072072	22.1645916271877	23.9683467097754	21.6747528936318	16.9874002719663	20.5004817748267	21.8665441714049	18.1724364079229	16.4734299100096	13.0023734371845	10.8258789943358	6.45492463162816	8.21084825094216	7.57029893729435	9.52748970086035	12.1626167414747	14.101483326232	16.8238933068419	16.3165288894421	17.239492016878	20.5686890199643	22.8293264245794	24.1358222979869	21.5423538639583	19.7820765846258	16.5054951455568	17.525414260439	19.2552713561767	17.2221546271075	12.2668833450066	16.8647280440569	18.8306017960128	15.7757753850643	15.4120702697593	18.312302777095	19.3898557498502	13.7744793368025	18.1624339227979	21.2898930246256	21.6363500387658	20.0707099027414	15.7044561192039	15.2178859241355	12.4822421864023	11.4679266216697	7.064255020878	7.44501396909368	3.53708283759372	6.12476856705623	3.68206477400928	7.64556891277556	9.25555082099386	5.95291466426321	7.98311530669575	11.2460631778414	11.9318395061281	8.36370366524305	7.12459577800734	3.96760053432802	7.26063922805699	7.07163976740897	11.5436858498488	14.847493963629	17.4222909515368	20.5998946113809	22.7363319161205	24.6473907949706
63	9.28903660236087	7.04711934055327	9.91954202571873	11.1421461577202	6.94653467564943	5.21068795841777	3.10260100560804	3.19459887935872	3.2783767324699	1.32977404095584	0	1.32933253928428	3.18199512884605	3.13919320845341	3.84830690044336	6.599782420656	7.25134477183371	4.69582293107395	8.7970405250857	8.18103422557319	10.5829300290609	12.5511756023091	15.0983937556284	12.8735784069543	15.7424534618972	12.5107481391002	15.1357974021853	11.9128090306191	15.9235921198704	17.3689845989914	16.8015999833349	15.2341251471819	17.6900622101789	14.1426439183061	11.3408452947741	8.78665379994	11.8139717707467	11.6869101562389	8.23670886944537	8.59926758509118	11.4489924884245	11.2200499998886	6.03025679386873	11.3336922933349	13.9743670339662	16.3690697658725	16.820488221214	15.9913604799592	14.0523694799133	17.4710332550768	18.2064095032491	19.7110961643436	18.7159060427221	24.4256100026181	25.9382408617084	27.3011856702232	25.6499340739893	21.817718395836	22.9355355943566	24.8001188101993	21.564948272602	17.7272396328362	22.1429569163651	22.3600745526485	19.0198092787493	16.6034205210854	21.0100747975822	21.1911341131144	14.9718032982002	20.5544418800414	15.7051901293808	16.1518659603155	20.0193087043484	22.1251611293568	23.2767233518809	25.8635230585471	25.5196251931724	25.6342465268632	22.3627211895154	25.5121419132146	27.4607669594278	25.6661730883278	28.7099175895717	29.5915861352514	23.1973462706405	27.9817255543685	29.2052485180318	25.5212246179528	21.9709107230447	22.2247538794021	21.1853931754877	18.2310028797102	15.291885789529	11.6887776520901	13.1735866035032	8.71303104550879	12.9096881836859	12.9492302087808	16.1491049287569	18.1481866036252	20.3129732437179	23.044346421628	22.5613804763804	16.4951412846329	20.1724763229505	22.4294752725069	21.5440621982021	16.6984855301312	21.4404167403528	23.9736149547789	21.3760612134228	20.9782905404611	23.9199792642051	24.9304346933622	21.627922738904	17.7523241013677	20.6416279638986	21.8632643033926	17.8566295251932	16.6825461785664	13.1479378611248	12.8574822185372	6.99157185474053	11.3072746053149	10.4506607446611	12.6153488259342	15.0880917945246	16.9103473057179	19.5386482132209	19.2283085319536	20.2997700725895	23.4957013515239	25.5995551719166	26.8199840417551	24.1240291410867	22.366437311293	19.1218213567641	19.9081401692875	21.7945273176548	20.1069249265023	14.9964012016217	19.5990176794655	21.7403895779262	18.8403798528586	17.8219666984315	21.128071871328	22.3158910644411	16.7184129330508	20.5037708239241	24.000370101313	24.2839307155987	22.1891148989769	17.7252929736013	17.1614634865445	14.7321122042971	12.7648826473258	8.21842521411492	9.36341833947411	5.53455644112516	7.99820604885871	6.05986625264948	9.64444363351251	10.9635911087563	7.3863155226405	10.7652332069491	13.906575818655	14.4042001513447	10.7793822179195	10.117235244868	6.94538299879856	10.2237442260651	9.02075700814516	13.6105523032682	16.257214767604	18.5452817449614	21.9434931813511	24.1776517883768	26.7529381190179
64	6.5680054811183	4.01021907132266	7.29375349185863	9.38943155893902	7.34127277793163	7.01850881598078	5.14835022118737	2.8793153700142	3.36303508753625	3.34009550761652	1.32933253928428	0	1.33104357554514	3.24134015493592	5.38314489866286	7.89740071162658	10.4277895068898	9.86730079606373	12.888101877313	13.2202739003396	16.0127952900173	18.0286219107285	20.6467778842123	18.2732575092675	20.8671317147326	17.5025868373792	19.2388403496677	15.1689077391881	18.5398561213403	19.8250912229932	18.5615519555882	17.4729085443723	19.0404201896912	16.4791483699856	12.2525091715942	11.7642892262984	15.2915107494322	14.9679413748184	11.0222052693642	13.2656744268808	16.4054625658651	15.0685873259573	11.4334053544865	16.8455670133124	19.4187913372589	21.8804742635986	22.408911463969	21.2967097223961	19.1814508575342	21.8393352920825	22.2203634083694	23.383399688668	21.6601326404064	27.1425175140406	28.3584287470233	29.5807244164168	27.1711334691801	23.9824555456692	26.4376921080491	26.8145353306747	23.2879209892167	20.6949223482477	24.8587470923214	24.267922820052	20.7904437182086	19.7304760459549	23.862381125948	24.9904641613556	17.7829642073531	25.1387621612521	20.9822414913183	20.4768423835317	24.7943515745018	26.5327840604788	27.3525528059083	29.616554526143	28.5026363868327	28.5824212760221	25.1484104070218	28.1505340269061	30.3590527355515	29.1991528301764	32.3469581413771	33.5583477096236	26.7188199776861	32.338371851409	33.9010375357451	30.4635444260841	26.6269621436618	27.1280563623714	26.2558673252285	22.9638958802726	19.8458410252627	16.1465214210368	16.7802547358495	11.2342144362657	15.4226441961163	14.7835670255862	18.3932863023441	20.1639277423819	22.3728232237239	25.1465001342135	24.9920284891003	18.7647382875435	22.7192813486695	25.017054742715	24.1476881916261	19.4470584408028	24.1892207604958	26.804593449631	24.7576488786799	24.3099264910448	27.3340763333975	29.0200330289268	26.120982466209	21.7335514585169	24.7081178158111	25.8065139257514	21.7370218291283	20.5560187293162	16.7150886327294	15.8724690895903	10.6304605262425	13.8400863436613	12.6931260531045	14.7884842698635	16.9283137081045	18.467337517899	20.8698434589242	21.0840183077135	22.2716948165154	24.7152385988887	26.7200513846811	27.5030416136107	24.6471757002704	22.5439754479994	19.4118651087421	19.6936000264045	22.3383842074578	21.6082209818393	16.2112086224316	20.9496402355744	23.4135059100511	21.022696449314	19.279917245673	23.3357058174806	24.8095565659687	19.2499223375057	22.6510678997702	26.4828749572247	26.9571348996884	25.0570986748267	20.8075425026599	19.567506816148	16.9426958008459	14.6262490064951	10.0767769648832	10.5705419917807	6.32146272629998	7.30571091681022	7.36419785176906	7.50749558774429	7.51741850637571	3.8886637807864	10.2048156279278	13.4282744237672	14.8002306400948	11.6951386909262	12.1123002769912	9.48718230034608	12.6926287663352	11.63721109201	16.3094722170891	19.2386820234651	21.9056839427579	25.032039968808	27.483867886453	29.5962413491984
65	10.1347039917306	6.81362649401917	9.39241960306289	11.4250876145437	8.85842813370408	7.57442176010816	6.87058876661964	4.86717423152284	2.8693980204914	3.2792659239531	3.18199512884605	1.33104357554514	0	1.33092336368402	3.89669719121207	6.92828073911559	9.820047759558	11.4783779777458	13.9413394621894	15.0900333332965	18.0841560765218	20.3446545313505	22.9296905561327	20.2391712280913	22.6037372573652	19.2350680269138	20.5830476363438	16.572982652498	19.0790677183137	20.2414333731581	18.9823315217072	19.2822974772199	20.8103984824895	19.1895156270293	15.1425907955013	13.454534625917	17.3255584036994	18.1345711280967	14.5208109277685	15.3872949539547	18.8411828184963	18.500726985716	13.9742239140497	19.3490231277964	21.9873327395571	24.4067861464798	24.8121441435439	23.3723117598581	21.2411545119374	23.502731713569	23.9719362171686	24.488795233739	22.8824128753941	27.7363173474778	29.025154659364	31.0419814283818	28.6707228021897	24.9553026028538	27.9712742827351	29.1885725755817	25.147794515623	22.8114213060037	27.289627296832	27.3602452291641	23.7897195233571	22.3878635872206	26.9446387617277	28.0769106206506	21.3156346609713	27.8202708469921	23.4728778380496	22.8109958791807	26.8925526865711	28.4466300640339	29.0162713834841	31.1141712729104	29.1291955604682	28.8615898730475	25.2876405779582	27.9770560638535	30.3039530589658	29.6004555708185	32.8180426747239	34.3337282129395	27.3778732008167	33.5651197822978	35.3264541385065	32.2189260373464	28.1363026888751	28.6953681628238	27.8197420728518	24.3199498765931	21.0865283534298	17.5126121980703	17.6370683788435	12.2549422683259	15.2018440328797	14.6965844671475	17.7414686539756	18.2381481516079	20.5005613093886	22.9057339109665	23.3802360124957	17.0080490062794	21.061220501196	23.4862126363533	23.7090335737246	18.7513544577452	23.457365943345	26.2452784706126	25.0484627472426	24.3236163840824	27.3977132074923	29.3860481691567	27.3180000366059	22.2068566213231	25.1817306792047	25.9950137334066	21.9554206063104	20.8871169863148	16.7087260435977	15.8177991831987	11.7811250311674	12.4836543527927	11.7714176291558	12.4786301732201	14.236433752875	14.4093221214601	16.4749705310814	18.4527023766168	18.9547667091948	19.885364995393	21.7829932286635	21.7960173885047	19.0602104395518	16.4799679914738	13.7593876680614	14.0752705124982	16.8754435497263	17.0557119464419	11.4090450958877	16.4951842669308	19.1778513134293	17.8953460150957	15.383717203589	20.172920735481	22.2203725666335	17.3476219119509	19.2244105241227	24.0431772650788	25.1088610056291	23.6548697311991	20.108037149359	17.6550470404358	14.0453308255804	12.0137428389324	7.70919412130736	6.80924606692988	3.59949913182376	2.86119590381365	4.0678436548127	2.82517309204232	4.65120468266018	3.95324006354282	7.55210328319204	9.77754309629981	9.74988251211265	7.66237580649762	9.04474001837532	8.10286714688079	10.9769285777033	11.2372517102715	15.3958240117247	18.2449013425669	21.4269703411378	23.1327651611302	26.758181758109	28.0983839214998
