58	59	60	61	62	63	64	65	66	67	68	69	70	71	72	73	74	75	76	77	78	79	80	81	82	83	84	85	86	87	88	89	90	91	92	93	94	95	96	97	98	99	100	101	102	103	104	105	106	107	108	109	110	111	112	113	114	115	116	117	118	119	120	121	122	123	124	125	126	127	128	129	130	131	132	133	134	135	136	137	138	139	140	141	142	143	144	145	146	147	148	149	150	151	152	153	154	155	156	157	158	159	160	161	162	163	164	165	166	167	168	169	170	171	172	173	174	175	176	177	178	179	180	181	182	183	184	185	186	187	188	189	190	191	192
58	0	1.33153557969737	3.31094276604112	3.23022677222513	2.99295255558788	5.03241353626667	6.86592164243083	5.12102538560394	9.12541275778801	11.023480303425	12.2507689962712	13.4321628191442	15.0828282162199	16.8135270243932	17.9848385035841	18.983442285318	21.2109784309918	22.5049268827961	23.5090661873244	26.1181870350911	27.8860741051873	26.3483519978005	22.0724688696122	27.9973600541194	27.4132366932473	29.9884072768128	28.5842375270008	28.6907271779577	26.6168745159908	24.4026803445851	19.6512439809799	21.5569008440453	19.4317506674	18.6834342399892	19.1170647851599	17.1727151318596	18.1519290710382	15.8423098378993	15.992049837341	18.563301753729	17.9590122501211	14.2078060234506	18.5454862163277	21.2725037078384	19.1237571099405	17.4361423199055	20.0986755285019	24.7351579740256	24.1423892976648	26.850464223175	23.3286173186496	25.8392788018551	22.9969437534643	24.5552408051723	22.3153589708971	25.9693402496097	24.2468132751502	27.1975559379882	24.5644514288433	19.480811097077	24.6079950828994	25.8665047503523	20.8257381861964	22.157378590438	25.0539629200652	24.8799674839016	19.1364172456602	22.6009389627953	26.2968975166273	22.7501688784941	22.8258995441582	26.1543895742187	22.3051088542513	27.8126234289396	29.9737420086315	27.2320814298136	22.9501871887791	26.9567186615879	25.8124219320853	28.1696754862387	30.0231910029564	28.7973680915461	30.2958085219721	24.340903701383	31.5223829841591	33.6002853261695	30.4195259660633	32.4830833050066	32.4346281310577	36.4089790161713	37.9211664641266	36.40423806372	33.5638331541557	29.9957555997511	29.4346693883251	23.9186420392128	23.6005900138111	16.0357760959674	19.099224565411	13.595271273498	13.6221445448211	19.3090538608188	21.9378015762747	19.7420370276221	20.3284730612016	25.8424103558472	29.2637103594196	31.9114498730471	26.5765969416703	32.6842616101389	33.0441170861017	28.0219887231438	27.3775466212734	33.4441091972862	32.5665485275919	28.2227364017028	32.5347200694888	34.9780240293817	31.5805413031506	29.8942869792875	34.0046519317578	35.6266548808613	32.2411516543687	30.3962399154895	26.3662725465698	24.4462833780516	21.0529588656797	19.4585592991876	15.6507836864484	18.0672385549093	16.6728296938462	19.8709470332946	23.1323884413175	22.1880669279683	26.7563228602138
59	1.33153557969737	0	1.33087790574493	3.29485447326585	3.27149522389993	2.81758549116083	4.79711684243776	6.64688754230129	7.64233563774846	8.32408493469402	10.7993900290711	12.1647097787	13.3644041019418	14.8926077300116	16.478530334954	17.6153908557261	19.4078368707077	20.7726480257092	22.4350267884841	24.3388934423897	26.1655626539924	24.1197525899417	20.0281914310803	25.9685364239112	25.7626340268226	27.7536477782651	26.0187707818798	25.9095411769487	23.6509095173949	21.3261732619802	16.4394738358623	18.2119734240966	15.6894654465982	15.2634113159542	15.0934795193156	13.1554866880705	15.0750207628381	12.8503844689566	12.9547575816763	15.5968957808918	15.1165444133241	12.4356470680058	16.1306963581861	18.8854179196543	17.1883231875596	16.4133595281405	18.2646979170201	22.7375287575409	21.6785557406392	24.0739262065829	20.508508819512	22.6455591010688	19.7961702861943	20.8517081554486	18.1276918001162	21.3126317943139	19.5729360342285	22.7509861104964	20.4928052008504	14.8589099869405	20.5069984639391	22.2625145255427	16.9348456739351	19.0888460101704	21.9398898356396	22.2614628000947	16.1989007651754	19.7900393127452	23.7133842586839	21.3087730993598	20.5945891923097	23.966878728779	19.9841657569186	25.2369857550382	27.3517223954909	24.4393926479362	20.1915126228819	23.7834295886863	22.6525536308823	24.4153692783869	25.8555747567135	24.6005851353174	26.2545118027359	20.4749654212162	27.6145828322646	29.7362082653455	27.2033128497248	28.9106033662392	29.1713258869048	33.2762252817233	34.8870550204513	33.4676013332297	30.6580522864712	26.990909729018	26.8100088399836	21.2359604680363	20.8371606751016	13.3144437735866	16.0621185713467	10.7432142769285	10.282016533735	15.6263843866712	18.264497419858	15.5645057743572	15.6474101051899	21.5970188915045	24.9960975754217	28.0258483725292	22.9924235129749	29.3095917917667	29.5962778740841	24.6825275448038	24.732402976662	30.479792945491	29.4820319686415	25.2036868731541	29.6152732555349	32.0040256686561	28.4805404969779	27.1229074768912	31.2185946032168	33.1513254335328	29.9323682658088	27.9141938984453	24.0992138668464	21.9235251955519	18.3318533978428	16.9214277470904	12.9450305523008	15.3924431459077	13.159358115045	17.0702036894701	20.4515628009206	21.1229698196063	25.0189075900608
60	3.31094276604112	1.33087790574493	0	1.32792055485258	3.36647278319608	3.3696214920967	2.9665415891236	5.04319591132448	6.95782516308077	6.58545025036253	8.86837854401806	10.7604017118321	12.3390340788896	13.4357991202608	14.8093716612151	16.7323104800264	18.1458516746941	19.0966047505833	20.9779971636951	23.0630920086618	24.5135143543312	22.6041346660296	18.1214617787859	23.7368135393106	22.6921069978087	24.5870388823054	22.9886454798885	23.1719041082083	20.7750027196147	19.1838158352294	13.4659269268773	16.6503323089961	13.6794796684669	11.4854639000782	11.8001886849321	9.34931066977668	10.1059833267228	7.8854283967328	9.06378596393361	11.7033691730202	9.13437085956117	9.73751985877307	12.8957314255532	15.2109787324813	12.0515339272642	13.5715314537454	15.9309267464263	19.5455216865654	18.638748107102	20.346857324904	16.8848063654873	19.1652559335898	15.4657224208894	18.1181726727615	15.7152277743595	19.4152015441509	17.5094356562398	19.2903322418252	16.1846525140332	12.8997430206962	16.4913000700369	16.8599971826807	12.6527540875495	13.6092319401207	16.1963789162887	15.3591880644779	9.62494644140941	14.0289891296558	17.2823138786448	13.7244994808554	14.4905564420418	17.7361754050866	14.5642381537793	19.4857998039598	21.8375109845422	19.8883249420357	15.0721800015791	19.1391016246845	17.4277252101357	20.7430378922664	22.559712276534	22.5247588444361	24.6573807408654	19.5130119407538	26.6672032466849	27.9276141659111	25.358103123065	25.9950322369487	25.9654955277191	30.7070099651529	32.6435629182845	31.2108409851449	27.9525785214889	24.0411820840823	25.2571490473489	19.1967627739679	19.8943141123287	12.121023471638	15.8086437432184	10.2813610966642	12.153942364517	16.287105973745	19.1134178000691	18.6722323518105	17.6748742852672	22.8612313097961	26.241885336233	28.8380944412074	25.0248224169523	30.325981352629	29.4646861513915	24.6375305986619	25.3302444125595	30.1978321407349	28.2842139187215	24.5023909037465	28.9084480731844	30.3817841641994	26.6068507531425	25.9760961270165	29.676333280916	31.9717619314294	28.791208328238	26.9384703723133	23.1590940237307	21.4016939983731	17.9587995701272	17.1912879680378	13.560073045526	16.6824848269075	16.0271038244594	19.8164746360194	23.2729436041082	23.4189457704654	27.2333459934691
61	3.23022677222513	3.29485447326585	1.32792055485258	0	1.34410602260387	3.36754361515928	3.27721741726118	2.94072270028985	5.23641346725027	6.93144184134874	7.25141262100013	8.83440433758836	10.8471246420422	12.3217432614058	13.2481169227932	14.939952978507	16.7815902702932	17.6943123630165	18.9018924713903	21.5251671770511	23.1775821215242	21.8912354379555	17.3915888865854	23.2317945066669	22.4494562294947	25.45929042609	24.3077018453	24.6754087301508	22.8727194928806	21.1296421645043	16.8212699877269	19.4315535663004	17.785121084772	16.840492540303	17.5881932272761	15.6935655923057	15.7415966153373	12.8882918961358	13.0177378219105	15.333448601016	15.0809657515691	9.62364411228928	14.4293266994687	17.1579492364327	14.5366677749751	12.3921664772549	15.2822255578172	20.2035622106598	19.8403708382681	22.9737151327338	19.4842774051285	22.8144938799878	20.3409750503755	22.6267090183261	20.9953770863969	24.7568729043068	23.2347388623156	25.786360755252	23.0357660606284	18.529984484613	22.8713183048114	23.8369211518602	19.821807309123	19.7504113628046	22.6834720666833	22.2865131637948	17.2633074756838	19.8737528162147	23.4806699648881	20.7104419315475	19.1784841163216	22.2986707451364	18.473779201885	24.4462950362627	26.5512811931929	23.5418883906963	19.7822635206389	24.2386718076713	23.496406810404	26.2809990106921	28.3733795836872	27.3700068140291	28.6208039719362	22.7475467468472	29.8416594880379	31.750598797503	27.8483487122666	30.1959765697352	29.5706491305145	33.1545822624867	34.4631723438223	32.6974639230629	29.7296527056742	26.3909017655707	25.2975973167414	19.8324553447121	20.0210846109795	12.292755142766	16.6188528184108	10.5559072087623	12.8879674890962	18.0700195074604	20.6964167913192	20.0138948233471	20.5137140713231	25.2753073373995	28.6930979505525	30.5468986805535	25.7286042567412	31.1502831608318	31.1299175392419	26.095048380871	25.2042505343841	31.0833990097608	29.8648891007484	25.5899583430689	29.5588969685947	31.9287343156599	28.4751170498033	26.1891052539028	30.1865900856655	31.4662326629675	28.0304511201657	26.4049784889138	22.3114723404799	20.8983093335322	17.4473182466533	16.7449013135342	13.4097980223417	16.5760719412049	16.706665915137	19.7293185386622	23.1356946081158	22.15788748956	26.3061388082706
62	2.99295255558788	3.27149522389993	3.36647278319608	1.34410602260387	0	1.33494082265845	3.28626733544306	3.1838952558148	3.04784432017122	5.28622861783332	7.0897803915213	7.6744878656494	8.96397690760077	10.9026441746945	12.251976044704	12.9107140778502	15.1315937362857	16.6532011036917	17.8124940982446	19.9948014493768	22.0020193164173	20.4461522052439	16.5054756065979	22.6916386583252	23.4128687050519	25.3370390929959	23.6354253187879	23.5096960635394	21.5523882203342	19.2771529277536	15.3685878661639	17.1051628171146	15.8110605906119	15.6209580372012	16.6080589172847	16.0443252584831	15.4127424555139	12.8338771226781	12.1680565827087	14.7343252644972	15.5105008623191	10.2257689197439	13.7968722542466	17.2811086160582	17.0600430831812	13.5823398573294	15.1104457578193	20.5807858207601	19.4376700764263	22.2564210285481	18.5913879793844	21.4512807543046	19.4143833535861	20.7872754828525	19.3885518025457	23.0600206851599	22.4039388054869	25.4436894730304	23.4443548429041	17.9702131595594	22.6361646486325	24.449137612603	20.9692495096987	19.7323755538962	23.0905049966431	23.6317667769467	18.7267207487056	20.2586521516117	24.5731838799941	23.0140551185575	21.1987758844703	24.5267726984208	19.9406131299918	25.3588853658831	26.844027659798	23.3915246617231	19.867300798045	23.419828052315	23.0706120638357	24.8584419061211	26.9593098761819	25.33117869346	26.2737949485795	20.2562177614677	27.2444027646047	29.2868318703133	25.4921111130483	28.2871181989258	27.8547113968176	31.2523511755516	32.5127627401917	30.9177725911813	28.2818314293824	24.8828609488539	23.6107165710827	18.5405748023086	17.8245854930767	10.6207311424402	13.8342133133764	8.21884115919027	9.8114819981489	15.180729692607	17.6873736037887	17.0147875390791	17.9017011482149	22.2910539454733	25.6715970870532	27.4671149194814	22.4189749096608	27.9390203121011	28.1971312547926	23.1640013166983	22.0114904992824	28.1641703765618	27.2936916887401	22.8973845012918	26.9347367353015	29.4196544847148	26.2890300695937	24.091896168629	28.2444930207642	29.6200048784601	26.1439123506793	24.3470396968502	20.2056592320072	18.4116513653719	15.0834432740008	13.6438867262961	10.239834666634	13.1775402864116	13.4463875074311	16.2477841258431	19.641963496555	18.8648548629455	22.8263433339639
63	5.03241353626667	2.81758549116083	3.3696214920967	3.36754361515928	1.33494082265845	0	1.3288250449175	3.32557122912741	3.29213076897015	3.09102329334478	5.33400318710065	6.98589514665086	7.79713242160218	9.01796906182317	10.8300030009229	12.4284056901921	13.6156320088345	14.9292628418151	16.9068017377622	18.5961532850211	20.3042852127328	18.176232667965	14.1406733573759	20.1931482191361	20.8516056695881	22.3876187657375	20.5395197120088	20.4178264024357	18.40935376378	16.2613602444568	11.7609936655029	13.681672924025	11.6043790010496	11.0312442181288	11.7984721892286	11.3808255412338	11.1278919387277	9.02240649716027	8.72390617785405	11.2348161088644	11.9711577969719	7.69101787801848	10.8351678344177	14.0565558014757	14.2171636411768	11.4630791674837	12.690029353788	17.7135130620665	16.310481783197	18.969897232194	15.2886292714553	17.9883145124828	15.3861942662895	16.6648334225098	14.7964960717056	18.5322554212918	17.6658947409974	20.6370292677992	18.706559731816	13.2633886318693	17.8327859292933	19.8051263313315	16.5922628354303	15.1972650500016	18.595555329164	19.5367194277852	14.4605843934469	16.2789024200036	20.7081883563	19.7823919180669	18.0107216957011	21.3560231316601	16.7165841606472	21.8445166117266	23.4137990723419	19.9441041413246	16.4056923657613	19.4278110707305	18.6338217765439	20.4512290339725	22.4273569107017	21.1288929430768	22.5571156844132	16.6916662739224	23.908433763005	25.8532756145135	22.5512099453666	24.5168051140437	24.4602128772421	28.300893378125	29.6817144215087	28.0645121817572	25.2485685336813	21.7684203147587	21.0396986908083	15.5696840687279	15.3382767610967	7.64291632820876	11.5912593362412	5.56419104632471	7.54305707256679	12.2318747949773	15.0097431023985	14.6995527142835	14.5550919268825	19.3129323770369	22.7577952798596	24.9878006034945	20.5169229905461	26.0168647034957	25.7467557956337	20.7364017611542	20.6483355745687	26.198545264957	24.872205973737	20.6275558174012	24.6994617957558	27.0429746144909	23.5358563897726	21.5852697226604	25.6423651405248	27.3354850149032	24.0869286751134	22.1701548483541	18.3727171915316	16.4664821379674	13.0875804486544	12.3495519756791	9.05615387457612	12.3279031874849	11.9305786951011	15.8217567292637	19.4813834467678	19.9756834926868	23.5195059046741
64	6.86592164243083	4.79711684243776	2.9665415891236	3.27721741726118	3.28626733544306	1.3288250449175	0	1.33665665000403	3.26761457335469	3.15910256243763	2.91256416238338	4.87762513934805	6.82748050161991	7.70348531510251	8.7238177995646	10.7697423367507	12.3316300220206	13.0548530822832	14.8787658426363	17.0552602149601	18.5311490739242	17.1159376605549	12.5284241227698	18.3925520523934	18.1161006289985	20.6958694671183	19.6364986186438	20.0745300069516	18.384403553012	17.1035967270045	12.91423377518	16.3158881462212	14.5991237408277	13.0067791939434	14.5257871731621	12.9439408218672	10.7224909885716	7.51324843193676	8.40925288001258	10.3978467963324	9.33043160845199	5.05480731581333	9.28845546902174	11.8391431277774	9.84994746178882	8.64643452528266	10.5067314137176	15.2731313750652	15.0885433690599	17.9694813781589	14.7436647072565	18.4619416367835	15.5934719674613	19.1807367168209	17.9362535106973	21.7314465464221	21.067500919663	22.8234134169278	20.4072864683181	16.7008640495035	19.6330298222154	20.3011643754736	17.0301465936145	14.9691723886125	18.2736550257468	18.0612353951772	14.1462021051588	14.4861476590569	18.4092879004051	17.2436414367732	14.4002521505701	17.6397721640615	13.1455507682257	18.9583190710569	20.9201307357292	17.8758277290871	14.104694466737	19.2428908690976	18.6021638526275	21.8479558082673	24.201866746183	24.1737749017401	25.4804481514749	19.6915602479844	26.8032412405664	28.6462004112238	24.2996225690853	26.4828542457191	25.5309629665628	28.9849040364118	30.1383013954005	28.2147464280649	25.1919492894059	22.0376415026654	20.6096974504722	15.1997723009261	15.8099977862111	7.93124517336339	13.5752774557281	7.46647319689825	10.6348129273627	15.3388359727849	18.0284688756422	18.0793164140683	18.2326840865518	22.6627589891434	26.0791047392352	27.8697004110198	23.4274990769395	28.6297018845813	28.1367515182546	23.2361655399509	22.3245196588863	27.7711133554274	26.2051510585228	22.0885399019492	25.7219511895968	27.9791970578142	24.4706621079202	21.7908313976314	25.6670910311239	26.8048978546832	23.4207867715839	21.8925029633434	17.9045201276102	16.8349206710338	13.3273258007749	13.7830029746786	10.843120215141	14.5457019424983	14.9249753768641	18.2846105782978	21.8493967651283	21.8763044868186	25.4087647279438
65	5.12102538560394	6.64688754230129	5.04319591132448	2.94072270028985	3.1838952558148	3.32557122912741	1.33665665000403	0	1.34285591185354	3.30208419032586	3.36046068270409	2.79871631288346	4.83129837621317	6.74586777219951	7.48459611468782	8.68869621980191	10.7412422465933	12.0412288824688	12.9067813958399	15.4696809598647	17.3419255562928	16.4056954134837	12.3514527485636	18.5009288685731	19.7531955136378	21.8029065952226	20.0931642107459	20.5849442311608	18.898240553025	17.4315071924375	14.6404452459616	16.8801504140218	16.1974114598599	15.6697076871268	17.1360963466012	16.7194146428636	14.6763916886952	11.5987351896662	11.2829445624801	13.6010851037702	13.5863754548445	7.24873106136516	10.6716217136853	14.8659934414085	14.6690232462833	9.69823272560522	11.1044636520635	17.2841967993887	16.3975697589612	19.6698679456676	16.2392509987376	20.1143033187829	18.7451456649448	20.7201120412029	20.0153934260609	23.6837675423485	23.4835561829975	26.2477118812288	24.0658990897909	19.2572383274446	22.8097484641984	24.5213439476714	21.574782432275	19.0736254026339	22.6213575631526	23.0201808420351	18.777033684797	19.075568510532	23.4108396047643	22.5319594354331	19.6095724073729	22.8145982651459	17.9648481485372	23.6510611601256	25.0434898925849	21.4731118378311	18.3265517760434	22.5815225793125	22.4283858982317	24.7707609289662	26.9766339264186	25.5687302187653	26.2004930678795	20.3974303528655	27.0252463078507	28.8642687937872	24.2570389577953	27.5524543734311	26.4253406600558	29.1139042040053	30.0171454505588	28.1220336035643	25.4669683119134	22.3032430153106	20.0910619679498	15.5318116779724	15.23085795351	8.08458805382192	13.0327162940041	7.52596339347994	11.2722039548617	15.7733858445167	18.1056205085603	18.7427456366457	19.6504298426268	23.1418841281344	26.4172869159571	27.3518018784869	22.8848072091508	27.4843422697361	27.4564657776634	22.5627727684343	20.8279879008991	26.7998969214436	25.6951679504143	21.4375253469238	24.8673948977371	27.2774086379187	24.32356441807	21.1810493838242	25.092784719915	25.9135956787166	22.2688692797816	20.8478447327296	16.4767303491925	15.5464699530151	12.0416980114932	12.0199246669852	9.24119158983299	13.3719286940965	14.8740271278494	16.3984019038442	20.6672206888106	19.5848265246338	22.7605606477521
66	9.12541275778801	7.64233563774846	6.95782516308077	5.23641346725027	3.04784432017122	3.29213076897015	3.26761457335469	1.34285591185354	0	1.34369230108682	3.36588324218176	3.28191438035791	2.84448325711367	4.75812578648358	6.58390173073688	7.43232487180156	8.87427709731897	10.556657709711	12.3423262799198	13.7682369967981	15.8505422935621	14.155718173233	10.6064106086838	16.950984809149	19.0905795878491	20.2472688775548	18.0446681598748	18.0072316028867	16.1732862770681	14.3284390636245	11.5360852111971	12.4974150927302	12.0817113853957	12.7695967438287	13.8520636729695	14.5796184792333	13.4246257675959	10.7896536552384	8.95790941012466	11.6230251225746	12.8374527457748	6.82066081842514	8.74596255423038	13.4607253147815	14.794767926534	9.99595103029221	10.1106186754323	16.2772794409877	14.529359276995	17.3336718556687	13.8218702786562	17.27479241554	16.1460549361137	16.7342783830077	16.0639467753102	19.5221398673404	20.0241167845176	22.9918755433305	22.1062118193054	16.3978282098575	19.6866538802306	22.773426663548	20.8309808458459	17.1586133180977	21.3867331306116	22.9143782590757	18.6659198005349	18.2146787234911	23.0537675445902	23.2580159514951	19.8669622489197	22.8497601956782	17.6747222326123	22.7875892757439	23.3152438117211	19.4520721004216	17.0163097350748	20.0740872021619	20.3634298191636	21.1814425618275	23.3371697941288	21.2500712704687	21.7033196999906	15.7486334962752	22.4426037036704	24.4651651537446	20.4185565111738	23.7527966142936	23.2461580481593	26.0053522760219	26.9524467534953	25.1819383884561	22.6807220784524	19.3542080695646	17.4339999426408	12.9209923380521	12.0844339958477	5.29781511568684	8.59698767010864	3.66010723886609	6.62696491615882	10.8378752991534	13.1331425789869	13.9642697625046	14.9773897258501	18.1580683168667	21.4247485399479	22.5914410562939	17.9818620559718	22.9515105167394	23.0516815872508	18.0503955081322	16.8117735233377	22.8393076515029	21.9993746502031	17.5778789960564	21.553244396146	24.0534698744277	21.1039742465726	18.1725195831508	22.2674818288912	23.3329823211693	19.806779092018	18.1164513909319	13.9186201183882	12.5168026668155	9.03776841925041	8.42758909771946	5.05153531117026	8.62974269604836	10.1465082171159	12.2162541722084	16.551018850814	16.2428938924072	19.569774193894
67	11.023480303425	8.32408493469402	6.58545025036253	6.93144184134874	5.28622861783332	3.09102329334478	3.15910256243763	3.30208419032586	1.34369230108682	0	1.33455685528942	3.33350761211071	3.54499026796972	2.98335985090636	4.77404849158448	6.89278231195502	7.73585851732049	8.62368140645281	10.7396321631609	12.6363628073904	14.0022884558204	12.2104074461092	7.88870363241008	14.0619357486798	15.7632073195781	17.0555232109719	15.2919343446145	15.6669674474673	14.0436730238211	12.8679882654594	8.80022147448575	11.4995730355522	10.4043261194563	9.88501800706502	11.4396311129337	11.0521168108196	8.8566732467671	6.06228842929796	5.52085627416617	7.91748760655803	8.80474042774687	3.59927228756036	5.70228077176142	10.3116067128261	11.2419082454893	6.73799569605086	6.79034086036923	12.8647731033237	11.4662005040903	14.6974211683547	11.3386324131264	14.7781793533574	12.9010569334454	14.842515588673	14.1426964190002	17.8307231765849	18.1601520092757	20.7037939035337	18.7224227331828	14.4533379535663	17.0412995103073	18.9768781679179	16.2160667549193	13.2789980043677	16.9263202734676	17.8326596445959	13.6490696386237	13.5651212305677	18.2116458619203	18.2963313535801	15.0783613831212	18.3062671782098	13.3621418567534	18.5348153484193	19.9759438825804	16.5831130069116	12.9528325087604	16.8059857491312	16.5462062721338	18.745699906912	20.9380153787316	19.8114984037049	20.7976868425313	15.1540094034549	22.0584969796222	23.7390974765259	19.6306196030589	22.0718139490165	21.3445585571592	24.6507000711947	25.5823958416721	23.5640176964795	20.6761563884587	17.6907179334249	15.7088740207566	10.6644374441412	11.283078037486	3.68902100834355	8.88321839200185	2.89015241812607	8.29428646720138	11.4086518484876	13.965396593008	15.5252704002217	15.6528797031089	18.9401810181424	22.2377965185402	23.4286607598471	19.7045483835586	24.2269759359273	23.5041409755813	18.5718031973204	18.4308729310361	23.4442988805381	21.7901752402315	17.6804833078737	21.3858312206938	23.5600134550047	20.1951260951746	17.0416830448169	20.8614061366917	21.8651471753565	18.5010342143352	16.9961824537159	13.1012586799895	12.3190080769517	8.83763062138264	10.3096153662491	7.52842998240669	11.2433811195743	12.4506755238421	15.1830807809219	19.7700356347681	20.1124557923691	22.6656557372603
68	12.2507689962712	10.7993900290711	8.86837854401806	7.25141262100013	7.0897803915213	5.33400318710065	2.91256416238338	3.36046068270409	3.36588324218176	1.33455685528942	0	1.33736158162256	3.43960768111714	3.57296319600413	2.89932630105685	5.0458725707255	6.98546326309143	7.40659955715171	8.85242712480594	11.1992094810303	12.8024809314445	12.3547802894264	8.03785574640401	13.9302755536278	13.9587443919573	17.2963092016765	15.9620429143641	17.2800616028995	15.9765898113459	15.2092436038088	12.3630527378961	15.4872846231998	15.0423477223471	14.3377261795586	16.106962997412	15.8405445929109	12.9114414377326	9.86735288717294	8.93736991513722	10.9483472268649	10.0781600007144	3.40604286526168	7.54405898704404	10.8093850888938	9.31364622476074	3.45841784635692	6.7048985823799	12.1890069734987	12.8992642425838	16.4590950237247	13.2420208805152	17.5409300209538	16.2090677400028	18.9551811386755	18.8275038441106	22.4318371516914	23.06158381378	25.4808019693259	23.7441408351618	19.4418831135258	21.3940577263875	23.7215711536989	20.9241115940438	17.4395218111048	21.238474074189	21.4355642333016	17.959021187136	16.8675589816665	20.7745806937228	19.6624540940341	16.3002425135333	18.9013315403968	14.0554203423448	19.9594582591813	20.9124594918914	17.2524667801448	15.2945575941248	19.811706387891	20.34857933616	22.5248742948768	24.8915687131205	24.0879838508747	24.7375368418119	19.320328206322	25.7983979735177	27.2234243253857	22.5664223792785	25.4835800075264	24.0659522354716	26.5975503759275	27.1964964839223	24.9958140095497	22.2322341882232	19.4094974947833	16.497168514627	12.4183668008317	13.060602436335	5.78518003177084	12.2937390569346	6.69523039185359	12.3760798720758	15.6504867016972	17.9215150308226	19.4632173599331	20.3193771065946	23.1532480226857	26.3352921191317	26.8685924826739	23.1516705660736	27.1527039537502	26.4826000611722	21.7853085128487	20.2356742660085	25.6952289151118	24.0870048989076	20.2235795298458	22.9847334333031	25.1674974123372	22.2367851543338	18.3255547528581	21.7754719581459	22.1786181941076	18.5365714467374	17.527771278745	13.2465138432721	13.3979805194664	9.98743515623506	11.9266070615242	9.67647177436074	14.0677009493378	16.0889201626461	17.2996361811455	22.3605425694459	21.7045313702001	23.6453080758107
69	13.4321628191442	12.1647097787	10.7604017118321	8.83440433758836	7.6744878656494	6.98589514665086	4.87762513934805	2.79871631288346	3.28191438035791	3.33350761211071	1.33736158162256	0	1.33030710740039	3.26916028973803	3.11503723894274	2.9205982263913	5.08316722132963	6.77337102187677	7.54017864509853	9.67890308867694	11.7871987342201	11.3739296639288	8.31602795810597	14.3447583806769	16.9137545802226	18.7652018907338	16.1503199349115	17.1215490537509	15.8098787471631	14.9312172979968	13.7970254765294	14.2146354156552	15.0348039561545	16.3173282433124	17.3814050065005	18.2753168508784	15.397092615166	12.5003107161382	11.0054993525964	13.1769945738776	13.5453544804114	6.27573700851143	8.74989399935793	13.5127658900759	13.9187426156244	8.04434515669237	8.36926741118959	15.4139581548673	14.0777486836497	17.2062936450591	14.1895945678515	18.3266683005941	18.1168851075454	19.0115403110847	19.1356130291141	22.187388512396	23.4867294658068	26.4032315635795	26.0964750301645	20.3749412269091	22.9771550240668	26.181521919094	23.546308988884	19.8231427629425	23.718440041453	24.8081520069513	21.1332066662871	19.7390669485667	24.4396857794858	24.3679834824304	20.828020069128	23.3466632733673	18.2683526624598	23.5446255863201	23.7792673562497	20.0279791541733	18.0088469925201	21.5257396388603	22.5671724857147	23.7003282044785	25.7922824309909	23.2174948045649	22.8533467570945	16.9646458848984	22.9805320434493	25.0234766169691	20.5836880563227	24.9938525841856	24.0156146496399	25.6059306802155	26.0197918708048	23.9695600710568	21.693653288462	18.5677438586383	15.359237383412	12.1507977515882	11.5990696178616	6.29516616142895	9.05031253603984	6.99327226697202	8.36115099732087	12.3904103644714	13.819904087945	14.7051712332771	17.1538269491096	18.9524387085145	21.8573547804852	21.9312791692596	17.2742145986438	21.3463040829086	22.143998306539	17.5860927724154	14.3424419120316	21.1188646238381	21.1234309713171	16.7567252468971	19.7978806188945	22.4795347371782	20.8389673688501	16.8008294140498	20.136957143521	20.6416588722903	16.8053945208079	15.7289691334175	11.1164942765244	10.3784026227546	7.88097462246898	5.94707331382421	4.17821313482211	8.03842391268337	10.44966363095	9.65574424889144	14.4582020320647	13.7230687894508	15.172104830906
70	15.0828282162199	13.3644041019418	12.3390340788896	10.8471246420422	8.96397690760077	7.79713242160218	6.82748050161991	4.83129837621317	2.84448325711367	3.54499026796972	3.43960768111714	1.33030710740039	0	1.3291692894436	3.2491112630995	3.23629185952071	3.00381490774648	5.03392073835097	7.02747479540127	7.95300408650719	10.0431308365469	8.48940380709976	5.96650986758591	12.0996585075778	14.8920647661766	16.4181466980899	13.3568114832845	13.8783415075433	12.1936653636222	9.66805275120072	8.62932361196403	9.52036417370679	10.7000666353065	11.4432443389102	13.0009068145264	14.710175423835	12.8707115964891	11.0859343764971	7.64418354044432	10.2705259845832	12.6766359890943	6.71561866100213	6.55230043572485	11.9609284756661	13.6374967644359	8.83441118581199	7.29942477185702	13.7723591297933	11.5435475049917	14.2575921529549	10.9117937113932	13.3768669351235	13.6133131162109	13.9857036648143	14.7547289368527	17.7458570094544	19.3942424703828	22.1167168223495	22.0493635509055	16.5793023978694	18.1471294975266	21.9625905575822	20.713456712968	15.7014602187185	20.375284881444	22.593506367981	19.2040361903429	17.4826130197977	22.6261025145737	24.0190570381104	20.5177713702049	22.5406091310772	17.7017628783124	21.7241290274202	21.3817196221445	17.1160629526769	15.8049744068126	17.0490938468882	18.3506062570151	18.440266077256	20.657209540497	18.5690711937889	18.3623983727617	13.0528302294943	18.8918350882068	20.6334664562211	15.786339030947	19.7573318289692	18.6800834580577	20.998891899336	21.9239063581288	20.3701107753493	18.1234128684418	14.6653251583455	12.1774517038665	8.87354162665618	6.98724645336058	3.70329839467467	5.17896022382871	3.91556496562118	7.4670752641178	9.72670864167319	10.6071337315978	13.1075113198502	15.352051491576	16.3070905743483	19.4469340771238	19.4170234845612	16.1647289182343	19.4817762280548	18.961723154819	14.2969996852486	12.6126381855661	18.2702679783303	17.0324796491879	12.7893583107207	16.2840897197234	18.7121638780767	15.8986587170113	13.2105298152648	17.048534541127	17.7364327303999	14.0631960094425	12.7281896984607	8.3578658759279	7.23334403993063	4.0722740575752	4.27588610699584	3.93055326894319	8.07406867694349	11.1535671423989	10.273806597362	16.3631752725441	17.0796614135058	17.1504766697605
71	16.8135270243932	14.8926077300116	13.4357991202608	12.3217432614058	10.9026441746945	9.01796906182317	7.70348531510251	6.74586777219951	4.75812578648358	2.98335985090636	3.57296319600413	3.26916028973803	1.3291692894436	0	1.33296098967674	3.31471959598394	3.34701628319911	2.79955960822412	5.01607515892655	6.96902948766899	8.17018108734439	7.49697759100292	3.61738330841508	9.47988955631868	12.0403741220944	13.9947783476552	11.5112635709552	13.2845670234299	12.1104222056871	11.9840128921826	11.0629146701943	13.5571685096852	14.5332327098963	14.315790931695	16.1468239911135	16.1535906534739	12.5406201601037	10.1180115141267	7.70473140349486	9.799466363022	10.0534374718302	3.74437618302434	3.94655571353046	8.85675837990401	9.99163555180031	5.28306899443874	3.9565678308352	10.4773747188883	9.19766089829365	12.7385149448434	9.81868142878666	14.7870236017935	14.570626994059	17.1278149803178	18.4294651306	21.6277918891412	23.1424952414384	25.3403348636122	24.1410754110085	19.9993484643875	20.7440764557017	23.5871857795711	21.1281135457002	16.7953573644624	20.6396876672105	21.9947083408715	18.7657472273288	16.3128917424226	20.9844517202618	21.3988173972301	17.6929584015788	19.3327915470063	14.6025099897244	19.3205623365367	18.9140403140101	15.1029164402111	13.9411566593307	17.6129822006382	18.9979778660783	20.5492655343202	23.2945886634643	22.553248502156	22.5543678474924	17.6031420490775	23.2812557651	24.5119935541767	19.3920775833844	22.8750429507793	20.8215623092985	22.6740013231013	23.0040611631946	20.6314720027438	17.9861791940367	15.044987504149	11.8681113071963	8.53727778627356	9.43495659767441	3.65680570990584	9.6837963629973	6.9353934279174	12.3350290636058	14.6674489261084	15.3521889318755	18.1945520967129	20.1625049535022	21.3116624410204	24.4002344660866	24.196809665739	21.1659754795285	23.7779846496712	23.2021799406866	18.9265148138795	17.0409813391131	22.2367874253454	20.4463102539309	16.7397091073889	19.4616603865138	21.4892487770047	18.4428670764608	14.208482536851	17.2253298952444	17.3919173181107	13.8305818388092	13.0661882352888	9.11961457518902	10.0299768693651	6.60477728617703	9.07976596614692	8.26606665833272	12.7965199175401	15.728836543114	15.4168178623216	21.3812371484907	21.4687566710324	22.1554046002324
72	17.9848385035841	16.478530334954	14.8093716612151	13.2481169227932	12.251976044704	10.8300030009229	8.7238177995646	7.48459611468782	6.58390173073688	4.77404849158448	2.89932630105685	3.11503723894274	3.2491112630995	1.33296098967674	0	1.33667236075263	3.31990481791271	3.31613042566182	3.14974808516491	5.49259401376071	7.44164672636373	8.7084073170701	5.72711463129559	11.0035021243239	13.779774381317	15.9249832339001	13.5496044960729	15.2921101879368	14.1768733859057	14.2481367202873	13.7846490706148	15.9934378105522	17.2570351451227	17.1145492198889	18.8124582657345	19.1791825164682	15.6983495629318	13.2205168582775	10.8868038927869	12.9332766149959	13.2052885617846	6.61007095272055	6.95486944521606	11.8126710781262	12.4251843447089	6.84368329191233	5.30233080823896	12.5796810770385	11.4440923187468	15.1212517339009	12.4842605708148	17.4068977707115	17.5347065558566	19.6898547226738	21.104345855771	24.270785257177	25.8118514058949	28.1316269525955	27.1130838341934	22.6790153225399	23.5766997054295	26.6274314946072	24.2818357831528	19.8546863233847	23.8075645541496	25.1949569160179	21.9316562530056	19.5210258439458	24.1720465620932	24.4794590830762	20.7779264124214	22.2534840418304	17.6675841302652	22.3789754457169	21.7195517909555	17.6554422770997	17.0950632639953	20.5181584212619	22.0677166467217	23.0510311483022	25.9769399660545	25.0913052868917	24.9838883683065	20.2156365469901	25.6327848857669	26.7007228928357	21.4475932449308	25.1721331038909	23.0482382406986	24.5689368308846	24.6979303383907	22.3177414627914	20.04586740453	16.8740653370787	13.2696476592259	10.6010462219538	11.2680735265617	6.13744401196459	12.1674383088635	9.60781603695658	14.9066361061106	17.352850630372	17.6291357417203	20.7300465267206	22.8731509198011	23.8269233221581	26.8083141767624	26.4332437850522	23.4283526736303	25.5291509651222	25.2202717867988	21.1671242260256	18.4783395899091	23.8335564698179	22.2440655007128	18.7241049452304	20.712204276706	22.7898141063064	20.3582336414533	15.6826606479896	18.0672089986251	17.8663627244048	14.0027679049537	13.7505922054288	9.42181686300472	11.0821630560103	8.25743592164057	11.0669788560384	10.5261237404849	15.0779225691075	18.0383602358973	17.3211809643569	22.9712601961669	22.4474687659878	22.4622459696265
73	18.983442285318	17.6153908557261	16.7323104800264	14.939952978507	12.9107140778502	12.4284056901921	10.7697423367507	8.68869621980191	7.43232487180156	6.89278231195502	5.0458725707255	2.9205982263913	3.23629185952071	3.31471959598394	1.33667236075263	0	1.32849463679761	3.30995740153858	3.27225151845026	3.71188577410458	6.19450554927509	7.00056119179027	6.38422164402209	10.9821592594535	14.2655613629468	16.4490121283924	12.9113245253924	14.2788407442621	13.6996328052981	13.7505063179506	15.0776531661927	15.8797140087597	17.7764471703431	18.2583529103805	20.0040779342613	21.0642381537999	17.7834217179934	15.5189864681944	12.9998298450403	14.8846641547601	15.6802226068382	9.23563365449279	8.98737725924532	14.0808582479904	15.0169007787892	9.53071865076291	7.43695979550783	14.6414123294169	12.1272333613236	15.5814417176332	13.4618259534136	17.7127736111542	18.9483733866525	20.0720281735554	21.7541784951765	24.5567544476057	26.3821222232026	29.0976329793336	28.8075958038848	23.7088467454661	24.8136412684636	28.3025958350113	26.3852209769029	21.5548220591124	25.7561284551852	27.4740768179752	24.2497805557081	21.7094508682279	26.4740549217531	27.0463028527006	23.3329874855321	24.6575889129493	20.1630495213398	24.5769773772122	23.1565694566358	19.3450425173997	19.2317400928777	21.56540815751	23.6857761114134	23.0093721991714	26.4337798659215	24.9088418638844	24.1157134250679	19.2498542332143	24.1630846333824	25.4136752753316	19.8574644907148	24.4216553288265	21.7714713788481	22.6002952856816	22.3651146654785	20.1294863570832	18.3935201089949	14.7320555252823	11.1431474009815	9.65491092656996	9.63772447209402	7.29512933401457	11.461824331231	10.5203921504856	13.5171634968288	16.2747660812683	15.4125703566926	18.7589429606255	21.5045826976484	21.884559511217	24.515425450112	23.8290274455337	20.5652954999436	22.6637711998688	22.8115353494674	18.9045620420046	15.3587054141943	21.1976329338915	19.8829559673606	16.5850384985987	17.9916267746972	20.0176317530321	18.0968588710859	13.1993398319764	15.3938190842948	15.3204556068023	11.3169913846393	10.9819802859047	6.45125770683515	8.39609706947222	6.23482140882961	8.46051895571425	8.61449267223556	12.6093213933185	15.6111345199508	13.7485694892232	18.9337586337209	17.6486938326891	17.9484016280002
74	21.2109784309918	19.4078368707077	18.1458516746941	16.7815902702932	15.1315937362857	13.6156320088345	12.3316300220206	10.7412422465933	8.87427709731897	7.73585851732049	6.98546326309143	5.08316722132963	3.00381490774648	3.34701628319911	3.31990481791271	1.32849463679761	0	1.33111381932575	3.23788480338631	2.77287287844214	3.95691761349664	3.76111818479558	3.78934374265519	7.68285884290477	11.1106700518016	12.3170567101073	9.06222693381709	8.91604469481844	7.7835044163924	7.87915287324722	9.3723412229816	10.4573151908126	13.3245360894854	13.1857288384071	15.4778847392013	16.8549677543447	13.6296681177496	12.5669028006108	9.20175510432656	10.4318566899665	12.2407203219419	8.79370035877957	5.48605696288327	10.2138504003143	12.670367358526	9.99343189299852	6.59027662545359	11.5846437148494	7.8954819358922	9.91503232470777	7.66222996261533	11.6195814468508	13.2011027569669	14.2202488374852	16.9921245875847	19.5552845287406	21.5621234807706	24.0103248832664	24.0675566063529	19.5603074106722	19.2735955389751	23.0001836949186	21.8680651864768	16.2547970457954	20.5824063219051	22.7952776688506	20.3551253005232	17.0293874816448	21.8241216318091	23.4562802038175	19.8240065072628	20.5468940231851	16.5049166917013	19.3902521902115	17.8163218145609	13.8435245873296	14.0524010048105	15.5472428745421	17.7476806653715	16.9087244048745	20.5173940840449	19.5922241973697	18.9618337193427	15.2480149855645	19.6233376620798	20.1702267959485	14.8153907137139	18.6981617010871	16.2304525506839	17.4791603917351	17.5426381425372	15.4083513070023	13.4133177849479	10.0169190373088	6.74627726972439	3.97036534842828	4.78936185728328	3.88138390268213	7.39912542129136	9.20104140844937	12.7472937127847	14.1845830745919	12.4276138498104	17.5035074485087	19.8565762154506	19.2188939588104	21.8587603719882	20.8833352221335	18.3388390308656	19.2333292489886	18.6858971954787	15.506798960456	13.0034405831687	17.0189062221989	15.0528018322171	12.1903385925084	13.5721569766931	15.4782697353419	13.0791914887733	8.3475895323141	11.5235264133858	12.2301795162622	8.73305129951726	7.25662869382194	3.54135299003079	4.81111733384252	3.91997716830086	7.19228100118453	10.0172024038651	13.5653556901395	16.9168588691873	15.1753833888966	21.5178332319962	21.8506967852286	20.9539237852962
