51	52	53	54	55	56	57	58	59	60	61	62	63	64	65	66	67	68	69	70	71	72	73	74	75	76	77	78	79	80	81	82	83	84	85	86	87	88	89	90	91	92	93	94	95	96	97	98	99	100	101	102	103	104	105	106	107	108	109	110	111	112	113	114	115	116	117	118	119	120	121	122	123	124	125	126	127	128	129	130	131	132	133	134	135	136	137	138	139	140	141	142	143	144	145	146	147	148	149	150	151	152	153	154	155	156	157	158	159	160	161	162	163	164	165	166	167	168	169	170	171	172	173	174	175	176	177	178	179	180	181	182	183	184	185	186	187	188	189	190	191	192	193	194	195	196	197	198	199	200	201	202	203	204	205	206	207	208	209	210	211	212	213	214	215	216	217	218	219	220	221	222	223	224	225	226
51	0	1.32758954500252	3.76039080415853	7.07520692276912	8.93933968478657	12.4563609854564	15.3942007912071	18.8178368841905	22.3182518132581	25.6847743614773	27.4721692263279	26.8272985035765	24.5439143577385	20.4917185467691	18.0197692549045	18.2240189859427	18.2664225561548	15.3053471701886	13.3510386112841	14.4542487179376	14.0039055266736	10.6274958950827	10.0776340973465	12.2004631879286	10.7369189714741	7.07222008990105	8.79622021097699	10.870190476712	8.73393204690763	6.22475107936052	3.5204432959501	2.70465025465401	4.81904949134163	7.44324398364047	10.8768637943113	13.3565896096272	16.760079892411	20.3319596202629	21.05304977907	15.6675380644184	18.0966124454275	22.5399922582063	24.5981760705952	23.6856437531261	20.1246656618191	22.5211327423822	26.2814655032782	28.0320482662256	26.2876617826691	29.4766173941312	28.2792054520632	30.9595754654356	29.7218515742206	29.201896702098	27.2708061120312	24.9823129833889	24.2351404576082	23.5792779787677	21.5008913768709	19.3494091124251	19.3544566702349	18.2996502972051	15.5629068621514	14.3676927166473	14.6178907507205	12.8656418806059	10.0034555529577	9.87839288548497	10.0197996985968	7.2035909795046	5.24084830919575	7.42638741246375	6.67173178417718	2.73896513303839	3.64417425488958	3.56191998787171	6.89619975058728	9.67902546747347	13.0742545485393	16.3160761214209	17.8149953971366	22.5501505759939	20.3381104825399	24.6350025776333	23.851049222204	23.100260950907	23.1936378561018	20.5282430081096	18.3596218642978	19.1514736247632	18.4419445829338	15.1821338091851	14.8852206567454	16.3931792523598	14.3334492010821	10.3522725041413	13.4675490346239	14.8275366801097	10.7513861896967	8.67981877691003	6.81198128300423	6.27611153501911	9.42252763328397	7.36780876516214	13.8912392895666	14.0682259720265	18.7034920001587	19.4261239314486	23.371075349671	26.5583425311144	30.0910296434004	32.1628492518931	34.5390055010274	30.9623807547159	29.2959547378132	33.6529369892139	34.8105974668634	27.1114453690688	32.7598206802174	28.535450881316	27.47312938127	33.9437913026816	31.0988606382935	30.8877415652229	37.8293773805491	38.0001503944392	37.2299431372115	39.2392863084944	42.5294342544079	42.6457915860405	40.4597149891098	35.9117835535914	36.8426420605255	33.8147050556411	31.5655191308491	29.3507567534468	32.5173004260809	35.0757089450805	36.5076195882449	32.9488032104354	30.1140089991353	23.4479476713848	25.7054930510971	25.48859144794	22.0113195651692	23.8220507513522	19.3106937731403	18.1486610525405	14.1774838740871	15.7101912464489	19.5746528704853	17.8846368428325	23.3721420712779	22.8025399900976	27.2063659646047	27.3954088489294	23.8847820588759	22.0442973351386	19.1196720944686	18.4646464899819	18.8736410371714	16.5934575661614	14.014532849867	14.9187809823725	14.632270671362	11.2806454159325	10.4629048547715	12.3750705452535	10.7235362637518	7.42950482872176	9.27364421357645	11.3173902468723	7.66941601427384	5.05369726042231	3.15440786836452	4.65170613861194
52	1.32758954500252	0	1.32860829441939	4.77917712582407	7.70223298790682	10.7821291960354	13.8255748885896	17.2707668040536	20.7449796095344	24.2310457265055	26.0970318235619	26.3493370694596	24.1333770740856	20.7108272649839	18.2971154830481	19.5651791456148	19.9756169867166	16.7310971248152	15.3402389485953	17.4323288748234	17.1329728010057	12.0933408535442	13.8137259636928	15.8929109039219	14.9100196176933	9.91008148301516	13.4607361240015	15.8109738472999	13.3962028202024	11.0979254818187	8.07081736876755	6.92555976077024	8.64146451708274	9.63061815253829	12.3685304300875	12.479713578444	16.6186648380669	20.0710800157839	21.6692959737967	16.5249028438899	17.0407108126392	21.885881293656	24.268117046858	23.1441969616576	18.2116965437051	20.2842599815719	25.0586960155552	26.0282601224131	23.6811950078538	27.1168975732844	26.524815663827	28.3916553585732	27.0453995718311	26.4195686565848	24.6339161523295	22.3555297186177	21.4251831730793	20.8061618997834	18.8731913835472	16.5867487471174	16.4500685104956	15.5621830730781	12.902680070435	11.4449737876502	11.9703766440326	10.3939067727203	7.31217642019119	7.49534662307221	7.82623453520274	5.21042416699447	3.20880071054592	5.32564033708624	5.80425438794683	3.62148160288024	3.208480013963	4.73409431676218	6.01006156374458	9.21499614758465	11.5100554299273	15.1591480961167	16.2306923450603	20.6767048632029	18.2460904579584	22.4244504726426	21.3958708633231	20.4567278419595	20.3092567318452	17.7918725546245	15.639501302791	16.1234875879879	15.3190076049332	12.1500316460493	11.6994744326401	13.2708288362106	11.3447035219084	7.3504527751697	10.3444816689866	12.1059619609513	8.49693268185644	6.46401562498111	4.57055018569975	3.55025013203295	6.81991884115933	6.47286458996324	12.1715844901147	13.2665135208916	17.5846838470301	18.5424840838546	22.5266126170803	25.7056509157033	29.2336716476053	31.0357072257102	33.4907076365968	30.7232105418688	28.2569706444268	32.8641389207142	34.7839683043784	27.0634492627972	33.0098639803317	29.2319952278321	28.1580744547634	34.1709926545894	30.6436782713825	29.5398897763685	37.172917587943	37.8742255762412	35.7968963598801	37.8237616981706	41.2774786172799	41.1700066917653	39.3343623057499	34.6849529479283	34.7930399505418	31.6931684910171	30.3939552707442	27.4598083933592	30.678728070114	33.2905474421794	34.4047319274544	30.8113171740515	27.9812152166413	21.7575605480026	23.7416947583781	23.6501482024955	20.2516604998207	21.9482017486627	17.427904004785	16.690270159587	12.7050525776165	15.7099260978529	18.9745935661347	17.8072589973864	23.1189531337386	22.8222316612552	27.2928655329557	28.1383306896482	24.8108779772099	23.5924205837383	20.9968333088587	20.8974839155339	20.5546284325453	17.7508304594461	16.0240952630718	17.0542098908158	15.6741025261416	12.2532436929982	12.9989068386538	14.0080244502928	11.2164028993256	7.94447839697484	11.5142605059986	12.2231804780916	8.03353104182713	7.91554022161469	4.49437303747697	8.60643869437295
53	3.76039080415853	1.32860829441939	0	1.32107039933533	4.20053734657841	7.21445472645023	10.2181941653112	13.6754871576847	17.1262735584832	20.6208321122112	22.3063488271837	22.5487288776995	20.5983625805548	17.2168258398579	14.6477251817475	16.0597478498263	16.6890017376714	13.1912262887117	12.1260321622532	14.1769282286397	14.0304807472873	8.48567628418619	11.2159210500074	13.6440466871086	12.6924647330611	7.26342192083043	12.3132263846646	14.7947951320726	13.3594999157903	12.4115173125609	7.6429878974129	7.31670923298172	7.63180457034901	7.05297462068311	9.3146492687594	9.14913269113526	12.8937371231152	16.2567348812731	17.9794064974348	13.44260592296	13.8192309843927	18.3685294457667	20.8496026580844	20.2246684274428	15.5352809115252	17.036256895222	21.8834614720798	23.1331318459045	20.5646240179586	23.5925133463987	22.7336861947199	25.0356621242579	23.8180870138641	23.4286966133415	21.390350417887	19.1035149907026	18.4587825438191	17.9085368190704	15.6727073283463	13.5949666053286	13.9880510794034	12.9608120887543	9.93446178713271	9.18827361368826	10.3707978960155	8.35801615217391	5.28725240555054	7.14124835025362	8.02296790470958	5.57995286718445	3.59221728184696	5.82071069543917	7.39478958456561	5.42452071615548	3.10522527363153	3.54129086633674	2.7850023339308	5.48507356377287	7.70693123104131	11.224322919446	12.4248377856614	16.851396796705	14.6092306436718	18.8331744005093	18.084111119986	17.5985912504382	17.6733053784514	14.7831819646516	12.8364814883207	14.0760713979434	13.2859592803832	9.913510629439	10.4293072636681	12.316016766796	10.6193516751259	5.39496227975692	9.8828944140874	12.0465532829934	9.61877320659969	7.95186198320871	5.45250309490971	3.40688552786852	5.15502250237572	3.77159727436533	9.38591002513875	9.49626179083117	14.0649040167361	14.9498222397459	18.8194156391743	22.0246937322633	25.5544818965284	27.5623297636466	29.9891980052818	27.0005289762997	24.6697468166984	29.1993600101098	31.1532996165735	23.4088867099655	29.2129103308794	25.4989557629327	24.3033925821067	30.2905558384127	26.7096111166	25.7813283210932	33.292888339704	33.9396244086466	31.9359635677397	34.1842081815566	37.4083845280707	37.3058113569454	35.4476526726383	30.8094016332677	31.0285074890817	27.9723810034112	26.4963364071337	23.7962292391042	27.0161879065126	29.6169728534163	30.7755977683619	27.1809421470265	24.3825419101455	18.2039034824952	20.3126761653899	20.4536354225844	17.0653098711978	19.4228929874002	14.9873424595557	13.9438081598966	10.1870343574565	11.6944927636901	15.2622013156687	13.8394692817319	19.1275784405659	18.9581513075511	23.3518214707119	24.0927330330123	20.7500655179688	19.6448088817377	17.1809515452434	17.108781400205	16.5778551387084	13.7307697162249	12.1831650239172	13.2701614911048	11.7443195205171	8.21329592794513	9.64143900048121	10.9125845243004	8.43029738502741	4.0973540242454	8.81500703346288	10.6469598477688	7.48152397576858	8.06545844946213	3.83909194992774	7.00395845218973
54	7.07520692276912	4.77917712582407	1.32107039933533	0	1.32701394114757	3.78562293420779	6.64967345062898	9.90608752232686	13.1467155974411	16.7003110450075	18.4884601305788	19.314833056488	17.5244918328607	14.8878819514396	12.5001045595627	14.4087168755584	15.3702940765621	11.6728656721475	10.8569066036325	13.3831406254287	14.2094346826325	8.28130533189062	11.7609314682129	14.3865084714812	14.8066695107306	9.20267830579772	14.4847812893395	17.1594619088129	16.5468757474032	15.1865039097219	10.6258625532236	9.44339663468606	9.60289362640241	7.82976085203118	9.47435042628253	7.22168809905274	10.8482655295674	13.606511125193	15.820032616907	12.5626982372419	11.5697765319819	15.6622219368773	18.3550015254698	18.1420569120483	13.0905259252637	13.5381010115895	19.0194255959532	20.0190855185745	16.7832309463941	19.3618789893956	18.6288664711517	20.3668037256709	19.1218683710562	18.9350596513452	17.006325440847	14.4234786719432	14.0227236298802	13.867942781826	11.6018354151401	9.23998127703731	10.3439651004825	9.93113749778947	6.72655342653279	5.90968450934566	7.72153320267419	6.47485629184154	3.4659668203836	4.43416485936191	6.57144717699229	6.08792674068931	3.90502765675225	6.77438181681547	8.99292805486622	8.61502008123022	5.44877912930961	5.51467514909083	3.21944436199789	5.44211245749295	4.29081670547694	8.20702400386401	8.91001560043528	12.6429347858794	10.0158936196427	14.1460189099266	13.6059229014426	13.5802457636083	13.7040040134261	10.4989198492035	8.99300839541474	10.9665790928621	10.1547814846012	6.94262457576384	7.81417398065848	9.93441150748246	8.20843821929605	2.81393692182323	8.9408928525064	11.1847811780115	9.62930807483072	9.12415530336918	5.96063335560912	3.06222157918071	3.46943280667028	2.80747324119038	5.37936009205556	6.83949267124397	10.5030182804754	12.0067995319319	15.7083612448912	18.8791782130473	22.347559441693	23.9813825706526	26.511085266356	24.3268558798707	21.3225933225769	25.8394183177563	28.0326665695577	20.8493454333703	26.3664311578188	22.9643014481173	21.7660871311313	27.2969085978614	23.2763879070615	21.9819366753705	29.6709691449403	30.3725751460096	27.8288868803623	30.154373895009	33.3547416269411	33.1040020994441	31.4649985539488	26.7136060650748	26.6110502047552	23.4170852370657	22.6138381748875	19.301752692437	22.5607615119703	25.2011928487522	26.0978684761802	22.4922766744498	19.7555247209483	14.201982432041	16.1866371430263	16.4732105553228	13.0615307295891	15.4325648224785	11.6679771168785	10.6442595796983	7.44822079425684	10.0748278397201	12.7617066648627	12.1294557998288	17.0009956473143	16.8327754396	21.2086605423351	22.2994592983776	19.7162348078937	19.0135802520199	16.8613613329411	17.6176235911657	16.7202326837876	13.4889188966351	12.9919318809791	14.4548785536233	12.0935462540977	8.28712724651914	11.468793702914	12.4758022186952	7.65093438738041	6.49524148896713	11.641064599082	12.7030596708037	8.97112545893769	11.1890408436112	7.13841172810871	10.6125637336131
55	8.93933968478657	7.70223298790682	4.20053734657841	1.32701394114757	0	1.32799435239763	3.58644364238447	7.17972053773683	10.5517686669108	13.8922510774892	15.6302676560576	15.9374977019606	13.6252576489401	10.5548538123462	8.79246415972223	10.5800068525498	11.0332415001213	6.86013476544011	7.27373116082798	9.80213777703619	10.282749048771	4.3036733147394	8.68814761614926	11.4491740313439	11.2013215291768	6.2183266237791	11.7543704212518	14.2712464417093	13.7066256241279	13.8472906014137	9.27013095916126	9.25102388927842	8.28772640716379	7.26942157258746	7.61023541028791	7.27887937803615	9.50712269827207	11.9316106205323	14.1991355018536	11.7824399001226	11.7451358442548	15.30339717187	18.0149721620656	18.6868041676473	15.0912059822931	14.5223535971274	19.5822285503974	21.2954111488837	17.9326112989715	19.3447279381231	17.5498252128048	20.6352952729056	19.8455480397998	20.213268142485	17.8345242156891	15.2067362047219	15.7258404862824	15.673380426698	12.9429824229194	11.3007821410732	13.2406911073403	12.6044452872786	8.29682089718707	9.70122126332556	11.6730882803138	10.2248529573779	6.80523511717266	8.78959504186626	10.929251987213	9.0844578264198	7.3597188805008	10.4411374859256	12.3326786222621	10.8007711761707	7.34396275862017	3.97927468265261	2.81662723838281	3.22327550792668	2.91583710107406	5.70058575937596	7.71881033579657	10.7251652201726	8.94024529864813	13.3688245556593	13.8651772797898	14.1292361435429	15.1600898744038	12.1466147135735	9.98611986709553	12.3053455457374	12.7379382162107	9.42631677804221	9.6063373873709	12.3093655807275	11.9930459016882	6.75072322051497	11.5975833258485	14.2039262529767	13.5198189706815	12.3374507496484	8.94821535279522	5.74589592665931	5.75325142854021	3.6204328470502	5.83394454893085	3.93316081542568	8.10936082561382	7.96627171266459	12.0868677911194	15.1882956252504	18.7342457814559	20.7402988888781	23.0782215302653	20.050716919851	17.8721932341837	22.4509925393066	24.34458449019	16.4820141062917	22.8574416984929	19.244894699634	18.8239237673764	24.1289976169753	20.6689042525239	19.0576651507996	26.7783185618515	27.9236438524774	25.5453211762937	27.4468534079956	30.9713276757713	31.2371383772586	29.6594187738061	24.9352374362066	25.3673399078421	22.1505594963197	20.1547933256583	17.4677670009649	20.6228673321631	23.1400197493433	24.7808092281104	21.2764171090905	18.6694603564217	12.0783869784007	14.8797719404566	15.0936062622556	11.5690478864944	14.887474500398	12.272756740032	10.4999318569217	8.41839384918525	7.16839528764981	10.2241723870443	7.42296975610167	12.9667928571409	12.1958103051827	16.7235738405402	18.1070639530543	15.0858796561553	14.0952150036812	12.0146947526768	13.0263442684431	12.169178813708	8.79547252852284	8.7793680865994	10.7986331542469	8.82741609985617	4.25285621670895	7.80865334100573	9.76300291918424	6.47869006821595	4.04985505913483	9.38602050924672	11.3814931357885	9.33662219434845	11.1717474013692	7.09591227397859	8.62870337883972
56	12.4563609854564	10.7821291960354	7.21445472645023	3.78562293420779	1.32799435239763	0	1.3348891339733	3.87312522389866	7.1175474006149	10.5948241608816	12.6280140956526	14.2398849714455	11.5591256157202	10.5765643760155	7.42256950119027	10.4106492592921	12.2360073144797	8.90178263046228	8.72857823474133	11.7567088081657	13.5263262196355	7.86119106751642	11.6804780724078	14.5056842306732	15.1030107263419	10.5720414774063	15.7800754434191	18.3762392779371	18.389876426991	18.3266388080302	13.8307388450509	12.9628192149702	11.7066371772597	9.37887098749098	9.64349672058844	6.81641430665713	9.70295078829116	10.9870880582618	13.5258629669238	11.5603747344106	9.25339775433867	10.6396267321744	14.8790313528805	15.1543606925531	10.6708690367748	8.84514454375959	14.8127575758196	15.3907557969061	11.3661226458278	13.180624188558	12.6679115879453	13.5304253443859	12.3042421952756	12.6776897343325	10.777130508628	7.78297481686791	7.98439897550216	8.38763172772863	6.14185134955251	3.66986239524045	5.86978926367889	6.81608934800594	3.80960903505858	3.87108189011806	6.27814144472709	7.58689350129551	5.03235422044196	7.34219619732407	10.0187015625779	10.6418609274882	9.97178965883256	12.5570194313778	14.7247933432018	14.010201461792	10.5284757681252	8.07408929849057	5.13172622028884	5.60323067524441	3.23484914640544	6.16212260507692	5.08743098233283	5.89759171187698	3.03910003125925	7.03449138175604	7.2665253044354	8.41877811799313	9.13107102151768	5.63565879023917	3.97105300896374	7.31704216196682	7.64209303790526	4.02707760044427	6.37245831685073	9.10603239616464	7.81739534627743	5.4862266631994	10.7688291842707	12.9667182432565	13.2505177634687	14.1216472835148	10.2737447895108	7.65234415065083	3.4347037717975	2.79790868328471	3.60900512607006	2.80982864246203	5.15106464723556	6.61906284907464	9.89604148131969	12.8641784036137	16.2427762097494	17.6055569068405	20.1899694650586	18.5609405742274	15.3487992038465	20.0835531218955	22.2873624729352	15.5434813024625	21.301738637961	18.1988200991163	18.4553216444472	22.6681008688421	18.3386964640347	15.9443453926463	23.9025383170909	24.6931159030204	21.5121223732109	23.550023715487	27.0179951328739	26.8120946775891	25.4365838901374	20.6194029254001	20.008684139643	16.7153850987645	16.7454104757095	12.3878987322306	15.595164442865	18.2873550028428	19.090869466842	15.6069690202807	12.5639853947702	7.68230701026716	9.42768030853826	10.6473923568168	7.56153086352228	11.1520889971341	9.72037653591671	7.31329672582755	7.2021941795539	7.03618966486834	9.21179184523836	8.48851306177943	12.4589438958525	11.9787332802763	16.0754343020647	17.8320054676977	16.1302743002095	16.060532432021	14.8022825604702	16.4696655400163	14.9680810727361	11.718904513648	12.4169162435767	14.2232286419083	11.833969156627	7.79922682065344	11.5151035601075	13.3838285255005	8.04670702834395	8.35307386535041	13.4503144201167	14.4335046333176	11.031835250764	14.7444676065296	11.0770489301077	13.4268586422886
57	15.3942007912071	13.8255748885896	10.2181941653112	6.64967345062898	3.58644364238447	1.3348891339733	0	1.33775072416351	4.56482836479095	8.0487881075352	10.2243713254165	10.8785702645155	8.78930975674427	5.56876602130131	3.5582925680725	5.42620134163855	6.77876257144326	4.45949829016673	3.92214469391429	6.63863276586377	8.50484791163252	5.9156543171487	8.60984210075887	11.176495246722	12.5417119644808	10.3201853665523	14.3392181795243	16.5355334053668	17.0114613422833	18.6580839584347	14.7385415832096	14.3537538992418	11.8158355184896	9.64971564347883	6.82159578104713	7.34559466619279	8.34658546951986	10.3302361057238	12.4785227090389	11.916738899548	11.860545054929	12.0469034610559	16.6326512919618	17.9825547962463	15.4403315055086	12.8785890919774	17.977340014585	19.5579893905279	15.4805896851509	15.2382944583703	12.9833313906717	15.8902825022087	15.277458754649	16.4788750222823	14.1938164353355	11.2767925847734	12.7477914165553	13.559327601323	9.76545897538871	7.93824735064359	11.4964200949687	12.5647723815436	8.0769306051247	10.1759835396879	12.7045011708449	12.5911595971142	9.1325813984875	12.04777560382	14.626088506501	13.1274229763499	12.7477627056672	15.6759741643063	17.5741291676145	16.5424960631702	13.052447624871	9.63045102785949	7.09951836394554	4.16245768747263	2.93469146589552	4.34972470393242	3.1568215027144	4.95927232565424	3.43389734849486	7.6446125474088	9.40334993499657	10.958466544184	12.4845060775347	9.93041736283023	5.85067765305866	10.5025631157351	12.3764334523319	8.9831391506533	9.92464397346323	13.3464482541236	13.943167896859	10.1638146382153	14.7310627247324	17.3152253522731	17.695150663388	17.2731725227302	13.4613599610143	10.9133878332991	7.02464305142973	5.21474812431051	5.81549464792119	3.34194703728231	5.6117555185521	4.04967171509	8.54512381419953	11.0344979043	14.3081719656985	15.3100067276275	17.7686724602599	15.7293227126917	12.652242607538	17.2438350142884	19.3131892239475	11.8736678831775	17.6020060220419	13.8899404606355	14.5447308672247	19.2917618169	16.1970336173017	13.5516210469449	21.7089882767484	22.9405290915445	19.9765591381499	21.6262402187713	25.4351837225525	25.700875082378	24.4496544147356	19.7026561407339	19.9026272386336	16.4434786161566	14.916803846669	11.4256228276624	14.5832747351204	17.1489625050613	18.7708458253751	15.3572365352625	12.664262513072	6.41182002242733	9.93449918214301	10.6601029075708	7.53136966294976	11.9176217845676	11.8171343395935	8.90734152258686	9.38401348038247	7.48937921325927	8.98404118423329	5.21542385621725	10.4466948361671	8.82063971602967	13.4427422053687	15.206011344202	13.041904270466	12.1691513262018	10.0285706857957	12.5598621409632	11.6027186900312	8.2729746161825	9.08116914279213	11.0431588777849	9.71295758252861	5.73098734948874	9.88073413264419	12.249636157862	8.71599615649296	9.80412576418724	14.0367895545955	14.6322449747125	13.6066727747822	16.8218383062019	13.5613056524805	14.3079517052582
58	18.8178368841905	17.2707668040536	13.6754871576847	9.90608752232686	7.17972053773683	3.87312522389866	1.33775072416351	0	1.32285940296012	4.77611903118002	7.65728999059067	9.25999924406045	6.04234060608966	7.6446371398517	3.91925885850884	8.82442689357218	10.9292410074991	8.80717854934258	9.32046554631259	12.1390058077258	13.9858528878292	10.8271257958888	14.046198489271	16.7169311477914	17.6209973894783	14.9805371399026	19.4968292037449	21.8155162670976	21.978306213173	23.2494642949037	19.1505933328448	18.3470965005365	16.2994254499967	13.410615384836	11.1243029444545	9.80351232977243	11.152404135432	11.9839914469262	14.6417503735038	14.4893416344567	13.9685957418776	12.5570967185891	18.2113692785578	19.8031830017298	17.6763458044925	14.6243657298359	19.5443808292819	20.3280009346714	16.3000979751657	14.9487253302748	12.7919400014228	14.3613843692034	13.4947982941576	15.5328834734572	13.9315975394066	9.87175009813356	12.164584415425	13.8781901918082	10.6521153767691	8.00856666326753	12.1659414761045	14.3920275500014	10.3222818213804	11.8762926875351	14.558972250815	15.4619356162157	12.1541368266118	15.031840805437	17.7018736296472	16.5400000302297	16.1574804038253	19.0801178979586	21.0581319446906	20.1437738519871	16.6515586657826	13.5984143928621	10.7019251539151	8.6287932528251	5.42513861574062	6.34800393824705	3.62850244591347	2.78723895638677	2.99371374717089	4.812508493499	6.11601185414155	7.52085779682079	9.71567028053134	8.80911925222948	3.52744128228947	9.17692966083973	11.5979339970531	9.55087414847458	8.65236782620804	13.3711837172331	14.7517111210869	12.8367039772677	14.5731556294442	18.5669788064725	20.006993677212	19.8803020097784	15.941064236744	13.9010394935055	8.22835427044801	7.44239349940595	4.33845087560065	3.02238746688773	3.56105124928019	2.8238089524612	5.13847740094281	7.35474833016059	10.5144014570493	11.5794274901655	14.149418574627	13.1035414297052	9.49362249091462	14.2420838714003	16.5293135066161	10.6863863864264	16.0991106276092	13.9748624680174	15.6080513517864	18.2991925778161	14.9996619295236	10.6390919725322	19.2000376562131	20.8549489090719	17.6550817896718	18.2740285925135	22.9184111360277	23.4376134877252	22.9073835476686	18.3316027668068	18.024191854283	14.1965123181717	13.0683163031815	8.50054410023264	11.4236994445757	14.0734145110559	15.6165888080592	11.984852022449	9.00371512210377	2.72702731926176	5.58547195857253	6.81268955699583	3.6800638581416	8.14091776153033	8.90975044543898	6.27784819822844	8.48445902812902	7.0521788122537	8.07929012970818	7.32139078317774	9.48416121752472	8.40899649185323	11.6645478695061	13.8963726921812	13.6574850906014	14.2831485674553	14.09388537629	16.0922764393357	14.8114052675632	11.1416809324267	13.3614833757334	15.3959254674735	12.5624005269694	10.034503525337	14.3664152104831	16.4064880154163	11.3680131069594	13.6506206086024	17.9512966105516	17.2582030350787	14.5096485484659	20.062062231984	17.0256586656728	18.7020282589884
59	22.3182518132581	20.7449796095344	17.1262735584832	13.1467155974411	10.5517686669108	7.1175474006149	4.56482836479095	1.32285940296012	0	1.32297732406871	3.80185862440991	6.13009893884267	4.48250554935518	6.75091201246172	2.94263623304003	8.59092573591461	10.9131856943791	10.3303578834424	11.24655471689	13.7496474500258	15.6099007684226	13.7266064997872	16.48038327831	18.9581059707978	20.050137306263	18.0615602869741	22.220284111595	24.4066609965395	24.6136155206829	26.3385349820373	22.4140353796455	21.5529593559678	19.3014916262967	16.1985311062454	13.1479058788843	11.6025364037352	11.9062071626526	11.5488116271762	13.8945948123722	15.6347390768123	14.7079279302015	11.6043973561749	17.4139614103167	19.5043475666324	19.0314412486285	15.2880029434848	19.105676146109	19.9974369357675	16.5822718889783	14.0951601977416	10.4963267384357	14.3956179790935	14.6726533047026	16.5509900912302	14.6452489224321	8.14906411804448	13.8036558925525	15.7288337457041	10.8271229788896	9.83158715569363	14.2624279139283	16.2402545854429	11.8338762457616	14.2172748443575	16.9252640747493	17.9698451301062	14.9435274617474	17.8399085479719	20.4984501121426	19.4785842401341	19.4461463020312	22.2802519285577	24.2294189364912	23.4906212348673	20.0089884551918	16.9479803221505	13.9877982184474	11.4612060447407	8.08528601844115	7.49844843951067	4.29803431815057	3.25246199055423	4.9774730536689	6.41592549832057	8.38338469831845	10.2634487381192	12.6578858029293	11.7520930901691	6.36734709278519	12.2834044547918	14.6390412595907	12.5049288682503	12.7324795699816	16.806341987476	17.5452643753236	15.7013895563418	18.5261113026992	22.0034197569378	23.2566830180058	23.246622916028	19.3310191660968	17.291261087613	11.5511247071443	10.8268395203771	8.40656654050868	5.65398876900193	4.3560694438909	3.57520209219003	5.73661877764245	6.67459796542084	9.17082597152514	9.07131346608637	11.4548965076076	11.0914507617354	6.68664848784501	10.9571219305071	13.4770690062788	9.48481428389613	12.9535735223914	11.2629451743316	12.6409305037248	14.6811144672331	11.2179556515436	6.98606598880944	15.3489227309281	16.897171153776	13.744829791598	14.8273485492181	19.0532785105346	19.5717885999211	18.9815824946183	14.5262547822899	15.1569830111404	11.6863037783552	9.07898430442525	5.88242178018544	8.59714260670369	10.9075501374048	12.9706361062209	10.258792326585	8.66882921737417	3.21700450730179	7.44013420577882	7.77053447325215	6.45752924886911	11.0760218038789	12.6083355364616	9.74680875979415	12.1600142269654	9.53873246296383	9.72666669522504	8.39520089098528	10.6232155678024	8.59122447617334	11.5784671697077	14.0570441060701	14.2256133083955	15.3121258484901	14.6931245826067	17.2178615396919	16.4158484703045	12.3744001470778	15.0964715413901	17.4287909506081	14.5134276447709	12.6064869809158	17.1205653236101	19.1300297438347	14.3680763848192	17.0383286152134	21.0934416584871	20.0141085487213	18.175170480631	23.3709225748578	20.4941467253458	22.0148217344588
60	25.6847743614773	24.2310457265055	20.6208321122112	16.7003110450075	13.8922510774892	10.5948241608816	8.0487881075352	4.77611903118002	1.32297732406871	0	1.33497153527706	3.29053931749797	3.09463584287393	4.86384642027274	2.90370005338017	7.71266289941418	9.57067719652063	10.3493616228249	11.3721618876975	13.5180691298721	15.2166711865638	15.7737406470374	17.3544729392742	19.3282862147682	20.7608596401979	20.1692946331794	23.1718911830692	25.2062962967589	25.6591219452264	28.0484877488966	24.5385218177461	23.9650399749301	21.2305263947929	18.283785111404	14.1163602603504	13.1058541499591	12.3990629081395	12.1774608190706	14.1425135319009	16.505456249374	16.1689856515491	12.6952540738656	18.2113789153924	20.4885425055078	21.138377563096	17.1716794169935	20.2868812043646	21.1636682548182	17.4724408426527	15.0658290512006	10.9207399474578	15.0140577126905	14.554346361139	17.0102779224797	16.2098566927657	8.76523085834024	15.3783414580377	17.4903939635447	12.6782242447434	12.160969451487	16.8116324608885	18.8272613781187	14.1276466900896	17.2957371048475	20.0782758721958	20.8813682262442	18.2996453790777	21.2546061125583	23.8604033704378	22.1087647099516	22.9723750187045	25.7687670640254	27.6290259328844	26.6444736108635	23.2759832660191	19.8477638287037	17.2683017404723	13.6028331607794	10.9236181734808	8.59608178183525	6.9469634373588	4.62300248756152	7.31183533731443	7.19513599593503	9.78621014489266	11.9493883525476	14.647853392221	14.2693619689179	8.41893110792575	15.1948274422581	17.5824076565185	15.8337351878829	15.9538752032226	20.1553248795449	20.715805318645	19.2522402332819	21.8795121974874	25.5075443937671	26.8200263049834	26.8797240127201	22.9598320115806	20.8965590468862	15.1425166336379	14.3077184065105	11.5154567430042	8.70113791408917	5.39913780153832	4.46026613555739	6.50829025167133	3.87567348985954	4.42046818787332	3.73797886564384	6.15428159901706	7.4317488520536	3.94297933040487	7.12030708607431	9.69382406483633	7.37601213393796	10.028989480501	8.36612741954125	10.6741471322069	12.1550192924569	9.37844043538157	3.84813643209281	12.6176691191361	14.4296775085239	10.8864164902873	9.71263893079528	15.6644960340255	16.3543419005474	17.0510102340008	13.1458140866209	13.4816560184571	10.0919525365511	7.02856436265615	4.00707349570731	4.24329435698256	6.52995191406491	9.05689245823312	6.72224173918195	6.46923364858621	3.67719349504483	7.08998201690244	8.04410877599253	8.04963092321629	12.7620099122356	14.6665781626118	12.2396224206468	14.9828860370758	11.8219516578271	10.9488338648461	9.32863344761707	10.9698407463372	7.9352150569471	10.5979410264447	13.3351828633881	13.7388413630844	15.104967196257	13.365402276026	16.7992976638906	17.0838336739738	12.8163912627541	15.7797032608348	18.4572019006132	15.898714759376	14.8542123991816	19.3641577405267	21.4088422386639	17.2624798044777	20.1402253214804	23.8753848345948	22.4827018616535	21.3338174267992	26.485871969788	23.7903584252108	24.8070394444803
61	27.4721692263279	26.0970318235619	22.3063488271837	18.4884601305788	15.6302676560576	12.6280140956526	10.2243713254165	7.65728999059067	3.80185862440991	1.33497153527706	0	1.33345491112373	3.2848436796901	5.6819912882721	4.06421911318767	8.31025980339965	9.82306922504367	11.4363113371401	12.3758358909611	14.0560515437302	15.9844352731024	17.2622614393364	18.6205101433876	20.2862550757896	21.8287285474899	21.9171682021195	24.2104220946269	26.1123502389195	26.9535396191298	29.4156941784483	25.9901212963695	25.4257612078773	22.4892028093483	19.3567011135679	14.8835381210249	13.70002850362	12.4576823285874	11.5409665973002	12.1770639318351	15.5915364541151	15.8437965462827	11.5228699116149	15.9535208026316	18.8276321400223	20.3259592885551	16.8854004690443	18.7291140740826	19.7311668433471	15.811994624335	13.7304039998829	9.12976549534543	14.5260059892594	15.4743985666649	17.4917598314178	15.8430321908402	8.21140980587378	15.5580387260091	17.6349071446379	12.4140111567535	12.9079664161323	17.5328623162335	19.2757979860757	14.1520662095681	18.2327731571475	21.082491242735	21.3401278346687	19.4769769214835	22.5237866709841	24.9541990454512	22.8647954069132	24.5982380873102	27.1966701454424	28.8284868316046	28.1038264476566	24.7463917773885	21.5913748983246	18.7228093511631	15.16898434306	12.2816728909379	9.40172888356179	7.73564276579523	4.1330534717083	8.21698308383314	8.58816214332263	11.4824984215109	14.2598296273132	16.8982261199216	15.614207664816	11.1526654213242	17.6988922252213	19.8320218838121	17.753150509135	19.1386536882823	22.5786043412785	22.2461845043144	21.0265256521376	24.8063030095176	27.8232357212457	28.7995040582299	29.2002516427513	25.3557921785142	23.2011365885381	17.5418962771988	16.9592390454289	14.6448807096541	11.6214746912774	9.04661671565674	7.42486855102499	9.2540904469321	7.01024457490607	6.85182311505485	6.33754179473398	8.43037852056478	6.7166685194373	3.29205619636117	5.69016071829259	8.04127881620828	6.75949480360774	6.46801113171584	6.13989877766727	6.30481165460159	7.69557457244097	4.58154351720029	2.69257683270134	9.27371236344971	10.6321507231604	8.92362454387229	11.2579121066031	13.9149747394668	14.7114956751515	13.6142575265785	9.03487808440158	11.8827930639223	9.53734349806066	3.63245784559161	5.4343620600766	7.07734371074346	8.3421308428962	10.6606293435238	9.47035273894273	9.2942081427091	6.73796712666365	10.4958346976312	11.6140526518524	11.5921760252336	16.2890248326903	18.2579108333895	15.7889991449743	18.3943512253083	15.1577562323716	14.2829102076573	11.8795149311746	12.7561493798089	8.82875591462353	11.3195412009498	14.0069546297545	14.3863792178574	15.8402742716154	13.6846944065259	17.5944650671738	18.5061406025135	14.2466385509004	17.160240208109	20.0558469529462	17.8987909647551	17.0317955307126	21.4054428592356	23.6839734208599	20.1527732582888	22.3504846256183	26.3514153320083	25.5158868942469	24.4722040078126	29.1445932035429	26.0665365171516	26.7869395228346
62	26.8272985035765	26.3493370694596	22.5487288776995	19.314833056488	15.9374977019606	14.2398849714455	10.8785702645155	9.25999924406045	6.13009893884267	3.29053931749797	1.33345491112373	0	1.34032607972836	3.2878438223249	4.6459587815649	7.28008935384725	7.17963773459358	9.20794189816595	11.2325856773941	12.7104217868645	13.822949214983	15.1776794339583	17.0202689167945	18.4991085190611	19.6215898693251	20.5182627188561	22.8584801332022	23.8060644794556	24.493938740023	27.6263284024497	24.7830626436686	24.7538108985263	21.4842022425782	19.0855101320347	14.4463813462057	13.866359435699	12.3838045042709	12.0918228981407	13.005750920266	16.1432383987848	16.6503075647268	13.5145209682031	17.8738087994697	20.3081243594774	21.7502828027591	18.3281140055381	20.6233402241247	22.0368697641022	18.241275558469	16.435042135632	11.7999739830222	17.6459190182886	18.5632317768216	20.4920842766176	18.3202803744921	11.1070405149167	18.3685168971259	19.9174603802794	14.2495692917365	15.2675495414294	19.7433431059687	20.9068056144405	15.5457528605082	19.7919228727277	22.6177693639315	22.1877161059898	20.3412331484598	23.5181100005932	25.8149393568918	23.1617773497631	25.1646282110426	27.7384560673445	29.0859866774363	27.9366085450614	24.7019488300012	20.9456739686266	18.8524500264555	14.7098449685916	12.5909901516918	9.13861318800615	9.28907245100392	6.6915959979664	10.722398099306	11.96027269756	14.686705961515	17.407713548884	19.9916276976138	18.620869743382	14.0147945400566	20.2729752626495	22.3966581882209	19.7810820988135	20.8223998857	24.6902872401274	24.3098386049764	22.3411954245962	26.6717646022906	29.6099060113334	30.1645396119351	30.3314946878653	26.5198485101254	24.0247108827557	19.1561351268986	17.6254117398715	16.1989509845545	12.0507999734457	10.2701312552469	6.57633096794862	7.91506885630188	5.29274692385721	6.9670645899116	7.8617823678858	8.63550872850002	5.65478531864827	3.83080200480265	6.76813061339688	7.96563406139147	2.92047170847451	6.37217152939247	4.17087352960983	7.18383692743648	9.07983832455182	7.60670007296199	4.8404805546557	11.244511816882	13.1204323861678	11.6904260401407	13.3595246921438	16.3564253123963	17.4634565307101	16.816474630552	12.3030266601353	15.2971839565327	12.9411156010601	6.8486008060041	8.34905844990919	10.1380679618949	10.7959352072898	13.6218908379123	12.748872146194	12.8087344027425	9.97427756782415	13.8185070105276	14.4005112756457	13.8250431102402	18.4136794259051	19.9699903355009	16.6553469492533	18.8939639567773	14.8851565661904	13.4262841471496	9.73106068216615	9.84819546922176	5.71359133995423	8.11803030297375	10.7264597607971	10.4478660979168	11.8310420504704	9.88037701709808	13.8496985526762	15.0896985059344	10.9072178395776	14.3033468461056	17.0845691195301	14.8684956535623	15.169431531867	19.2480390949312	21.4103810802143	19.4920929096903	21.0099074962266	24.845634385139	24.1587089679892	24.6846004828922	28.3370555456985	25.3587407810404	25.291394959551
63	24.5439143577385	24.1333770740856	20.5983625805548	17.5244918328607	13.6252576489401	11.5591256157202	8.78930975674427	6.04234060608966	4.48250554935518	3.09463584287393	3.2848436796901	1.34032607972836	0	1.33215089235416	3.98306741092842	6.59627690443632	6.82053084444312	6.22908508530747	9.26384941587459	11.3252859125057	11.7969023900344	12.8636745139171	14.9325739911108	16.6268030901915	17.161895145933	18.0299557681099	20.7792832648289	21.9569292251899	21.8803419077491	25.218439404531	22.6336043528202	22.6948115876735	19.6207507246792	17.9899999444136	13.8888520403956	14.1030750192999	13.2137227910987	13.4390021578985	14.8194624396434	17.5272888376954	17.9002644114549	15.3357572033467	19.7864990587016	22.0895954014554	23.1888285387598	19.6213827494394	22.4875783489463	23.9992654262584	20.301949857095	18.344032599186	13.9068815339745	19.3510046250834	19.6540506003216	21.6032697062273	19.7043260986008	12.6591378458408	18.9692819843029	20.7281941808736	15.5241673850806	15.1885736328333	19.7066407335192	21.1937531126509	16.2634229484448	19.3819282064505	22.1263490210202	22.4038512314289	19.4392476706276	22.5396956501191	25.0528335323572	22.9213745006708	23.5450484603451	26.4115131145491	27.9699868072904	26.0583527107912	22.8093260970157	18.639093674318	17.1642010300509	12.789656993055	11.4134690169116	8.95079739464591	8.94472280174182	7.91308012091373	10.4425263705676	11.4144692824502	13.6148062784602	15.5561510985205	18.1674696091668	17.6325323479074	11.7375232481133	18.0508372658999	20.4844114877631	18.2017301100747	17.3967115570731	22.4171786360371	23.236682228752	20.7486645594361	23.5726396697527	27.3784090845323	28.3953011605794	27.8860606396816	23.9726028832916	21.4778347372355	16.7918066627746	14.6960395685368	12.8905818720491	8.82910527743327	6.65041382171065	3.38221658088302	4.88103534099068	4.14503594676813	6.62703508365543	7.7297322722071	9.4225912571861	6.64229493473453	3.67586534029744	7.54978840763104	9.4098132287522	2.97381203171956	8.22520255069746	6.26157001078803	9.61759647729099	11.4834369855022	10.3603154392132	5.91920754831253	13.1466784398189	15.2974158602033	13.7274888089556	13.9866037693216	18.2406535244766	19.4958259635236	19.2732775884124	14.9231210207517	17.5154272856816	14.8153476165765	9.25398314240954	9.57417803260416	10.7722076660265	12.1862219329865	14.9764723483202	13.4093637060078	12.6904232789927	7.75478349149736	11.7676567760961	11.1481260757134	10.2932745518615	14.7974482259611	16.2766773636391	12.9925345487322	15.4202758405938	11.3967396214882	9.98152944192422	6.26057529305415	6.72249678319001	2.69093496762742	5.95579658819876	8.57290604171071	7.85702558224166	9.28469067874638	8.09818961249982	11.3296665882099	11.8100349703123	7.48102840523948	11.0692311386112	13.8005899511579	11.2957816019964	11.7223150017392	15.8274107168545	17.8708964240745	16.2089677030957	17.9958207648332	21.3695401915905	20.4723451026012	21.4266061008271	25.0460650202781	22.5612436270699	22.0595422889959
