-4	-3	-2	-1	0	4	5	6	7	8	9	10	11	12	13	14	15	16	17	18	19	20	21	22	23	24	25	26	27	28	29	30	31	39	40	41	42	43	44	45	46	47	48	49	50	51	52	53	54	55	56	57	58	59	60	61	62	63	64	65	66	67	68	69	70	71	72	73	74	75	76	77	78	79	80	81	82	83	84	85	86	87	88	89	90	91	92	93	94	95	96	97	98	99	100	101	102	103	104	105	106	107	108	109	110	111	112	113	114	115	116	117	118	119	120	121	122	123	124	125	126	127	128	129	130	131	132	133	134	135	136	137	138	139	140	141	142	143	144	145	146	147	148	149	150	151	152	153	154	155	156	157	158	159	160	161	162	163	164	165	166	167	168	169	170	171	172	173	174	175	176	177	178	179	180	181	182	183	184	185
-4	0	1.33229351120539	3.02577758600992	3.38194322838216	4.53165863674659	7.94571953947533	6.25167281613489	12.7853670655167	16.1701780757047	18.852817110448	22.2963599271271	25.1021286149203	28.5200941267731	32.1176688132872	35.3817317552434	36.4789567559162	36.5390041736225	34.2783302102071	31.0664470289089	28.1168647789898	28.0156418809207	28.8819130945303	26.2661728083861	23.0484870219284	25.294385800015	25.3034302417676	19.4558511764456	21.2140494484198	23.3151918285053	25.1124596366027	27.8904501756426	30.9687548506555	31.5866933533727	22.3074863442746	19.9942837081002	18.3810172188592	16.4834916204062	11.8959264036056	12.7554542059466	9.54178955961616	11.8380566817362	12.8901560114686	14.2693219530572	15.588365340856	12.4109753041411	10.7487702087262	7.5579156518183	9.74648300670555	7.92062743726783	12.6001153169326	14.717534474225	17.6796999126116	18.4385430552416	23.9706623187596	27.315461665511	29.4957037210506	32.1989165500953	28.1988430081803	33.5189030995944	36.5299958664109	34.0079339125446	34.400234955593	32.0587703444783	29.3372410938725	28.4155220434185	27.3997546521862	24.3366363123584	23.2001177583218	23.4996368908117	20.7793093966089	18.7129705284864	20.8642272322749	16.8128057444318	20.9950261252517	24.5440829936667	25.1567493130571	29.3413006869157	30.2113943074463	34.8347299401043	37.552386036043	39.499712986299	40.7625153909814	41.9147880824895	43.5738108271471	42.3014234039471	38.9472757840648	39.7928113734127	42.0409071500604	38.7382220294117	35.7211939470113	39.338399980172	40.6777164182062	36.7227387459051	33.4402268084414	34.4061477500751	35.192582982782	32.2840021837442	29.6494716479063	32.1775249980479	31.452794772484	27.5575909505893	26.3012433166191	27.2672551423864	26.0052767914514	24.4024855701217	24.3693909033443	28.0260908975904	25.668818340547	31.1292820347659	29.5408215525567	34.1716496675241	31.8699328207638	35.7925124292777	37.1512194281695	38.09532924126	41.1828437459095	40.6180966319201	45.0926117008097	45.6841428287759	49.0808130128261	49.475896808446	45.2669455231961	48.3504394809396	51.8938183023759	50.4321723010223	47.0658179680328	52.8501580508517	54.2718752762423	53.2451226404823	53.9344813825071	49.3535849356458	47.3708024103456	45.3657039403116	42.2221775255611	42.6764457048616	40.4892768643748	43.2615098442022	41.8619923080591	38.6146349976275	37.8790990785156	41.2139128935849	38.6191636496701	36.1775534551467	38.3658562005333	39.3227682392784	35.0472691232855	33.0760926652469	31.975043831088	25.1648002773716	30.1516772501962	32.7010785449043	28.7525042561513	33.2184005936469	31.1803545040784	32.8885989516124	31.5933578304048	33.961186801995	33.8979313380625	30.3310158418738	32.1935302351264	28.9560468641698	25.8000199999922	22.6837516738303	25.90106509393	24.7362065199982	20.9862063984895	21.7691951390032	23.2549730810423	20.8510359934465	17.002487906186	19.7606249395104	21.3340090465904	18.2063960189819	14.7841452238538	19.9705615594555	20.9162210975119	22.4432262832241	24.1369125200387	26.3964703132824	25.9047330038354
-3	1.33229351120539	0	1.33639664770606	3.23188443481508	3.20145248285837	5.67550640912333	2.44408039965955	9.11364520924531	12.35655570942	15.1742334567516	18.5908737825848	21.5135319973267	24.9024929073376	28.4811950591965	31.8670193460261	32.9405021212488	33.0302413251856	30.9731018143162	27.9862836761153	24.9021907871577	24.717305900927	25.9337152178395	23.5139375477609	19.9462382167666	22.4724005838273	22.9455555827267	17.1055898465969	18.2893119881531	20.6579839529418	22.7427684330646	25.4413220175367	28.3341083854777	28.5353128246389	18.8490871131734	16.5645967352061	14.7375776842736	12.9947197738158	8.56351312254497	10.509827258333	7.37564946292867	10.9421851565398	12.9486203512189	13.6708713328741	15.6093277882169	13.2820588012552	10.6197273505491	7.22388025925126	8.09623900338917	4.49660238402285	9.74167757626991	11.3377604931485	14.3160872447747	14.8066712329274	20.4037039284538	23.7530708330523	25.8901727688326	28.537617998004	24.5910021959252	29.9416329047031	32.9245789342855	30.4170388105088	30.6429193452582	28.4696502437245	25.7746030425301	24.663351313234	23.5247115603996	20.6592920982303	19.2924547168057	19.3909422927304	16.7473089778627	14.6411222930484	16.843148310218	12.9564101123729	17.5669037681659	20.9091262371243	22.0855113139814	25.8735590130156	26.9826275221669	31.5438160976125	34.3854234669285	36.5451883016082	37.7510682762753	38.6289419218285	40.1312690305203	38.7247762550024	35.4159105629094	36.434357809628	38.3670320718192	34.9506293791686	32.1378345412381	35.6030789258457	36.7626538895113	32.7585098714823	29.5804994379743	30.4608805027038	31.147240953253	28.2130400169851	25.7361530342046	28.1886368950327	27.3678162994419	23.4586524975328	22.2529358512534	23.3970507756854	22.3704996144476	20.6025304756479	20.9829012531633	24.5274591631502	22.6578488166904	27.895192309787	26.4975419614726	31.2102085382331	29.0151724792392	33.1290310452932	34.8995719887795	35.5791803306372	38.3165991444961	37.9731465643815	42.7494286511527	43.0221068405535	46.476206912785	46.5613231770748	42.3657576351468	45.7566860469593	49.0621826970631	47.3196155732483	44.0734145829433	49.8808133654615	51.0409899100713	49.9690428265341	50.7452673852449	45.9899002173303	44.3379869073913	42.4472957678107	39.133580988711	39.7559187291653	37.8873784392639	40.3502662444748	38.6722017733669	35.4763750966752	35.2651156385457	37.9392594814395	35.2097077664669	33.0169393190829	35.1465697615002	35.8221070569558	31.5099551729291	29.6976223627414	28.7557417918578	22.586684816502	27.3756160295983	29.8297169614463	26.211806137693	30.8692670790869	28.6286968093205	30.6306286256094	28.8913039858017	31.4099691817741	31.8413863077599	28.4107076469418	30.2807367644844	26.8079556475312	23.6784945889725	21.7544285146726	23.6773357665089	22.1310703536905	18.5881628193859	19.5724287966517	20.6330169631104	17.8681602298614	14.6859887307597	17.7762539642074	18.3010154363084	15.0049883038941	12.3045672008405	17.2421068608219	18.5523314707343	19.4040018552875	21.502712480057	22.8242613243014	22.1541478283413
-2	3.02577758600992	1.33639664770606	0	1.33761578938049	3.22738315047966	6.14607281115348	3.43701643871542	10.7510696677121	14.0330291455551	17.2602629470121	20.6386154089852	23.5675064866863	26.7923019354441	30.5040064417774	33.891715108563	35.0048108265135	35.2904991463708	33.0784490114032	30.3358097633803	27.2793934316729	27.4111477140232	28.6048907881152	25.992334466146	22.2448290395768	25.392793387101	25.6632883512616	19.4232455578361	21.2133183872774	23.6568144305187	25.6759986758062	28.4128813392799	31.2848621860477	31.4877292607771	21.5191158972668	19.7189939144978	17.5286669202196	15.7156733867817	11.1856345819091	12.7465253696841	10.0509747288509	12.8111355468592	14.5359571064309	14.4449507441182	15.3935345518825	13.2065807838365	11.2434119821342	8.32198173513978	10.1711035291162	7.01991403081263	11.9807981787525	13.4734196104775	16.4251303191177	16.5585283766402	22.5043060324019	25.7221127825846	28.0088597054575	30.7573794885065	26.3453047999069	32.0208076881268	34.6865765678886	31.7048074114952	31.5092095902135	28.7988295595498	26.7113823491035	26.1289083200963	24.4364750935973	21.5030392968064	20.7819343421155	20.4646751501215	17.8233175363062	15.3028155906029	17.7368290570778	13.7927243501782	18.9286872497804	22.3290705135704	24.313425283164	27.789562537039	29.1627101106876	33.719382245231	36.5632742242814	38.7542506184805	39.9365763680364	40.7853349256813	42.2158891650999	40.7961278677278	37.4887872703292	38.2466282566189	40.0311290872491	36.6395097401698	33.9657226185459	37.006163283972	38.1533365906574	34.1476132840935	31.171120576585	31.3700781478147	31.9451910778446	29.1645681778421	26.7652661111374	28.4435787832685	27.6530140671862	23.9434330662919	23.2297410230937	23.2212145031219	22.138203292047	21.0260181204145	21.4046441689648	25.3792197476597	24.1278067590073	29.4392389167927	28.6161253491803	33.3979945655424	31.2306857593617	35.3350446299421	37.1424281920286	37.9712554572534	40.6950172134132	40.1672716275328	44.9678534399853	45.4538136243814	48.9063995096756	49.0046366785838	44.7544398244465	47.9998406351521	51.3511552645118	49.6487143237365	46.2578095893007	52.0595285130398	53.4013982869363	52.0930870077787	52.9356766935117	48.1292587622124	46.5534773566916	44.6806190086932	41.1992016791588	41.6580075135621	39.6562896524624	41.7842824755912	40.216497858466	36.9642368783666	36.5200563389489	38.9841391850583	36.3065598618211	34.0107884354362	36.0408712158849	36.5297572124426	32.1682467971135	30.1587381367324	29.4745475283337	23.0705243330099	28.5165462319686	31.1353924336919	28.0336538645964	33.1220703912059	30.86663010437	33.0149172647759	31.4231917856859	33.9966097721523	34.3466060332022	30.9435542399382	32.4806281651079	29.0428201282176	25.9008147555246	23.7643810986106	25.6432388944922	24.1997649781976	20.7166810807137	21.1330227132798	21.8801598942969	19.27267812215	16.3658479462569	18.8288084859345	18.7577623932067	15.2602984243428	12.7363650230354	17.0239536242319	16.9597365840393	18.2713281947427	19.4741563617015	21.6050788704878	21.2078013004649
-1	3.38194322838216	3.23188443481508	1.33761578938049	0	1.31972572908162	3.9700555411732	4.30047171831184	10.2302182283664	13.7962846085459	16.8328608679571	20.3514292864162	23.475806631509	26.7653432819383	30.3909675068103	33.8482688183606	35.3734378595013	35.6823725248196	32.8140623818509	30.1010325570403	27.2902151145791	27.7449094429951	28.4516931306381	25.4960902100695	22.1484668543897	25.4421510686498	25.0397435689745	18.2875274982705	21.4468582780789	23.7204557713379	25.3977859468104	28.2037463646233	31.1366808924779	31.7428568500064	22.3342438869105	21.5766650342448	19.3850538817925	16.5749984313725	12.0333440904846	12.0989640052362	10.1154575773911	9.74433106990932	10.6005368260291	10.4092732695419	11.1942262796497	8.8939463681765	7.06654505398501	4.96898561076605	7.17654074049608	8.11540146881225	11.2348019119164	13.4898665301033	16.8611461354203	17.7024960104501	23.3277274718306	26.4888721730466	28.9076868842874	31.965520768478	27.7178746299207	32.7158261702192	35.8106638447265	33.3361258096978	33.3390314796336	31.3237837273852	28.7781281531652	27.3878258355788	26.0650495107913	23.5327402569272	21.7918621737565	21.3399481958134	19.0069148995833	16.1964397939794	18.0483380952375	13.8607975600252	18.0819596283146	21.696582311507	23.0739992849094	26.9072405868755	28.3930261860197	32.7910081882214	35.7469406103515	37.5925318248186	39.4375570364088	40.0079633823068	41.381136547949	40.3086453505945	36.8476175756317	37.1048476213015	39.6387862326787	36.4530569362845	33.309291571572	36.5899999043454	38.1477803548254	34.385948540065	31.2798771417025	31.5733561250622	32.5014445986636	29.7961737308669	26.8876919240012	29.1455091909543	28.7091035213571	24.9501774943586	23.7592290699846	23.8059577627114	22.033359548648	21.1744701468537	20.4202098177271	24.4528991532702	22.3482233969504	28.0118534552785	27.0485937157554	31.7360000787749	30.1837522849628	34.2822510054401	34.8012582531149	36.8823247369251	39.8826011940044	38.1531848211915	43.4109231184963	44.5183938614142	47.8639718995405	48.4259941457065	44.1444241212863	46.2856778928428	50.5101456145199	49.3127756773029	45.372510190643	51.1982012379341	53.2416372776044	51.5561163102885	51.7171736853436	47.3237785262335	45.2270721913325	43.159527916788	39.6828508174501	39.8214089906422	37.3631132134355	39.9606037742174	38.7044455586177	35.3616932004111	34.172368559993	37.5802427613234	35.1473932034795	32.6019601557943	34.5590236262543	35.5873630099225	31.3846916186857	29.0614393655923	28.0346253408174	20.7685447492115	26.3803988028991	29.1274466096841	25.6879452856783	30.8124726369047	29.3541482077065	31.6854449077175	30.8158527547105	33.2166301873023	32.9287808155723	29.1154591583234	30.3893626619579	26.7536216987532	23.9246294433164	20.466704326784	22.9951041093534	22.0127323837819	18.3222805622008	18.3718332509306	19.5643507686813	17.467596800934	13.7772740772622	15.3464745788732	17.2443422025892	14.0590986197551	10.4003443212232	15.2518977507719	15.4415461984867	17.6521410599394	19.0951170721732	22.1408424636462	22.4329157712501
0	4.53165863674659	3.20145248285837	3.22738315047966	1.31972572908162	0	1.32244659627525	2.79171739257397	7.01346390879713	10.5062817399877	13.7027418424197	17.190532423401	19.3475126308267	23.2268319406672	26.8342675510251	29.822690203937	31.1615677076748	30.9559828789202	28.4075597508832	24.8349927722961	22.0867199466104	22.0392922980753	22.5019920229299	19.7349980744869	17.0197867495454	19.0327082150702	18.6674348800257	12.6425173521732	15.1051521342885	17.1230860244291	18.745487617024	21.5597527351313	24.6077316305262	25.4494651024339	16.8182739007307	16.0407998865393	14.6444518504449	11.5835697433908	7.00335955095838	6.24083015311265	3.63163172692386	5.44220001469994	7.24718911026889	8.93257521658788	11.8093455364808	9.7454976784154	6.84334085078334	3.75507496596273	3.85274512523214	4.19183444329568	6.75049664839558	9.65200134687102	12.5331916924621	14.7662082472109	19.2201719555263	22.6043549786319	24.7642432147643	27.7567955823434	24.5837105620775	28.5321683192848	32.4811602933146	30.1738869388748	30.0573546573879	28.2788274863015	25.6963232194802	24.1632307649453	22.7540623845501	20.4639717308249	18.5151499048752	17.9043107099938	15.6548403696748	12.7282413946311	14.5827942795611	10.4152869379581	15.0309974386266	18.568096536802	18.9621444198698	23.6891494781894	24.1591919359899	28.8018771089664	31.3611864571479	33.0640462587385	34.4589869555099	35.8404772429163	37.7009993634121	36.7025564640939	33.271931684229	33.8627151008303	36.4309311849148	33.1563610940646	30.1725985125577	33.3998758380926	34.8262955968619	30.9722399900298	27.8780342384466	28.1461654226646	29.0234285707254	26.3189975872942	23.4701298249498	25.6866715827489	25.2457985415395	21.4790473717993	20.2861027060399	20.4788340488417	19.0226988095801	17.8831329749572	17.6898432440765	21.5824747654202	19.6554323534233	25.1683454760141	23.2906208805175	27.7768203723896	25.3993559957728	29.1828778053159	30.3059721177196	31.3452905075069	34.5774998662425	33.8898807758304	38.2724396530976	38.9890954370578	42.3474872572152	42.9432527645496	38.7476855824964	41.6132380018667	45.3276341429817	44.1153428412383	40.6656614602541	46.42486963902	48.0624868790619	47.1613227761902	47.6628483097685	43.3412800110934	40.9562482656798	38.853810688271	35.9078545446536	36.2713419795849	33.9882128685814	36.8824121092968	35.8432623654711	32.6150470335396	31.7383031997616	34.8812679528712	32.3268731707847	29.9338821738845	31.9352920450088	32.8084230800567	28.5151500960454	26.421130445157	25.4316554317646	18.6957822783643	23.9872168664895	26.6260495379994	22.31235052611	26.4486951852071	24.476541544916	26.0515600300635	24.9805760942377	27.2656401722021	27.0599781965914	23.5927057583483	25.279612417915	22.1193081492166	18.9402231507446	15.9905442996791	19.3142085004796	18.2627505047843	14.4643402200031	15.5586615748271	17.2146109163118	14.7638750333373	10.9555139541694	14.2047231933607	14.7148018675074	11.4317136948053	8.24221851202696	13.1826146496057	14.28098883131	15.3974695648343	17.3999608332893	19.4425646970764	19.22629561304
4	7.94571953947533	5.67550640912333	6.14607281115348	3.9700555411732	1.32244659627525	0	1.3207675798565	3.76450979544482	7.5651257755572	10.3240814603528	13.8371683880771	16.9422928200406	20.1717641766901	23.8070139454741	27.2489045100899	28.9331940338429	29.2929753695319	26.1514096943167	23.6715505195583	20.9577924887141	21.8150797614861	22.4902294119024	19.3798281984129	15.8604639591659	19.9498097735292	19.7099593353208	12.6019875019776	16.3447722835162	18.8833238864348	20.5865540098386	23.2928089332309	25.8872575990583	26.2244093546452	16.7323016049795	17.4792362819432	14.5821400692765	11.2591229676205	7.75136458954164	7.02788296715305	7.41096990953276	6.79071608889667	8.85937921075738	6.288124044578	7.7007177587547	7.68107414363382	4.28798145984798	3.25183194522718	3.31822904574112	2.7884881208282	5.22668891364313	7.43711597327889	10.9281768836343	12.3442410054244	17.3591928383782	20.3959345458844	22.8658584356678	26.113115689247	22.1599867102848	26.4823614694762	29.9120545265617	27.9137833515989	28.0497688582277	26.5770273732786	23.7861452740876	21.9177823923863	20.9018162607942	18.8140018868926	16.307067547539	15.8651428610019	13.9259255706757	10.725901407341	11.8274283341731	7.75552229060042	11.3007433826275	14.8243644383157	16.4250908673286	20.2419466702192	21.6760851862139	26.0862944283008	29.0586975964168	31.0908650410374	32.8123227766643	33.2952739439098	34.6888451378826	33.5946714375956	30.1331797193725	30.2385795632004	32.7744289500214	29.7723543744864	26.5456725286816	29.6021113774001	31.2473781460141	27.9334175495946	24.6608600214997	24.7381714360621	26.0363217448241	23.6375708142779	20.1127244300716	22.0356646144381	22.8642668371413	19.2937410058288	17.6788779338509	17.3393592153805	15.1652751376294	14.243103418848	13.141218512756	17.2130223377535	15.4844709951616	21.0477102080012	20.5328946084082	25.2707649666566	23.6514064909468	27.873120546505	29.0806436311166	30.7602200414756	33.6405605185169	31.8594339717453	37.2956451747386	38.289985283361	41.6798595127191	42.0157402172091	37.704232839298	40.0230300826912	44.039503641617	42.727897631407	38.7604965654466	44.5956609660626	46.671227678303	44.8299228863936	45.107292991267	40.6181734818295	38.6686719968504	36.682540274632	33.0527241539937	33.164657377998	30.8979046862405	33.0176719500331	31.7114948401995	28.3728024171036	27.4956564933445	30.3810009216286	27.9321826572862	25.4143155524598	27.3504714950218	28.304560074306	24.1145990843721	21.7805995096554	20.7937730342523	13.9704779445801	19.5226435197696	22.2445954110206	19.412715575107	24.7259637021492	23.0793020691701	25.8463597823755	24.7206183579618	27.3134499102548	27.5144142950563	23.7030818882271	24.7939867306571	20.9847359049381	18.1251333512336	16.5508797349265	17.2502915337683	15.8994976650207	12.4050434904518	12.5129301124876	12.9353198646187	10.6505971194107	7.98366901869059	9.68598988229907	10.0090977115822	6.78947781497222	3.6612002130449	8.30772170934968	9.89949195666121	11.3747255351503	14.1144614137416	16.4225052899976	16.928879614434
5	6.25167281613489	2.44408039965955	3.43701643871542	4.30047171831184	2.79171739257397	1.3207675798565	0	1.32480224939423	4.56030053834174	7.86832949233826	11.3024700840126	14.6401993497356	17.6218280833743	21.3760755518874	24.9304039678462	26.6726343280899	27.3933872494805	24.2824817100724	22.515116011249	19.7204956580711	20.9550541874747	22.0386430163021	18.9408935903246	14.8097662371828	19.5129188744278	20.0554684063973	13.0935163726174	16.6061310966763	19.4760122458372	21.3897995081768	23.9389300721649	26.1792650202407	25.9692426728236	15.7040918871484	15.9203114919275	12.9776888928653	10.4760817579857	7.15471606704277	8.01705637999384	8.05661628725112	9.01797704587897	11.2412209746095	10.1597223387256	13.0138861989799	12.4089462082805	9.18194777811331	5.85482331074133	5.25673263539244	3.4208124765909	5.65645569239254	6.175494393164	9.46699894369911	9.7243295398706	15.2374947087768	17.6962694938792	20.6060056536923	23.842487915484	19.3633796120409	24.200664908221	27.0997426002536	24.7710037543899	24.4956617179451	23.1102878822398	20.557413188434	18.6669070549998	17.2585971909654	15.4672740002885	12.9554812338253	12.0665949629545	10.2233922452384	6.84703592804945	8.44011202532289	4.26607946480137	9.27832344769248	12.6826874517982	14.896124630252	18.1909237258585	20.0286396442694	24.3040748846773	27.4390141404534	29.7875572345233	31.4021748769094	31.4682390673517	32.6253695151488	31.288128707227	27.9209960603127	28.6726699663634	30.4155480798884	27.1028100941581	24.3745504984195	27.3651367984887	28.7116939764968	24.825372383914	21.7261914978212	22.0044610477058	22.9104064128073	20.2210768753793	17.3189592643438	19.7331493178357	19.4383906226827	15.6354586117581	14.175773594411	14.8493560129724	13.6075035182799	11.8517016921622	12.2999564633376	15.9229111031871	15.0463680999768	20.0378556237937	19.2596412219958	24.0629510451233	22.5843877490624	27.0067426395706	28.8329002876922	30.3174970932628	32.6767571371457	31.0217979169487	36.771748340268	37.6200427166158	41.0536150661547	41.0112245488964	36.6740383786678	39.1817381186695	42.9261372592503	41.3260870274455	37.3305097072087	43.1646173850759	45.1526550714352	42.9524751906104	43.4149034779533	38.6541757382045	37.2255185726136	35.4231805460775	31.7233029333328	32.347441784475	30.755628476752	32.5694857650532	30.7910628104975	27.615466626512	27.9093546503677	29.6060773659734	26.8039082598042	24.7235804243641	26.7902105441521	27.1437118132359	22.7987523562146	21.0237442193345	20.3450348979794	15.2543922199477	19.5756318416546	22.2225956179741	19.3798529148185	24.2618769677863	22.5019353167678	25.7494589846078	24.337521011804	27.159398723094	27.9204783805722	24.2091730135501	24.8915862491726	21.0803219614882	18.3497840314266	17.2193408991169	17.5452731811163	15.5136174053636	12.5863462927094	13.5139551945387	13.5928790548581	10.4028685467038	9.01857577447792	11.2585777520964	10.2396872510834	6.80658394497563	6.56671318088433	9.78565705509855	11.436982600319	11.1923851345457	14.1323931802084	14.7906033007447	14.4731300346539
6	12.7853670655167	9.11364520924531	10.7510696677121	10.2302182283664	7.01346390879713	3.76450979544482	1.32480224939423	0	1.32924264150681	4.29898988135585	7.76148561810173	10.9494999429198	14.1877893274463	17.8380665712403	21.3248083227025	22.925941681859	23.5039581560213	20.5350265156878	18.6391247380342	15.7890458546424	17.0692062498524	18.2838383278785	15.2874856663874	10.9201123620593	15.7746460182154	16.71788063721	10.0356793990243	13.3463685697646	16.3502284387711	18.3446293230471	20.7384773549072	22.7314969370695	22.2576040264895	11.9298641232832	12.3154707583592	9.95382514413429	7.16421112195893	6.53414125956885	6.84417445715698	9.02303363620019	8.35222377573781	11.38392072179	8.67469728578468	11.5954895541327	13.3933533889015	10.1090121179075	8.07624931512147	4.64216533527189	2.83295287641711	3.35899464125801	2.75606404134592	5.67787786060954	6.66147949032345	11.4276245563109	14.2362943914489	16.8313796523042	20.1166817343219	16.0767611165931	20.4245609499935	23.7068746358519	21.8228480496932	21.931065842772	20.798377677117	17.9321783673931	15.800237498215	15.0929251306697	13.3039839521851	10.2240171165741	10.1841337383206	8.70754529129765	5.83875885783956	6.73219020824575	3.27511312781711	6.42826796267859	9.72983756287842	11.5325323324931	14.8303829687571	16.4226890002825	20.8373683079222	23.8517939157624	26.232817119021	27.6445243945343	27.95085079206	29.1870529687394	27.8099520855395	24.4575819328077	25.4106271075706	27.2395779886547	23.8927821946294	21.0123345204668	24.4040727338696	25.8064848633052	21.97206612952	18.9018184045874	19.646847126193	20.7566175471824	17.9824088486498	14.8297903559019	17.6177443788925	18.0972689928619	14.272935297268	12.019350606418	12.5286871618698	10.3902091413022	9.77033458997183	9.30786597454003	13.2250137996147	11.6910130442148	16.7747205341848	16.0999359315495	20.8605857300316	18.989106930027	23.3951274841579	25.3698298575296	26.7444592018609	28.9216564359651	27.8102415847112	33.3431909990631	33.9597657530202	37.4252325844476	37.2410403855746	32.9127133035245	35.8290195511962	39.2402368749221	37.5274464225852	33.7181584461548	39.5439842453944	41.3261083819902	39.3684870042017	40.017590044879	35.1841336542482	33.8190180963315	32.0641260289439	28.4733323304456	29.0759667939004	27.427949759324	29.2692173281077	27.5645301973388	24.3518029927971	24.5582688722149	26.606738413417	23.8880261637499	21.7499690804378	23.8191570169895	24.4432787489731	20.1429291315836	17.9727129003943	17.3770771420282	12.0227458594117	16.4141783224138	18.8651879131908	16.1127710838328	21.0306647778904	19.1223570461384	22.3587895244801	20.6717723236301	23.5857229060294	24.7084449733285	21.2188068467574	21.8048238699605	18.152445813168	15.4330142227628	14.5311078036053	14.4737809849396	12.36479122347	9.70379049650187	10.5725710212795	10.350331878737	7.06571192449848	5.89515945501053	8.10351491638042	6.93316240975213	3.51391192262982	4.00879096486709	5.21753945840374	6.76745158830117	7.07224059262693	9.9021114415058	11.5528135966958	12.2028383993233
7	16.1701780757047	12.35655570942	14.0330291455551	13.7962846085459	10.5062817399877	7.5651257755572	4.56030053834174	1.32924264150681	0	1.32538032277531	3.64433190036254	7.77647278655303	9.54401063494798	13.7360961703098	17.2058203524273	18.5593156662631	19.9868520032545	17.501682604824	16.5537491523824	13.6607511506505	15.438409309252	17.0229474827364	13.2485325225098	9.70667924678672	15.1455955643877	16.6227333793212	10.6664061895279	14.0479500995697	17.0415113766356	18.9282229752293	20.8531934724636	22.2246080955323	21.5265567381316	11.4365242971805	10.1884126339681	6.76809988105968	8.01347590000744	8.3039795881252	8.99900100011107	11.2090575428981	9.86939658743127	13.8851547344637	11.8110084666806	15.980539853209	17.2778175994539	13.6209576021659	11.4717093320917	7.56786713678299	5.31089578131599	4.52263208762331	3.60026637903364	5.79165900239301	3.82333074687503	8.26218730119331	8.66774215121793	12.4380373451763	15.3462993584773	9.71487050865836	15.2773670833688	17.4664957561613	14.3313255144107	14.2120347241343	12.5816877246258	9.91952241793928	8.32956199328632	7.19287265284184	4.94934389591186	2.95159787233965	4.21741733766057	2.5999194218283	3.61628939660531	3.41309375786837	2.83169154393624	3.26425458565964	5.80552400735712	7.88961063678049	11.1303592484699	13.439090184979	17.3970972578761	20.6863034397159	23.3299028073415	24.9073244046806	24.4574102267595	25.4122942883951	23.941769483478	20.6513251875031	21.6569126608573	23.1883614556958	19.5942783995737	17.090320125732	20.3055120102892	21.0233294461177	16.8508962669646	13.6219639186132	15.5641632926412	15.8091139852934	12.1181409877918	10.7560497395652	13.5282573526674	13.0491065594546	9.35117800065852	7.37573399737274	11.3781059935299	10.4998711420665	6.35407436217109	7.90405902052863	10.1571488125359	9.89519661249841	13.6321500505239	13.1263385984059	17.8187526499472	16.4546822819525	21.1610789422468	23.249635588542	24.9511350844005	26.6280461731611	25.0327806086339	31.203734167564	31.8377060417361	35.2829836323404	34.8330109091936	30.5040640079318	33.1212356200671	36.6099590412226	34.7805601306247	30.6643057968055	36.4579611196238	38.3860458630477	35.8787265381591	36.4186144299862	31.4889837403496	30.4903546388034	28.8987482946926	25.0311443605761	26.0105060504405	24.7884699205094	26.3549485486123	24.19247079155	21.2142207728684	22.4794094895751	23.4294524690612	20.4119209777032	18.8893345833039	20.9614668618396	21.135900950752	16.4643018072434	15.8214434550075	15.0735599975586	12.1624374201884	14.5017392749973	16.8018650452859	14.805156736759	18.9706358617733	17.2227262359941	20.7971579789163	19.32589110494	22.3630846933065	23.9418083068092	20.5676095840037	20.5350202337373	17.0552089990126	14.687481199988	14.6169494423426	14.1773713360411	11.33108776773	9.29878018882046	11.6822774320763	10.4681800710534	6.91822932548495	8.19042404274651	9.93813463382339	7.92847911014464	5.13803746580346	7.9953980513793	10.1913022720357	12.5244708071838	10.7691372449236	14.1981814680613	13.770207478466	13.4984732099597
8	18.852817110448	15.1742334567516	17.2602629470121	16.8328608679571	13.7027418424197	10.3240814603528	7.86832949233826	4.29898988135585	1.32538032277531	0	1.34040665471341	3.52949103979597	7.14014215544761	10.6959994857891	13.8670855265265	15.6267186894754	15.9808244468175	12.5293489455757	10.833934926886	8.37443287632064	10.1640923352752	11.4203499946368	7.48359278689053	4.63975721347572	10.1373892102454	11.7810231304416	6.74287616674072	10.4555558914866	13.1259776397798	14.682614583241	15.8998826096295	16.60217485753	16.243051991544	8.00945897049233	8.19545447183986	7.16550102923724	6.96021917758342	8.98124384481348	8.53494868174378	11.3822139322717	7.93101443700615	13.6799880482404	11.4743724011381	16.0809059446289	18.4001101627137	15.2909601072006	13.9061253050589	9.47975680067796	7.39848376358292	4.10981812249643	2.84916022715466	3.60580656719131	2.85434037914191	5.61868000512576	7.94719390728577	10.5236948359405	13.9526660534824	10.5019679108251	13.683712982959	17.4723264907682	16.3739203002824	17.168826459604	16.6196934087245	13.3799108367732	10.862389516124	11.723645593415	10.3560796636565	6.63588976701693	8.19242949313572	8.03458082291789	6.40191369826242	4.96522678233331	5.00327542715769	3.35335443996009	5.47110793167161	4.19356089737588	7.93203990156379	8.31124882313121	12.8837722348697	15.7298374435339	18.1156765537476	19.4809382730915	19.9426766759129	21.5907151108989	20.4153531686327	17.0246498348718	18.265344781854	20.3882760428635	17.6456592679333	14.1347359366916	18.5402448743268	20.0863926328248	16.3941983335569	12.8371539680725	15.0572814611403	16.3719776752841	12.7166322979003	10.0428064304755	13.7253915426847	15.1349375287776	12.1650826959787	8.76416898513487	13.2442734417559	12.4091887325482	7.68516089616867	8.25308754345912	9.72013652167499	6.84554519377383	10.8010037496522	8.61368608668786	13.2487654519204	10.8867009695316	15.466032296617	17.6333435853782	19.1744810881546	20.910464413781	20.3078619751071	25.611459368806	26.081820507779	29.5473796638551	29.1818816391267	24.8470100414517	27.9533793484795	31.0995257037788	29.3933503024068	25.5545123217016	31.376411920422	33.2383040933198	31.3443544837025	32.0957430666436	27.3406553140191	25.7963146592687	24.0988529810031	20.8314297637008	21.9896322388529	20.7931714512241	23.0698875159806	21.1975020698195	18.178175100928	19.2065560942091	21.2921076927579	18.5150112341311	16.5035231390149	19.2058194826464	20.2478574422085	14.9237640694297	15.6774075981968	13.8949178119196	10.6115742941375	12.1379482203542	13.5743621581274	10.0489001885778	13.9253542145254	11.6373865193178	15.1169332207297	13.573284274633	16.6403905002256	18.30532580972	14.8359234967022	14.7194826675396	11.267781236783	8.95341398573751	9.31080130815817	9.09801401405823	6.0892210503479	3.84438629692699	7.30845031453317	7.30764982740689	3.65213485512241	5.34418543839938	8.11133903865447	8.19638755794283	6.12170801329172	9.37116556251142	11.7026376514015	14.3394420044854	12.9500486871672	16.4001786880509	15.9804903554303	15.6019592679894
9	22.2963599271271	18.5908737825848	20.6386154089852	20.3514292864162	17.190532423401	13.8371683880771	11.3024700840126	7.76148561810173	3.64433190036254	1.34040665471341	0	1.33573163472308	3.93164456684476	7.44985879060804	11.0142909894373	12.9856472691969	14.2453218636856	10.7577094216195	11.1198538209816	7.39729991280602	10.0953639855134	12.389032165589	8.76828067525213	6.91019261670758	12.197230382345	14.2308045099355	10.7897034713657	13.3643525843941	16.1908282678806	17.8247029989282	18.1978601489296	17.862754854725	17.7478620966019	9.45936012635105	9.15908510714908	7.80988386597393	9.19888574774141	11.2819869260694	11.4736600089074	14.2635567093204	12.1560059229995	17.6808950282501	15.5080929839874	19.8869932619288	22.216151691956	18.6594985195208	17.3112449870019	12.7731076093486	10.8736458007423	7.27953721056497	5.22713927497632	5.75562768080077	3.52936750707545	5.53113460331603	3.8006487604092	7.94768242948849	11.1560382304831	7.09592312528821	10.6961309359974	13.1860247231681	11.942929665706	12.5439785156066	12.6044702387685	9.64178660830035	6.64055276313652	8.11228876458426	7.5834970165485	3.50271723095085	4.24077563660234	6.17025404663374	6.85396826663211	3.3351098932419	6.12819989882836	3.11586585077086	3.35320533221573	2.97550079818507	5.29172070313617	7.19954720798468	10.8960123898608	14.1248678223904	17.0508639077321	18.3981154741457	17.7659414048341	18.8482549324865	17.3203663933532	14.027291007176	15.7059436201713	17.001900423188	13.7875255938112	10.846033975606	14.7771605188548	16.2109273639727	12.4522033391685	8.43308520056568	11.3484584415682	12.8492188867651	8.05405003709314	6.85461027338535	11.073543154745	12.2434057761719	9.18577715819407	6.36596410608794	11.426215734004	12.3535763647617	7.44624375104656	7.37113790401455	8.00514490812002	7.28078306228114	9.51617076349515	8.42563338865393	12.4412232919436	10.4679830435476	15.6164654771814	17.9372393918351	19.9311430179004	20.6822573477848	19.7261120345597	25.6691842098653	26.0928966579029	29.4842209664763	28.604174817673	24.2735316548705	27.2727766463189	30.1705971767216	28.1505872940512	24.0917093831052	29.834745415371	31.6652595441755	29.0808321923565	29.9249672681525	24.8215393156831	24.1273665989473	22.7602470548982	19.0684471575427	20.6360094495036	20.080665676217	21.6512658752323	19.0048951062614	16.4574393512478	18.233783836604	19.1312186229733	15.5883788124359	15.0841899351606	17.4424324565125	17.5481505008363	12.0082313019029	14.0660357599432	12.3494665876709	11.6963542183024	11.9509007610305	13.8205341792566	12.510271339983	14.918725548786	12.7919364054079	16.5316881775577	15.1159983130457	18.2412021807774	20.4762269229465	18.0886923242118	17.0879499648144	14.4408310702674	13.0204443088552	14.2616125666069	13.2061543607517	9.30789218889003	7.81730343532858	12.3560940430218	11.3547249196095	7.86157306141716	9.62042244394704	11.9642944213188	10.354285441304	8.38721133631435	11.5796623871337	13.606519062567	16.0050878160665	13.8997548539534	17.39288843177	16.0584136825528	15.0306719410677
10	25.1021286149203	21.5135319973267	23.5675064866863	23.475806631509	19.3475126308267	16.9422928200406	14.6401993497356	10.9494999429198	7.77647278655303	3.52949103979597	1.33573163472308	0	1.33101690447567	4.62520950876822	7.94411511749421	9.36837280428144	10.2334693041998	6.69213097600458	6.28990588164879	3.64581211803351	5.89303936861107	8.12458854342791	5.11675883738915	3.91834888696757	8.61672577026796	10.5227111050337	8.54882453908138	10.3269950130713	12.9541228186242	14.3797227720148	14.4871286319961	13.2895448379544	13.7372651572283	7.36382332759281	8.76832629411109	8.57609316647155	9.6830658884467	11.816654433468	11.5341788177572	14.7880759397563	12.597496179797	18.4892815706831	16.8997017133439	21.5560294117446	23.8380950161711	20.5710700013393	19.6042913924477	15.3280725468012	13.7585502870033	9.00350803853698	7.58740021351187	6.19921495029814	2.91336678089114	4.24100235793379	2.79820174397773	5.16242598009889	8.51588779869721	7.17253630175547	7.29852868734514	11.357327590591	11.9054890281752	13.1482435709109	14.0903722449054	11.1130795461924	7.36349665580151	10.1037594488388	10.6817712950615	7.06043638877938	6.672921249348	10.8379583409423	11.1968001232495	7.14254086442633	9.51678774587307	5.8165105518687	5.61586475976764	3.3564032832781	5.58046360081311	3.75205023953571	8.01572423427852	10.46722360514	13.2013832987305	13.9972433000216	14.5543477009449	16.4593351931358	14.9910059368943	11.9254899270428	13.516158440918	15.3174141747228	12.20157436563	9.64211460209844	13.9839929204788	15.0457952265741	11.0464945570982	7.05364756703934	11.0223094676207	13.359863098101	8.39873835763444	7.56239049507495	12.3004311306555	14.2097572463431	12.0449439185079	9.21986686454853	14.0378890150905	14.5990337351484	9.83381538366467	9.62822543358848	9.82776241064059	8.04575366264715	9.72418274200973	7.1763903879318	10.0106346452161	6.01077282884655	11.2580987293592	13.8572733970287	15.4084021559667	15.966206750509	16.9002328090473	21.541940743582	21.4724664861771	24.9315565699376	23.9826398880524	19.7005836461766	23.3835861663689	25.8644995892053	23.7824381845092	20.2087997664384	25.9603426210056	27.5048903833482	25.692290555729	26.844633690926	21.9406912607602	20.8247545483734	19.4347569833018	16.4900601878829	18.482171219854	18.6068035675126	20.5457060720726	17.9339566465407	15.8015065420991	17.3131272738347	19.0915575320611	15.2761014987463	15.5817704706493	18.3265540950829	18.3659033265451	12.6243632710723	15.9263084862752	13.6488917132491	13.6957178709259	12.8637423015233	13.5837206243356	11.42200849238	12.7304210849445	9.37580300560971	12.7619451887242	10.7242264989136	13.7981301631779	16.1929760698891	14.8143869937301	13.8940242190663	12.1345743229831	10.0494332676027	12.2922670407049	12.094766678196	7.43456326894862	5.19677409553273	11.3435030744475	11.7425473386314	8.13592656063217	10.7115607639597	13.5047397975674	12.4446971839414	11.4417214176889	14.6045649712684	16.575063981777	18.9215953608569	16.8453622697762	20.324523782859	19.1173751859401	18.6440618160314
11	28.5200941267731	24.9024929073376	26.7923019354441	26.7653432819383	23.2268319406672	20.1717641766901	17.6218280833743	14.1877893274463	9.54401063494798	7.14014215544761	3.93164456684476	1.33101690447567	0	1.3262552544665	4.80263292372008	7.48640708217233	9.35142737767877	5.05813592146356	7.90860151986431	3.6069171046754	8.56728772716313	10.9914159688368	7.97061308808802	7.633934961735	12.5072973099707	14.4888049886801	13.166795737764	14.7474465925461	17.4360142521162	18.772837345484	18.1612563717382	15.5519389144891	16.6423635641095	10.6594781298148	11.110550346405	11.1245598564617	13.3220886125262	15.7359134784098	16.0612444100698	19.1816292582252	16.8170434083997	22.67249840666	20.5314647553456	24.7023155594774	27.4263429753221	24.2762286197836	23.2664179881648	18.7214106573196	17.0966671020992	12.9616255153434	11.0255379007103	9.55859377732938	5.78626148735087	6.28257590483394	3.60141499969109	6.80447125058222	9.59020635857227	8.12816553719226	6.94924492301142	10.93230282237	11.1907907227327	11.4932166080693	12.9287526080438	10.5798534488905	6.31504528883206	8.51402953953062	9.95802053623108	6.99306041729942	3.63319047119746	10.2192096563286	11.9558665516139	7.73044849927868	10.8334873886482	7.62940633339187	3.96890022550328	2.87480329761881	3.60933858206735	2.84155960697642	5.5944055090778	8.53301048868452	11.8515482110988	12.8167275854642	11.7991701826866	13.0288188643484	11.4249804813838	8.22559237988365	10.0542103121031	11.7805321611547	8.45286590453203	6.08904048270333	9.90581551413108	11.0121389838668	7.77726031453236	4.0952101289189	6.60353064655568	9.02119299206042	5.67935154749202	4.15483585716693	8.63822719080715	10.8018373437115	8.95711393251196	7.26401947959943	11.6994128912523	13.4764132839565	9.58794456596407	9.17708679265921	6.98845118749498	7.08601220715855	7.70945477968449	6.97526214561145	9.14813784329904	6.53972858764032	11.4463770250678	14.1674022318843	16.2939352214252	15.7784589234817	15.740819387821	21.2459038169714	21.3025156026231	24.575016520849	23.1811818939415	18.7815472206099	22.2461242916603	24.5455718409655	22.2831885958899	18.2890995404366	23.9269149076934	25.6380215500338	22.9443980526838	24.0988161742439	18.8207196727437	18.5420778770881	17.512971563958	13.9700840727606	16.4414228398883	16.7735974972574	18.2177133856036	15.1167697938415	13.3819094676358	15.1814716677929	16.2013299762705	11.8993190561477	13.1408893915138	15.3046122459865	14.5233098844582	9.04871510215677	13.1256122142931	11.2818495380855	12.436165244962	11.84805308901	11.9566515797693	11.1248867859408	13.0275202935939	10.9350680839216	14.2378504346689	13.2229059589789	15.9621202225769	18.2993088940539	17.5514445274456	15.7193948038721	14.4457429369347	13.9204161575723	15.9921477606981	14.9355642009266	10.1967378116729	9.62428033673168	14.8714209475759	14.0544152137327	10.8119273952427	13.633159465069	16.1468001164317	13.7200745624796	13.8774753827921	16.8354049550345	16.8975908933789	19.5811272913487	16.7996094597464	20.1896632215597	18.1849897992823	17.4701678297605
