1	2	3	4	5	6	7	8	9	10	11	12	13	14	15	16	17	18	19	20	21	22	23	24	25	26	27	28	29	30	31	32	33	34	35	36	37	38	39	40	41	42	43	44	45	46	47	48	49	50	51	52	53	54	55	56	57	58	59	60	61	62	63	64	65	66	67	68	69	70	71	72	73	74	75	76	77	78	79	80	81	82	83	84	85	86	87	88	89	90	91	92	93	94	95	96	97	98	99	100	101	102	103	104	105	106	107	108	109	110	111	112	113	114	115	116	117	118	119	120	121	122	123	124	125	126	127	128	129	130	131	132	133
1	0	1.30753087917647	2.58369231914328	5.41649969999076	7.51511210827889	8.49755782563437	9.70966549372325	15.8293588309824	13.4971412528728	18.8341616484515	17.6913169945033	22.565005672501	19.8729093491617	23.8233449582547	25.6074355607898	20.7203506968391	24.3388929288084	28.3480933044887	30.1699859297282	29.6830637906534	32.0250932395208	34.3604661784441	33.989646129373	33.0637475341196	37.8576362442242	40.2767250158202	43.0577642940272	47.1087085261313	49.3908506304558	51.6438336396515	48.2437378008794	47.260648271051	44.2963412597474	43.3086386417306	40.1022952709692	40.3429711597944	39.5635782759851	35.6856546247929	35.2846606048577	28.606830128485	33.2966588564078	31.6520544988789	34.490400780507	38.8432276980171	40.0462712496432	34.5379770397746	39.9575786053159	42.6251279294268	42.1944482011556	40.7922718293551	45.8145599127614	49.1669919864944	48.2265285294308	45.1716792470681	46.1096241906177	44.3686745914277	45.2827488896158	40.3657570968265	40.1669714317622	43.4765238375839	39.9743221831215	40.1060255946659	45.4422070766815	45.2242430008508	39.6647658382096	43.6996124124688	41.6110234072655	45.9778268516466	47.7269459006126	46.4056702785338	47.9912249687378	51.8570139325434	51.5599555954037	53.9583882079515	51.6407383855034	50.6452454826709	49.2992072350053	49.0745049287306	46.6877354023517	48.3955361991165	49.6571596449092	49.3803196121694	51.0038352283434	48.1148617165216	49.2819238260846	53.9690252737624	53.38831716771	50.6887193071595	48.7789717603805	53.4786394086461	57.3466956851046	56.989080024159	55.4992240936754	52.114341097245	48.606148777701	42.4078099528849	43.5464762753544	39.1562035314968	39.4359993153464	36.2538795027511	36.4646077998928	36.4648771696821	32.9809178313764	39.1001424677711	41.6832901772401	42.1596562960373	45.2054135696158	47.8034645083387	46.323790065149	44.2555696946723	49.8203326865648	52.3955445529484	49.5968271767459	51.0251226064181	54.1854459241594	56.2949132337905	53.1896750225079	52.9026845443594	49.5057622706691	48.4701090982886	45.4955131194275	43.3069188121252	39.5908054729883	37.915921576562	34.155733662154	33.3963396946432	30.5300346871732	32.8817076655091	35.4245089874228	37.6517199607136	37.2507682336888	36.3402749164065	41.0196451593624
2	1.30753087917647	0	1.30739167811333	3.34504813119333	5.45785434030627	5.78322133417008	6.70632403034628	13.5129264410046	11.59444392802	17.1186698373443	15.9744695373587	21.5199881737886	19.2199682622006	23.3393259114311	25.3729289007004	21.5642586703091	25.0582545681059	28.6133360690431	30.4732882702212	30.8898205401067	32.8887156787856	34.7873321196093	34.8558361397342	34.9528407000061	39.0494058469524	41.5206107493616	43.9583468865698	48.2399610903657	50.3403136362896	52.4242866808887	48.6616488212227	47.4919067420966	44.5281067641552	43.0200562296239	39.2590246949666	39.6514594687257	38.5868737785273	34.5891542828095	33.9209363078321	27.3036845132667	32.1262699515521	30.8590854206666	34.2122502767649	38.310811333095	39.4176300911153	34.6323274557169	39.9286297911661	42.6032541245384	42.5524777891958	41.3871903371079	46.3175983941309	49.4746360067459	48.0422567017829	44.6301221486117	45.2816752009022	43.214139040365	44.1718946163734	39.068848024993	38.6512515968112	41.9692849951009	38.4500611963102	39.0530468593681	44.2948928207305	43.8587512476131	38.3298310066716	42.5986170432797	40.8034985754898	45.1953412090229	47.176149758114	46.6318482799042	47.9760264611399	51.7970581693594	50.6931973542802	53.5682548997072	51.41687215302	50.1102514561641	48.4070781291331	48.0324459089895	45.4095178899754	47.0443852335218	48.1342703902324	47.9373867560592	49.6525043678564	46.9498027258901	48.381381646249	53.0976596565235	52.2380176116973	49.8973268522473	48.2140875056243	53.0167225128072	57.0468009532524	57.1121416600708	55.782424346742	52.509303794661	49.0468554139814	43.071725598123	43.557781038524	39.2769001577263	39.0017619089189	35.7198712343704	35.7872896989979	35.5298535459971	32.3853369443642	38.1354916187008	40.8092113866465	41.4738444926438	44.6433513302933	47.1799752119477	45.4846895779228	43.9324669350584	49.3876402048124	51.900250201709	49.1945804941967	50.9479196925645	53.9359697140971	56.0258316939606	52.9912515987309	53.2540481465963	49.701610144944	49.3156806806922	45.9703880449143	43.8120927598762	40.4138446946093	38.0890871773005	34.2551403003987	33.3355877254324	30.0067531399184	32.7544970500235	35.3741049215383	37.6142886945905	38.0814380637076	37.1866032597762	41.2060238921447
3	2.58369231914328	1.30739167811333	0	1.30586408174817	4.21934189181204	6.08623931504505	5.29022088385731	12.2914683825815	9.70552677601788	15.1145041929929	13.9392549657433	19.1101562787958	16.7659508528446	20.7996111982893	22.7837224570525	18.658644859689	22.1593914627636	25.6086960425555	27.7229938138001	27.9187668244856	29.8862670971133	32.0433619334801	32.057507716602	31.9402742317595	36.0953018133939	38.5692166500695	41.0782005569864	45.3260778581161	47.4826479990322	49.6052032553038	45.9226938016489	44.7983206604891	41.8430600697415	40.3275478054394	36.8922896822629	36.8949031168263	35.9824146771725	32.1213333160378	31.8102248027266	25.163396074457	29.7515636059687	28.3929441411066	31.6660639960195	35.890037684572	36.9799175769768	32.1130365583823	37.3627346563391	40.0401302445434	39.9421934049696	38.6235589763553	43.5954791348828	46.8172637389243	45.5056953028959	42.233383134672	42.9615318744572	41.0062903589193	41.864970082397	36.766328617364	36.5128153666627	39.7761300405155	36.1817759376181	36.7642508287603	41.9207357521311	41.4129660975883	35.9178845006217	40.1487401545802	38.2757037035245	42.6806302788513	44.6791125023763	44.134898674405	45.5035585751268	49.3048807016101	48.213377873781	51.1103107895071	48.9646681802297	47.7218740725886	46.013062764828	45.7534014691804	43.1597916700255	44.8960057243403	45.9668206644749	45.8434726760528	47.3601715579663	44.5628363325316	45.6384389960919	50.3916474527277	49.953478017051	47.3986829880325	45.330464899447	50.3114179088604	54.2719302494393	54.3275951335967	53.0981309840563	49.6903518703581	46.1380336598776	40.1437484298614	40.5597552384134	36.4127729512598	36.0429661099083	32.7683513927692	32.7360933832979	32.609398967169	29.3198281543395	35.2053657700073	37.8040072743618	38.4492903575606	41.4337755339771	44.038093158083	42.660301077231	40.6862886609236	46.1885395417521	48.7675503280614	46.1045693613984	47.648301512226	50.6990260557341	52.8600361426286	50.0279174261732	50.1976321154694	46.6265998438659	46.1091009346311	42.933866667236	40.5658068081975	37.2738117315629	34.7704010905828	31.1113027210369	29.9126730500636	26.8986308573503	29.2250008896493	31.7607105241681	34.026847899857	34.3435373105334	33.1167636401868	37.4936380336718
4	5.41649969999076	3.34504813119333	1.30586408174817	0	1.30616882522896	3.73635142886747	3.00211092399998	8.66038249732655	5.29879325884677	11.164147302862	9.64398781625112	15.6715498595385	13.8340005782854	17.9890620655998	20.0879073325222	17.3478958954681	20.6473279142847	23.6890851870645	25.467771751765	26.6202605734805	28.2792788274383	29.7167587061577	30.179393979999	31.3816094233549	34.5933438828917	37.0476268740658	39.1932168748624	43.5828796891623	45.5078854815295	47.4497131498179	43.4741561160191	42.2058102398236	39.1994088475834	37.4951999327914	33.357345997546	33.9611742140934	32.6831019947618	28.5919805889693	27.6677338428719	21.1126310061063	26.0683989727026	25.1062494411252	28.7149025594725	32.5951116120194	33.6844469451407	29.4341033666732	34.5023136760421	37.1536149788954	37.4006390587113	36.3760924234586	41.1850656063578	44.1803447700445	42.4535878931334	38.856811024581	39.3646021826717	37.0500992306363	38.0522259795666	32.922087570505	32.3018263570344	35.6147975285555	32.1109559807864	32.9889240958234	38.1983712479996	37.7694413117271	32.1985027757503	36.64121168848	35.178852283723	39.4950103557399	41.5192727537465	41.5822308324121	42.5427254768662	46.3893945099524	44.837524039581	47.8907336861736	45.7933052530607	44.3078569669083	42.4546476725458	41.9428114937471	39.1665851843124	40.7604166072919	41.7672322999741	41.6559107570582	43.4734348539427	40.8401020566795	42.553110603104	47.2317811330464	46.0815446355697	44.0059081828793	42.6216674239758	47.3537991506489	51.4650050714075	51.7374677095816	50.4446306161518	47.279425980018	43.8938323002219	38.2019999738234	38.3408965596789	34.0865671196147	33.6046517018106	30.1078892817149	30.4024734520072	30.033403553377	27.0633041035273	32.4846989981437	35.4105468187092	36.00473075861	39.4090122433943	41.8567539233515	39.7512675269607	38.8093470571201	44.134460243669	46.5345907793332	43.8381272638328	45.9238469751827	48.7729482500289	50.7617807114762	47.5855194991081	48.1336154054524	44.5764688933522	44.6652765019987	41.005279233289	39.0304840477286	35.4119521489567	33.3161574915235	29.3245312494505	28.7023748320588	24.7788025134388	28.2795944985072	31.1629739755371	33.2718712127827	34.0413384431341	33.9073467850258	37.2075215648664
5	7.51511210827889	5.45785434030627	4.21934189181204	1.30616882522896	0	1.30513217721425	3.47941388742414	6.73287174985533	4.20607429796479	8.92552765947202	8.1323842752295	13.1489788957166	11.2460156944582	15.4179044944506	17.5628394629115	14.6310102522006	17.817073693511	20.5679078663825	22.8201987940509	23.8445926364868	25.2922670000141	27.1133784873815	27.6727558078338	28.5647984939506	31.8359889747437	34.3232591109877	36.4938577297605	40.9041738823803	42.8943806342975	44.8578097882632	40.9093885190185	39.6549287352783	36.7217412577345	34.8727806318911	31.1259690451558	31.1234386435689	29.9806683881464	26.0569232834577	25.817493855911	19.1907535287179	24.1894748599468	23.2066660681796	26.2693942450145	30.3212821628638	31.645098119614	27.2168626773918	32.1440811659005	34.8048894409966	35.0957513240563	33.8406724667226	38.7054496163008	41.7646146995276	40.0866018265455	36.6350697829279	37.1585220104352	35.0852988871408	35.8309297814053	30.605524354273	30.6499986460032	33.9776894152619	30.5246854365446	30.9638187567361	36.3344583694322	36.2181344356663	30.5485183928779	34.8385876148847	33.5063912858428	37.758087478049	39.6311307560105	39.5985254523448	40.3764260676945	44.3667293137549	43.0290122243121	45.8587141773513	43.5947328125773	42.1086546211109	40.4667327319615	39.9296207970975	37.3340662398298	38.964182539866	40.1466787293793	39.6573492558441	41.17701034558	38.4675862122905	39.6795785385883	44.4539047103851	43.9039946360237	41.6071719538831	39.6477252941452	44.7037785539433	48.7374287996402	49.0521091901256	47.9519262699633	44.6275168253848	41.0975842964036	35.3430635203006	35.2797962862599	31.2446876924702	30.5101522939496	27.1160619190914	26.9911053682505	26.7145985932785	23.6387159972787	29.3740956286317	31.9980785829399	32.682659959067	35.8474026534699	38.3701185038566	36.7475980303475	35.2632884739923	40.6504099364324	43.155192109409	40.5680319586741	42.3775617042793	45.3123975309186	47.4192418539141	44.5711531262093	45.0431534087035	41.4368822910218	41.404663964341	37.9571224673315	35.6672795290025	32.199857794717	29.738037611786	26.003734808677	24.8718370853462	21.2222284645133	24.1841986842649	26.9615042236148	29.1527364238762	29.9535106790506	29.5309461243625	32.9614418980724
6	8.49755782563437	5.78322133417008	6.08623931504505	3.73635142886747	1.30513217721425	0	1.30454014886472	4.70844836437653	6.40256862516912	10.215301366088	10.6943619725536	16.2896092034155	15.1870264041385	19.3513545003961	21.761096617588	19.3821694090213	21.9436897763343	24.4070327160022	26.9289604886635	28.2300368047936	29.2874543789657	31.1636494172297	32.3509106826995	32.9939119384168	35.884213534645	38.613878929732	40.5356318070904	45.1274312253645	47.1240478100089	48.8466767344514	44.7947680985179	43.3801341284234	40.3824100940001	38.3554730514434	34.2945814233094	34.2270236070857	32.4910810685025	28.5056040279802	28.0598094968587	21.9717245795591	27.7980229872558	27.2397351492264	30.1016672295738	34.0983450331537	35.690399787618	31.7862676324227	36.2738920712956	38.8954733741601	39.5819427138184	38.1374922484423	42.9455642179725	45.9079596039728	43.8288476462706	40.3456048163861	40.3854403219774	37.8140828528209	38.2452521628502	32.5206325430487	32.4850356164188	36.1323853903946	33.1055408202313	34.2723612550988	39.7697098430451	39.7307155988915	34.022680876145	38.6055144377069	37.7062052585513	41.8664072019561	43.7835709941526	44.1480004077195	44.6670400631159	48.7355536338719	46.9170057122148	49.9141071241388	47.5934948180946	45.76664940762	44.1127069901633	43.0701399231533	40.0157550722212	41.0410683462309	42.0471447187559	41.2720628270505	42.7571185535228	40.5865889303351	41.9966882861018	46.8868612086584	46.1704172062588	44.6295141582339	42.7263221094444	48.0132498483492	52.1017806989358	52.6233307763771	51.7563017225922	48.3423248716898	44.8131462965947	39.2168678122055	38.8677137737737	34.9483378288582	33.9076613614092	30.0418191526412	29.5810485446341	28.599233206504	26.392626906013	30.8048013140809	33.724960177886	35.1816112194993	38.2271973730746	40.6331955917818	39.1376202776817	38.3291308797891	43.4045049044451	45.8516480619836	43.6835411682707	45.6465920086045	48.4305280788884	50.5621213953687	47.9803746650649	48.6704065629208	45.0429631796133	45.2517492921544	41.7236144886801	39.4090942169444	35.8315122762074	33.3533995418758	29.7133623476038	28.347160316335	24.0468702953212	26.3375750592191	29.7487836053846	32.0872942299596	33.4431488350006	32.8637355910736	35.9582004277188
7	9.70966549372325	6.70632403034628	5.29022088385731	3.00211092399998	3.47941388742414	1.30454014886472	0	1.30600957117473	3.77354011506437	7.29860541473507	8.14326353497171	13.9580821032117	13.901414172666	17.9442971999463	20.2067944266279	18.6382219109013	21.2056138086121	22.550788145872	25.603705845053	27.1804984501756	27.7841328819166	29.3486653359229	30.8550454383072	32.5129040997571	34.146641533246	37.4745261477714	38.9381255583779	43.7173600415213	45.6145232354784	46.8768838981432	42.7816522471959	41.1771176868901	37.9717376610552	35.7440718581417	31.508409337826	31.1135359128467	29.2456302889851	25.3286507536426	25.0108771137679	19.1801369651001	25.1210214959504	24.6405202055476	28.1885656605653	31.7765736667753	33.189511686676	29.6854258012244	34.2888414648264	36.8816203819735	37.5642288620437	36.5433246982263	41.202664246381	44.0121245113207	41.5595664799334	38.0654832229935	37.5689354387371	34.8210877630208	35.1106483705442	29.2576751126948	29.2754997907807	33.0288435916246	30.1632172355669	31.5843481015518	37.0297229533249	36.6265899177087	31.0432237533411	35.7782161936562	34.8162713684277	38.9985344724645	41.0809049802947	41.6947223758595	42.357319214039	46.2368655836444	44.0795198022846	47.3637911172659	45.2920980083723	43.3563739374039	41.5095187758182	40.1669098388213	37.0057490263337	37.8724636642508	38.7947247187037	37.957841679948	39.3970388861904	37.3127143343928	38.613198533662	43.5408639555992	42.9845129668815	41.574350409838	39.5256030061529	44.9856175349411	49.0848416519805	49.9913113850797	49.2892001152382	46.0095359028973	42.4678117284138	37.2675617796496	36.1921205513023	32.6786220792738	30.9481153384176	26.8608736641234	26.2319976174137	25.0981210850534	23.0323824429867	27.2428655247571	30.1730988962022	31.7873419146679	34.7831352957148	37.1577694432806	35.7515692103158	35.0704624434865	40.0379282431047	42.4687348999237	40.4392456532018	42.430299480442	45.1578883695861	47.2992247082339	44.9191390055509	45.9628643472097	42.3056809896732	43.0022812185586	39.3887408024171	36.945043659468	33.2226988668892	30.6868147092526	27.339712617363	25.5371442804398	20.8089686673799	22.9244785764039	26.6058537919759	28.9290430709348	30.5496486068171	30.2659573448454	32.8835527581799
8	15.8293588309824	13.5129264410046	12.2914683825815	8.66038249732655	6.73287174985533	4.70844836437653	1.30600957117473	0	1.30496666624094	4.42342559562157	6.39736844335231	11.435428151145	12.6363495915553	16.0617446437179	18.5767611278177	18.3552950943318	19.9227664996606	20.6971798562026	23.5490066244842	25.4906519924462	26.0287190618363	27.0182327327307	29.5856113169899	31.1383412210734	31.9001329934532	35.5511942696726	36.7139785504105	41.4864674080597	43.1433911856729	44.1338056482783	39.983741795885	38.2984886124766	34.725956747079	32.6634237335892	27.9480649419598	27.8490623540542	25.6183120052825	21.6123302769507	20.9797624867395	15.5603157422978	21.6582508296492	22.4732428011624	25.3619763228341	28.235903173088	30.511329502334	28.2805658536034	31.6463002102931	34.0765248521618	35.6437688523534	34.2571117579985	38.6276223575824	41.14871694233	38.2624365533613	34.5712268367786	33.880226696408	30.8255698244169	31.0903077823299	25.1558031078318	24.9781568175076	28.7988183958995	26.0734876838523	27.8408886891205	33.298207729546	33.4318637679684	27.8548844011243	32.7972545497333	33.0351820034339	36.7674160228864	38.6670322626395	39.6514215886392	39.9243162621478	44.0431336873297	41.1476983560442	44.4434254642911	42.1584892518695	39.7467058635052	37.9357274742425	36.2426059493519	32.9151298493565	33.648588469652	34.4852605325812	33.639902690109	35.154101183219	33.2570664070059	34.9809630799382	39.8404891912737	38.8457940323016	37.8814562154097	36.2759849762898	41.5893675114205	45.7619565250438	46.9096480801125	46.4848805634692	43.1505096493657	39.7510918592182	34.9879631873592	33.5161842846109	30.0028256169315	28.1267091214027	23.7002445767971	23.4067092518363	21.994466781443	20.22242848918	23.7879129181187	27.1125143430114	28.7344532051682	31.989630663701	34.2086312646385	32.2800641573092	32.4894333130019	37.2008093863561	39.4613466191918	37.4919173422753	39.8839392613117	42.4057967381819	44.4037212517149	41.8700267016872	43.256897230384	39.6440682700451	40.8866513791482	36.9642037246848	34.7193986555067	30.7927635167745	28.6786835297578	25.0067245756017	23.7306632439972	18.4274621692733	21.1958954753037	25.2980612695914	27.445153779857	29.1119058462341	29.4363290849929	31.6472569743414
9	13.4971412528728	11.59444392802	9.70552677601788	5.29879325884677	4.20607429796479	6.40256862516912	3.77354011506437	1.30496666624094	0	1.30578099235668	3.36699420848923	8.0939356310759	8.9594066767839	12.5075246951585	15.1148982795122	14.6267328204217	16.0763342214573	17.1372119377686	20.0326728621021	21.8536472928434	22.4048918542358	23.7283410924573	26.0580079438164	27.3687780691795	28.5838998563877	31.9819735632434	33.3703492489965	38.1355199518769	39.9151947508715	41.1092153902261	36.9794009010422	35.3740020495278	32.0260001092862	29.9423931074321	25.5318456246312	25.4725201933378	23.6604494674129	19.6214579223869	19.204333599477	13.2053856058807	19.4033488346728	19.7544303385342	22.2868206794958	25.7277584526907	27.9824226435096	25.1995273765204	28.6624618970527	31.1618726812109	32.5730331562782	31.005231961719	35.5281175690466	38.2087566534165	35.5690448002192	32.0180413204806	31.5864099574485	28.9423938194476	29.337406378206	23.6980673684585	23.7867486849296	27.446907476071	24.5677058554518	25.610526624808	31.2718389769454	31.6295184914345	25.9264460734594	30.6299765752441	30.3349057522848	34.4572665776031	36.2537101411704	36.9942929247202	37.164865047515	41.4122318886582	38.9982796928275	42.0062493445916	39.5614941451912	37.3161688815988	35.7217770554602	34.2381423123393	31.2227692237572	32.2205741879315	33.2960361154297	32.5504399663046	34.0774506235428	31.743357935165	33.2917213282822	38.1172012613728	37.2882575752743	35.738681928689	34.0303869651816	39.2393274789464	43.3857760331655	44.2526214816704	43.6606079893535	40.2794741773028	36.8250491242035	31.7487986859346	30.6999956026055	27.0658862962217	25.4682078089527	21.3544580357358	21.2861502625533	20.408522974483	18.1165120539247	22.625742286166	25.733036762108	26.7922852702042	30.1624483256913	32.4985185200803	30.494792817791	30.1677521535828	35.1608675660883	37.4917719239835	35.2107736495522	37.4975308520441	40.152559395386	42.1570093104338	39.4116241101531	40.5135998523952	36.8925488683013	37.7103243290216	33.9483464398489	31.6849055703185	27.8739440158726	25.626295908695	22.0281803379217	20.7738879606106	15.9596204842095	19.4667151055333	22.7815411901829	24.8641024370477	26.2865543767151	26.6318925538535	29.056198116753
10	18.8341616484515	17.1186698373443	15.1145041929929	11.164147302862	8.92552765947202	10.215301366088	7.29860541473507	4.42342559562157	1.30578099235668	0	1.30496398417734	4.59925961432925	6.72459255271277	9.44174888460819	11.94770015526	12.5326422194205	13.6991644270736	14.0568731587078	16.7391684381274	18.7886687660409	19.3568012078442	20.2292248492126	22.7668989104797	24.5871806639151	25.1257015225446	28.7375586471781	29.9192661173365	34.6793072018459	36.3155468222633	37.3545113875152	33.2016769154812	31.5592114920509	28.0571336739874	26.0552079247125	21.4623367320523	21.6053937710008	19.7557421019814	15.6445506806683	15.094132303647	9.10742257721689	15.3202444171103	15.964574563702	18.5353014812277	21.6684998557814	24.099983174268	21.7033097245558	24.8776007886613	27.3198919104743	28.9601968570657	27.4379466797354	31.8092089338921	34.3690170066006	31.5868125805691	27.9851786665728	27.4920016186527	24.8128878810992	25.2734905385069	19.6490133340074	19.8032847275395	23.4069054981644	20.5610259958009	21.5056253803511	27.206161177204	27.7148048703216	22.0349840707907	26.7089088507936	27.1522149741048	30.7588518803937	32.4298181000141	33.2626353736441	33.3377474494004	37.6234935778165	35.06389262475	38.043117130435	35.5774956116925	33.2463649291167	31.6559224948508	30.1061181489743	27.1087653905522	28.1543055677102	29.3009318623146	28.4888890271278	29.9011939059296	27.7150712970398	29.2542673981079	34.1122203323091	33.2461666060916	31.6853871208796	30.2175045296596	35.2770287864497	39.4555821779378	40.3721059767756	39.7793980597997	36.4707171440321	33.1019739290575	28.2859180158608	27.0553003494694	23.3975029650602	21.8036289181411	17.6047896607713	17.5905244094655	16.4144971899842	14.4285427192076	18.4345771310329	21.7067694740604	22.9365779923684	26.3462490119561	28.5859738683152	26.5012341788076	26.6513042457588	31.4099954791464	33.6615711754517	31.5700821189936	34.0218398679436	36.5353094143186	38.5029283821374	35.6300320796937	36.8503318031195	33.2654798402188	34.4105436603376	30.4038133628004	28.3380710882022	24.3879862432305	22.4969852869223	18.8033001624715	17.9040641475616	12.6942896217157	16.4118237865266	19.9336465805933	21.9344854282019	23.4577674555785	24.1335828670341	26.2377018429587
11	17.6913169945033	15.9744695373587	13.9392549657433	9.64398781625112	8.1323842752295	10.6943619725536	8.14326353497171	6.39736844335231	3.36699420848923	1.30496398417734	0	1.30454513145387	3.30385623173891	5.86287523319403	8.44809682709662	8.96308323067459	9.73446074520823	10.47213870229	13.1740907466132	15.0895168908749	15.6815571612005	16.8188539740376	19.2089045236838	20.7369647971925	21.7242225637651	25.1495708313283	26.4816191725506	31.2131220322479	32.9840561180701	34.2725310708153	30.1561904258479	28.6195139546429	25.4524702337514	23.4176018627015	19.344887309054	19.5133352607902	18.3298637474478	14.3520796054091	14.2155520821388	7.79244435334639	13.699639411313	13.5219972637181	15.4652961820975	19.4278509876929	21.7065675775789	18.8063404733616	21.9378855863549	24.4605351331487	25.9176871460399	24.0988723595109	28.6704538506107	31.4373405522795	28.9799927881288	25.6158033643296	25.4597302420902	23.4061142012082	24.0079387911582	19.061204605166	19.3420440750196	22.7826900518793	19.8580152331496	19.6944846594167	25.6061702524997	26.3743187400168	20.6069596253305	24.9604475320456	24.9338742276446	28.7381191277369	30.1775154875281	30.7909444642414	30.6965324751836	35.1523049315404	33.233937548837	35.796980012286	33.1126596485393	30.9962883261851	29.7366516272428	28.4524541823724	25.9288258507785	27.2808893366767	28.7026543197663	28.1532093730004	29.7304291761824	26.7632030407423	28.2053049442831	32.8464433691077	32.0953265912656	29.788930057993	28.1733385490609	33.0652913037221	37.1804210035336	37.739164405164	36.9737255223219	33.5794254566691	30.1417416384654	24.9649032243267	24.2641650999988	20.3375057221873	19.290987766312	15.6629100105951	16.3758262386971	16.4517205179276	13.0200539937437	19.0895401725657	21.8989742910484	21.8127892760188	25.5033534069542	27.8759131868357	25.3994616675236	24.7335543341429	29.9537392323563	32.2493626913773	29.4823908969405	31.8444310044943	34.5521394706609	36.4457550888989	33.2595399998256	34.1038212668317	30.523097516471	31.2525517838144	27.3258076184401	25.3228526434128	21.4729161969212	19.6548489182695	15.6632655918234	15.3762975062269	11.1409430031753	15.8540284155164	18.9131963189726	20.5516020300122	21.3853834896642	22.5772906479055	24.8442246206236
12	22.565005672501	21.5199881737886	19.1101562787958	15.6715498595385	13.1489788957166	16.2896092034155	13.9580821032117	11.435428151145	8.0939356310759	4.59925961432925	1.30454513145387	0	1.3108371370998	2.40781893006928	5.14678044995121	6.0651063469654	6.26062520839572	5.26643228381416	8.53674352431886	10.7419599701358	10.5637585640718	11.478840620899	14.3667420802352	16.2248026798479	16.2717736894292	20.0857602544688	21.1132397561341	25.9663260782114	27.8155522864458	28.947564647134	24.8832159898997	23.3062277084903	20.4869059157307	18.1594072039811	14.5787138664561	14.0569488154436	12.9870514744495	9.27332680325675	10.354827569786	5.54325355725318	10.4129102080062	10.7663633135799	10.7766043353182	15.1462198914449	17.8147146202234	15.5302129090364	17.1666467605063	19.9769239373834	21.7735305589149	19.3052263389995	23.8444946476121	26.6531173411292	24.1363104264094	21.256268604814	20.6866268637494	18.9323642739094	19.0727310577169	14.2842327760367	15.6025315253647	19.0146581615342	16.7806318712973	15.7137288063655	21.9938098564119	23.6495080921359	18.2612985573316	22.0613175943777	22.9975788290855	26.1999512022446	26.4362360028806	27.3880182196522	26.7278623724382	31.5286492416025	29.9373682544074	31.9466101018559	28.8091251168792	26.5719002143242	25.8924492661471	24.0219031302684	21.7545848271117	22.8193956975201	24.2263422331973	23.4348968847742	24.8455153297331	21.693364745931	22.7547039532489	27.4145515556976	27.1248664881507	24.6482260010736	22.6582572586684	27.7868516748479	31.8703250218758	32.3658268085337	31.5258181654339	28.1510974741661	24.6164406444149	19.387477762721	18.67822617381	14.7764667630662	13.8439057350157	10.0964005962521	10.9592960540356	11.4648347131566	7.6336982518305	14.2670070792721	16.7328164395597	16.2858801113112	20.0739526750463	22.4163706919742	19.8946774289004	19.2310949506262	24.3921533489768	26.6628262005362	23.9117342323806	26.3513426033665	28.9989460670556	30.8829229672322	27.8267350222767	28.5101863199804	24.9214515427974	25.5634302275731	21.6617251621379	19.6182963837332	15.8077746378167	14.0972278480558	10.0350382659958	10.6290385736434	6.2678388620002	12.1632940850742	15.1814740061695	15.9984775838203	16.8974817946344	18.9777164853941	20.7897940586241
13	19.8729093491617	19.2199682622006	16.7659508528446	13.8340005782854	11.2460156944582	15.1870264041385	13.901414172666	12.6363495915553	8.9594066767839	6.72459255271277	3.30385623173891	1.3108371370998	0	1.30652439701676	3.48320097037194	3.07605087734257	5.18048704274029	7.52915313962998	8.74240573297762	10.2112356744911	12.0841193721347	12.9520684834508	14.3395821766187	15.7155702728218	18.0266455282174	20.6175750513973	22.5040858734586	26.9966581265163	28.8621660136588	30.7047592565061	26.6723614252657	25.4240967981165	22.4796418565777	21.0163002928679	17.6222050266134	18.4083752949575	17.736961549262	13.8915828831707	13.4926755315616	7.03579540634888	11.9782173131063	10.6058944460144	12.0968539298447	16.4448134376769	18.5564312840589	14.2894331238157	18.1626005021307	20.8043712233752	21.5843617000828	19.8179563527625	24.6384227782543	27.6786929243416	25.965333254168	22.8083417415646	23.5303019317645	22.0224937734127	22.8518338432608	18.7554909559841	18.6015628106888	21.8066239936401	18.6501262998404	17.8675777317464	23.6119758173686	24.4779201118069	18.797230700292	22.4333084051372	22.0476999707452	25.7280929919028	26.8403618828063	26.880178738245	26.9113272247951	31.3698881253982	30.4237667621877	32.5469256766288	29.8225698423191	28.288387493811	27.2315137111399	26.7321210157369	24.5372865247973	26.2856594553	27.8922648954867	27.6467912423847	29.3873541000206	26.0669896420741	27.634294219321	32.0413060907323	31.0789172430444	28.2203690443623	26.9590853331488	31.1357950597058	35.1397651813441	35.0730325321321	33.7111218739454	30.4985764093998	27.1640945367226	21.5226472349477	22.0250485811042	17.4596333867582	17.8582771285474	14.8762200508059	16.4414038634175	17.1353962895522	12.9671573600385	19.8428419839498	22.2475813741629	21.6039313551955	25.4727667323359	27.8104546888396	24.9221345995884	24.1268870142835	29.440913708647	31.6598674981435	28.3959265740704	30.6815425133744	33.4733471436604	35.2073369768291	31.404599280997	31.6604741120533	28.2414452356815	28.3715467502214	24.4654111962174	22.8820929768236	19.3111931531949	18.0705970294288	13.6018770395854	15.0710703999417	11.3061634960759	16.6854941191443	19.8254449130404	20.9261281177384	20.9472862442847	23.0791887205768	25.3148458221653
14	23.8233449582547	23.3393259114311	20.7996111982893	17.9890620655998	15.4179044944506	19.3513545003961	17.9442971999463	16.0617446437179	12.5075246951585	9.44174888460819	5.86287523319403	2.40781893006928	1.30652439701676	0	1.30225189575596	2.94323988149114	2.85401751921743	3.25674484723627	4.20184887876754	6.09066416739587	7.73936153697448	8.46121917929089	10.1953081365891	11.9804428966545	13.4298049501845	16.2268909221699	17.9188893908077	22.4706536175519	24.3784700709458	26.1928969188213	22.1964575552046	20.981652699442	18.0821315668259	16.8472642883051	14.2302862234039	15.0814899131352	15.6725820782665	12.8588150309428	12.8348837937864	7.5018361752307	10.7139212242764	8.47108599885516	8.06589778016062	12.7976556056178	15.3296185536366	11.3850689501645	14.218345789859	16.8120340827635	17.8485549555139	15.4934872123741	20.3528826705211	23.464612717878	21.8406542713354	19.0761733321964	19.9115042375005	19.4104537041255	19.8928089771153	17.8140624788396	18.020550602021	20.685195793127	17.5243122832253	15.0813881655503	20.8308754976837	22.4027854294951	17.2176286694771	19.8078688151956	20.0425585692047	23.2421777163845	23.4501552660105	23.6960250042069	23.2899376770313	28.0132451708116	27.4087078498787	29.06661898123	26.0109692245406	24.4943886431158	23.959878025566	23.4733332528638	22.22350442662	24.3105646581892	26.2032044414419	26.000017269225	27.5366619618283	23.862685724788	24.9501115428368	28.9292124158263	28.3624703084904	24.5025323793277	23.1620660132036	27.0709011671204	30.9693952314216	30.6861437622911	29.3241434657519	26.0210131047967	22.6690169173698	16.941003512189	17.767084735544	13.0436210463199	14.1087161003402	11.7726877135172	14.1361623505108	16.0070818389861	10.7813518169105	18.9965757703856	20.4251813700638	19.1616994288085	22.700640827959	25.1358473300583	22.3356172513768	20.4431632826234	26.0391000804559	28.2520220338297	24.5890629752335	26.7742918673865	29.6114873148918	31.2031769536373	27.2400393538629	27.2156277348144	23.9102484512395	23.9020482176737	19.9834162494805	18.5732281254498	15.1301693645511	13.9018126875598	9.43126550363205	11.1125624857636	8.75912644046197	13.6148877703784	16.6723537930311	17.2873355668246	16.6503579841396	19.0395336602554	21.3484886818716
15	25.6074355607898	25.3729289007004	22.7837224570525	20.0879073325222	17.5628394629115	21.761096617588	20.2067944266279	18.5767611278177	15.1148982795122	11.94770015526	8.44809682709662	5.14678044995121	3.48320097037194	1.30225189575596	0	1.30368861312815	3.65653606573216	4.82032374431428	2.56810533273073	4.81632993055916	7.67596782171473	6.97375551621936	7.57371434634288	10.2852292147526	12.4636390753263	14.5225671628676	16.5289722911015	20.6460833573828	22.3734904518718	24.3416075475717	20.6658948027904	19.7346696450688	16.4859495935175	16.3917372477721	12.4942682458798	15.6431452400085	15.7347206838889	12.6744629472021	10.5102373427054	6.00646809697679	4.93713986028348	2.62282633813221	6.59359120661874	10.0141349102157	10.7178976016754	7.48855166237104	11.7679878483962	14.334223557626	14.7940771256608	13.1792612084289	18.0452186742084	21.2102120215711	19.8972982588089	16.089840396971	17.6736697377766	16.2168001775936	17.7455522878269	15.6776155393606	14.5077128797064	16.1147328243443	12.5858751781511	11.3565588978352	16.1418537039585	16.6590049522773	11.2614781445421	14.4235134762651	13.9232819047809	17.5683027068639	18.9819023546113	19.2695307934573	19.5918665777409	23.7353819434194	22.4176864328146	24.9214341882645	22.7076948411766	21.5123418994771	19.7617110089182	20.0999572885118	18.4071175364314	21.1400613291447	22.4730683263323	23.7361885314387	26.0040715465867	22.3033413416017	24.843838370912	28.3574574671285	25.9708572249743	22.9763333019	23.5164820073071	26.3433988126058	30.3623437336448	29.7139625597126	27.6803978656377	24.8664861007743	21.8634725512669	16.2512377374771	17.7308414915931	12.9325807942576	15.1476876783224	12.7459172286658	15.9410401166298	17.649239587019	13.0236697593267	20.5270183904044	21.9574524934019	20.6483158877425	24.6574462181305	26.8091627806614	22.802767924092	22.2072944997809	27.3558102603451	29.2664345795657	25.1945499860585	27.7400410057375	30.3607121952039	31.3818342994797	27.1401584372678	26.7773432027899	23.8638558703324	23.7104542554545	19.7042721509829	18.9596350966995	15.2481693655337	15.8129528235558	10.9231646055527	14.4886597723875	11.6169548936027	17.1818038633899	20.2452208187513	20.3982420320968	20.2229054786893	22.8282622641322	24.900394735827
16	20.7203506968391	21.5642586703091	18.658644859689	17.3478958954681	14.6310102522006	19.3821694090213	18.6382219109013	18.3552950943318	14.6267328204217	12.5326422194205	8.96308323067459	6.0651063469654	3.07605087734257	2.94323988149114	1.30368861312815	0	1.30255518117276	3.67858926764052	3.83127942076795	2.90606176809785	5.14417243101356	7.09638351556622	7.04030517804449	7.84068447267201	10.6649092354319	13.017151032388	15.5629978153311	19.6836243613822	21.8361130469688	24.0045356964054	20.6550085451447	19.8724724178951	16.8549189852696	17.0911389322069	15.6280128615253	17.0272156854842	17.9930087256134	15.2860657462933	14.6938894102276	9.81816367759267	11.1148105247008	8.09844022019055	8.85328057840708	13.2470876421952	15.1995138080137	9.75668601524104	13.3493365752759	15.8385982965665	15.9025484750087	13.2869201096417	18.3612052708966	21.8103802351082	21.2358338899135	19.1296551197349	20.7986309886011	20.508234468135	21.3499425057774	20.0221498346207	19.5762204217259	21.7132378746239	18.3706508050205	15.9873623528085	21.2047571549405	22.4150731651717	17.3497477503277	19.4602042383938	18.9983300845101	22.4377975969122	22.7856536882311	22.0211711995525	21.9633091541325	26.6204339746744	26.9318445896303	28.252418958383	25.1103896027123	24.3042176792424	24.1162775941894	24.3022765600262	23.2681693521429	25.6555201467442	27.6311944186277	27.9015179873784	29.4676458849362	25.7485826017666	26.9096575229043	30.3949293303998	29.7203843514851	25.3275882191732	24.0919315539456	27.2183546526971	30.7966878900962	29.7888209400775	27.9213384349676	24.7569548410139	21.5517830816849	15.3315608468283	17.6870536268764	12.8101975004291	15.4982278341751	14.0826665798775	16.7454222401228	19.0137589392524	14.4274633598564	22.5289532158065	23.296922758167	21.6501780824085	25.1494846865696	27.367823497677	24.4671171575239	21.9676397685323	27.3445312448394	29.4039560093536	25.221397046952	27.1620237464	30.0477725796772	31.2698994242067	27.2228228881577	26.237598575327	23.4017552546812	22.398795748879	18.9391377047636	17.9853249345126	13.6322346297296	15.020815523799	10.7385716461734	14.2594575983801	12.9171838262061	17.5439218249512	20.3949453786962	20.2125966911726	18.7010504785159	21.5547112715527	24.028250061126
17	24.3388929288084	25.0582545681059	22.1593914627636	20.6473279142847	17.817073693511	21.9436897763343	21.2056138086121	19.9227664996606	16.0763342214573	13.6991644270736	9.73446074520823	6.26062520839572	5.18048704274029	2.85401751921743	3.65653606573216	1.30255518117276	0	1.30354478250653	3.21554692082078	2.88204788301652	3.34737031115471	5.36994459934179	6.81890504406683	7.43665953234381	9.46506127819572	12.1278719073051	14.2147069262789	18.727479648901	21.0170285482986	23.0374908789998	19.4141095598021	18.4279474168991	15.7668712178415	15.2936676438322	14.392097901279	14.8879153006726	16.1667180652104	14.586409907856	15.1421568476885	11.1917439659778	13.1857558372662	9.92476730205802	8.2103669223732	12.9498352499173	15.6326682623281	11.5032387178568	12.8907149918071	15.5819399947503	16.4659653224462	12.9413552613318	17.9200004743304	21.3090998402091	20.2842694963363	18.5508995738751	19.6133928987312	20.0716073347403	20.3017910786216	19.409108840954	20.0267382766141	22.6108772717911	19.7140173734325	16.3720669739651	21.8371273293902	24.0138913339758	19.3214979491757	20.321860864596	21.0546079042095	23.9073455866602	23.0433792226748	23.0020897094155	22.2714997025346	27.2056981347658	27.3126422193094	28.3668432681538	24.8531135675191	23.6178982341782	23.9943546277036	23.6895518741913	23.3842795698307	24.5570068412256	27.230252753142	26.8688383448187	28.0261099334174	24.4645609811417	24.6840561091568	28.2752281157907	28.0009173421158	23.7221530852492	21.7953026590594	25.3821876519736	28.917806331048	28.0792261467441	26.5204560104083	23.0844653609305	19.6132927883107	13.3843016254118	15.3542823016903	10.6431483124121	12.9810763806396	11.7194435448105	14.1315742930503	16.7082512250684	12.0452728072053	20.373096009198	20.8245067168469	19.0265494769808	22.3138255348562	24.5871816400335	22.1202014909449	19.0669794933545	24.5462363102778	26.7233413142893	22.7578147676793	24.3138072296381	27.3317072463467	28.8396802686854	24.9853424631323	24.0979132914035	21.0445792307663	20.0528324433233	16.6965721332254	15.3438888486589	11.1111433705087	11.9551372221317	7.75565580721579	11.0432296000762	10.308800560686	13.8665311451711	16.6481539517149	17.1326312339932	15.3702383195577	17.3575699624112	20.5291187341298
