164	165	166	167	168	169	170	171	172	173	174	175	176	177	178	179	180	181	182	183	184	185	186	187	188	189	190	191	192	193	194	195	196	197	198	199	200	201	202	203	204	205	206	207	208	209	210	211	212	213	214	215	216	217	218	219	220	221	222	223	224	225	226	227	228	229	230	231	232	233	234	235	236	237	238	239	240	241	242	243	244	245	246	247	248	249	250	251	252	253	254	255	256	257	258	259	260	261	262	263	264	265	266	267	268	269	270	271	272	273	274	275	276	277	278	279	280	281	282	283	284	285	286	287	288
164	0	1.33649429478767	3.03218089829746	2.99607610050212	5.79005060426936	6.35304092541516	3.59072207223004	6.59484002838583	9.12763682450173	10.5809300630899	9.76254910358969	12.6333954659862	14.4878634380643	15.9124143988271	17.812376006586	20.9521725365175	17.0416279151964	23.7438861604414	26.2484391535954	23.3706301369903	25.9096022354647	23.9340115108187	19.2154827678099	20.2489932095401	15.1456550205001	16.9266187409063	14.3002031104457	12.6359099791032	12.7981939350832	9.6679223207471	11.9261297578049	9.73199491368547	10.4160369142971	13.254819878067	13.5047585687416	11.9761540153757	14.864992869154	17.3701403563702	15.6032568395191	13.5717306928777	20.5627067770758	23.276552966451	25.3659652487344	21.7343920319847	22.9300313344749	21.7255376228069	20.6698225923688	15.7608848101875	18.7488779397595	15.2511585461564	19.5486482652893	20.1441812938625	17.5387034298434	15.1837001419285	17.7888384106439	18.3522874323611	12.7856689304862	15.7492121707722	18.0571650321971	17.3189101562425	8.52611253737599	15.7226797334297	19.475409238319	16.9336204339178	17.02227731533	20.4565118483088	17.5359715442287	22.3634975126879	24.7889099397291	21.8435493910674	19.4507919118991	21.6039397795865	19.7564239932231	22.4662059547223	23.6755162140132	22.7508797632092	24.4201260848506	18.7370632170573	23.1643088392466	27.3818615327738	28.8014134028176	24.3726110829349	26.3485041131371	26.5118986683338	27.8394445885689	25.5030293102604	25.9517426967824	21.3050854257851	20.7703408012483	15.4521267468268	15.0508886780814	10.8720880699155	7.82534874622212	13.4064635530777	15.6153545909147	10.7044943832019	12.8620336261417	17.6614911318382	21.0569361968925	22.6434976096892	25.2967007137294	23.4771115983206	21.2590452748942	24.2936358126979	25.9961793538974	20.9648279506415	22.3840097614346	26.6565412985256	26.737356077219	22.4567522362429	26.9503156196732	29.3468928167873	27.3927684982734	26.436859949699	29.7057855307682	32.6400047181369	30.135362134874	27.6969084375856	23.7721566754049	21.7868647124822	18.1811672617574	15.6940311265143	11.3562205860929	10.8521752197428	8.93552913934032
165	1.33649429478767	0	1.32934419922005	3.18449525042823	5.99830175966498	6.46260203014235	3.07114717980106	3.35133600225343	8.30615735463758	10.4065234828928	7.88030240536491	11.0962445899502	13.4935327842637	13.9299377241968	15.7129916311312	18.7549118099766	14.3935078073415	21.6447929073022	23.9886415622061	20.5950212430092	22.7633780006395	20.7463976873095	16.0621275365376	16.4560376154164	11.6283814866902	13.0089751325767	10.6566003021602	9.12717272763039	9.64630608056783	6.21812222459482	8.30376595286741	6.23911091422488	7.10955308018725	9.95297282222754	10.3708584986972	9.67545373613042	12.2253586041474	14.5146178041311	13.3220620776215	11.9220143432224	18.2011450738683	20.7586530391545	22.6286532741124	18.5751783571518	19.6238095435112	18.2505249513541	17.1120310892658	12.0899052105465	15.2606802273031	11.9088530933923	16.4236070946671	17.1792372647915	14.6928301222059	12.3036689243494	14.5765267810957	15.1650777116374	10.8063274982762	12.2479633408988	14.5974988611063	14.2643361219511	5.59703037333192	12.1732694047244	16.3091780602212	14.5177291268297	14.2658210769657	17.663240614338	14.4486252633252	19.0711562575529	21.5818662075364	19.0177431363451	15.8890328843514	17.9188852889905	16.1080013347404	18.9985063886612	20.3592168071368	19.3823589121655	20.8694991554661	15.032988325679	19.8441410244939	23.6008257906371	25.0441094670982	20.5750260510163	22.7727825704282	23.0026098736643	24.3937984332084	21.9735729684546	22.3076779159105	17.6975500564344	16.5973253869411	11.8937426405653	10.6750312880104	6.80105528576264	4.12387608931209	9.28114292530829	11.8129805722349	8.5028859218503	10.3497876306715	14.7278655955301	18.3559027290951	20.2076440239826	22.3582669721962	19.962773053862	17.8738444381728	20.7148845036606	21.9460072906212	17.0297241903679	18.3248345149417	22.4665632663298	22.4619107379582	18.1365501956684	22.5428440530471	25.0004060367027	23.3537474080714	22.2684838729537	25.6504874417622	28.6811022277736	26.2905399335959	23.6771178989336	19.6902223451133	17.5688925376644	13.8667490782807	11.8491225835502	7.51597239217921	8.18406341617659	7.92293499910229
166	3.03218089829746	1.32934419922005	0	1.3291158715477	3.94626671678436	6.40718112745379	4.59231194497935	5.50778803150593	10.161728051862	12.1885938893705	10.7311887039601	13.4041984840571	15.5535139759477	17.1143539171071	18.6687675276115	21.5468852505414	17.0248280461213	23.8866229090677	26.2274689209615	22.760180864835	24.767129627795	22.7525357927419	18.0422667644617	18.7545679502355	13.2679739975627	15.345043597201	12.451261863763	10.2274488510087	9.21163080024379	4.58803356570111	8.98080686798241	7.82651908577498	9.20007983661012	11.9780917511931	11.096576454024	11.5562197106147	14.2366751034081	16.1934321562787	13.4409089350386	13.434688571009	19.7850503916467	22.0413534294063	23.9724780112528	20.4653463689233	21.4908514721963	19.7421243284506	18.4274795889183	12.5698383044493	16.0049811621257	12.4471668663998	14.8134740692385	14.4659243050695	11.5762521568943	10.5562934309349	12.5526936551483	12.1218941176699	7.08235758769634	10.2795807793898	12.654303062595	11.612482120546	4.81277071965827	12.4819442796385	14.8528329284349	11.6719941740904	13.5589401503215	16.7272122004834	14.8113532467496	18.6236168882417	21.2984947355441	19.745140794636	16.6113695100675	18.0344964165901	15.1891215019171	18.4689959120684	18.5581700875922	19.4451536378605	21.6176612518561	17.1335451381201	21.9575009051577	25.5164058009744	26.4983294945172	22.5491351940601	23.6207812952917	24.3106970282631	26.2372633672035	24.1189482772363	25.0895054355402	20.5724101893774	19.762901457023	14.4355830848636	14.46156167224	10.0613151227859	8.77178550809355	12.9935156520474	15.6940662990826	12.5441639817088	12.8592889772335	17.349592214228	21.6826502070204	24.2067270402258	25.9174877061802	23.2585633692195	21.7622186828457	24.5036145292893	25.1890626463154	19.9886541067677	22.4239478459971	26.0680575801113	25.4623131902818	21.305918567384	25.9567060506529	28.2082968113993	25.8706471701038	25.5346252958605	28.5359975294364	31.7323227955345	29.69717826663	27.1232393529976	23.0982959761104	21.6007367003998	17.760197887411	16.3450294891138	11.2733605459951	13.1458246983596	12.7130960430573
167	2.99607610050212	3.18449525042823	1.3291158715477	0	1.32935285007405	3.27824190687631	3.18039840271624	5.21833584584204	7.35633801561619	9.7377504589099	9.84085514576858	11.4262914368574	12.8410294758637	15.2411410662063	17.0785387548233	19.7958762624947	15.7534884390728	21.5858826782692	24.1222591603689	21.5348553744853	23.3864513126725	22.016815982335	17.6939307390981	19.3389007702092	13.7216895096777	17.4282541294302	14.6134516798736	11.7664464049262	12.0174531827671	7.76787300359628	9.42436406342624	7.14908567580498	8.5200613847554	11.0886667818994	9.84877662453566	9.0519366988507	12.0411699597672	14.2615135592265	11.371742214806	10.4933562314447	17.369320107592	19.8213445305812	21.9710719356157	18.9668171288701	20.4289876890657	19.1969635619803	18.9986994028539	14.0233922786179	18.3595922068002	15.0762535797193	18.5543592990973	18.6266614024092	15.8708085805355	14.1997320045133	16.3428270198274	16.0626202407951	11.4909647984841	13.1800613428011	15.2639815906598	13.6848364988406	4.96597764795614	12.5996712258693	15.5352647225594	12.8928043497138	12.6308145422217	16.0371323496441	13.6345406596629	18.4562227446463	20.7744412439902	18.0131793140467	16.4741423145486	19.1574454716697	17.2355291186549	20.8852497231898	22.4823582837744	22.4843575180613	24.5123352416696	19.5390345974411	24.5091281362679	27.7802888933863	28.6676103991944	24.3669398365901	25.5010272146045	24.9538867914399	26.2766452577189	24.1014879416189	24.8200811843958	20.3575344774361	20.4852394420959	14.6276433508614	16.2877095074783	11.4877429027638	10.5731487741354	15.4220818633542	18.1705507621536	15.0286550296425	15.5405659163365	19.9767037821559	24.3619425744336	26.8304402125645	28.5449773690574	25.8367260696862	24.3088155614378	27.025139722118	27.6302705198483	22.5163985352898	24.5976548678934	28.3497996112847	27.414573606022	23.2135962099801	27.6208296399656	29.7645736068905	26.991975881732	26.0422601553705	28.81668603431	31.7064144456607	29.4565009123623	27.1868680064475	23.3691665234343	22.4131840888349	18.8677875226535	17.7646853616944	11.8715935324623	15.0797833207245	14.4977229246527
168	5.79005060426936	5.99830175966498	3.94626671678436	1.32935285007405	0	1.3309380150856	3.45096769037324	5.40282990663226	4.95362231099627	8.87981722784878	10.0478159318331	10.1157410998898	10.9684422777348	14.2448383985218	16.1232099161426	18.5424342792418	14.4909435165554	19.7568090794035	22.3661269110233	20.4448933966406	22.0408741432821	21.2421027678523	17.3623695099488	19.5399172209096	14.1608642744714	18.7808233578829	16.558568205011	13.0408258557501	13.6458208987221	9.29642732451558	9.56074766950786	7.27121289744703	8.78944776422274	10.7909410618352	8.49395226028497	7.43433467097091	10.4645474818551	12.5066710598784	8.5776566147171	8.10912800490904	15.0224638125708	17.3519921911001	19.6704524096422	17.5666135040309	19.3165857231551	18.3671809486377	19.0638415068947	14.6105800363983	19.5447511623965	17.3692392752245	20.5168661593334	20.0215313350403	17.2841092625568	15.7009577414883	17.2514292451379	15.8492339877989	12.4321667057677	13.5753613211583	15.2469661900327	12.1520094634591	5.64015904031083	12.0054076565521	14.2074320339743	10.3071188505809	10.5010821347135	13.8835443601409	11.7777904973726	16.8768655857656	18.7462884059752	15.6468104417482	15.5932836182762	18.9186395652542	17.3030790901504	21.2210278261916	23.2814297885675	24.2771820028602	26.267015247264	22.0280923368321	27.4707006099226	29.1225373551138	29.5949582530538	25.3420513179182	26.0232717581783	24.9060620331677	25.9528017369994	23.7889352641097	24.0897496043442	20.0553802257649	20.8307665965514	14.8728566859228	17.5719877361669	12.8336740257808	12.6610401626407	18.1421734089386	20.9891787833636	18.3313283206646	18.8427039195546	23.0922436761784	27.7144509958253	30.0904595179269	31.6575605345706	28.6907244418819	27.2703048204453	29.6786888861351	29.7760477229601	24.8060781462931	25.950486816243	29.8232792797841	28.4292747709118	24.2874814462101	28.4459779582281	30.4696929423321	27.423363032276	26.0954369574453	28.2752001938094	31.1958484577676	28.9531899106126	26.932326412696	23.3419223287201	22.8166115582485	18.696197741787	18.8246851766504	12.7491845621593	16.9761198452414	17.1213220283949
169	6.35304092541516	6.46260203014235	6.40718112745379	3.27824190687631	1.3309380150856	0	1.32664463968313	3.05100311373161	3.21265746695785	4.7950316995824	6.05693602409667	7.94742354477223	7.84799394750022	10.7564963626638	13.0307114540995	15.989395673383	12.6636507769284	18.4306680833875	21.1738840556002	19.6187583195268	22.339401558681	21.218901503141	17.0922824689975	19.3786196876867	14.6134698480546	18.5027108824626	16.5217768112271	13.6257466217452	14.7480420395387	10.5939921181772	10.9245622337923	8.00093900739157	8.88082529948653	11.2073958170487	10.3152438652705	7.34954168639107	10.5311190763375	13.1686434381071	10.0457112241991	7.56182372182796	15.1344826142158	17.9693930337115	20.4116814838954	18.0371197811624	19.9932153242044	19.3937760119065	19.8043030930149	15.7700628090062	20.183009339541	17.9132527755291	21.9188656184575	21.9283670618676	19.3685909657879	17.2318861416851	19.0321291767369	18.4132283698432	14.7405653215879	15.4562159987495	17.3692770718876	15.2178528708882	7.23589234303552	13.9296255872152	16.5765358262817	13.787195980329	12.7370370965935	15.9269006087186	13.6969429435915	19.1125704707661	20.7288507640921	17.0223249293391	17.3034499161294	20.5331934924892	19.2394879869502	22.8093935473962	24.8305478997142	25.1191883228738	26.8906962349434	21.806305326671	27.3418851032624	29.2429234858624	30.0086800276187	25.5017489792367	26.7464838997577	25.5681223010216	26.1840015467461	23.6361101283608	23.3497216043361	18.8372325727534	19.7133924782114	14.0322145436848	16.0367244785212	11.5248509751753	10.315337173355	16.8252118857386	19.4706081312321	17.193970047665	18.6812578270308	22.6876959385478	26.9633377199485	28.2119521125356	30.4585640666135	27.6662205225072	25.6262207514101	28.1606730920978	28.8626129967472	23.9548824668375	24.1215413479321	28.5645095179315	27.7689512045378	23.4248911203446	27.3227596153829	29.5684581099522	27.1511880587204	24.8312328530019	27.9768177068086	29.9688909704714	27.1970050005511	25.2486574098505	21.7440014946651	20.7578504667511	16.6529375486729	16.2266421356977	10.3813563661017	13.602312671013	14.2846767551807
170	3.59072207223004	3.07114717980106	4.59231194497935	3.18039840271624	3.45096769037324	1.32664463968313	0	1.32567190511076	3.49793682047003	4.81237207622187	3.99613513285024	6.77365137868786	8.54727915772031	9.93232832723526	11.9120551123641	15.0943959137158	11.762496248671	18.1588915410605	20.7509547250241	18.4995561027826	21.4230061849405	19.8222644770975	15.3836112145361	17.2735093423427	12.74206733619	15.8661391018735	13.6160286794645	11.12912840253	12.1491254006204	8.60123206290819	9.52735230796048	7.02664870332935	6.97215275219928	9.69259201658669	10.0354368614426	6.99473895152636	9.96611784999556	12.7011332565248	11.1141014481604	8.2524116475125	15.3213128027594	18.2177578203246	20.4329482209494	17.2488358447751	18.8601797711475	18.175513995483	18.0732883560242	13.85115969874	17.6642300143539	14.9532658974553	19.3030125110046	19.9117935405126	17.4833968667419	15.0973979877328	17.1880974514342	17.5647855950478	13.855872581689	14.279522435992	16.5446481981334	15.7478143880349	6.8318780726825	13.1776737324916	17.1250037664229	15.013171916687	13.5226736261732	17.026952927638	13.9902775169044	19.3994491158899	21.2401079799515	17.456062156168	16.483150366359	19.317978025663	17.9003686554216	21.048112171879	22.7068871710765	22.3542605782432	24.0615018650125	18.7216612510749	24.0612516922956	26.643294728693	27.6601776747728	23.1368482944415	24.7063116834545	23.7630408197268	24.4610334409648	21.8965729282004	21.539082129933	16.9385431782075	17.2450352565601	11.8959446451301	12.9512082061868	8.64904908067933	6.93613963238918	13.6324293139557	16.1920567254441	13.8993036156492	15.1414483455183	19.311299360737	23.5547948621931	24.7755591258805	27.1661214935073	24.4900068599419	22.289994302377	24.8769513606471	25.806148201543	20.9556387161069	21.0001724992915	25.5427100754795	25.0650207460517	20.6573663858683	24.5936405804427	26.9538019767156	24.9046055379321	22.5860442087586	25.9392507794655	28.1562701720239	25.3282976332797	23.1793756818427	19.5207441712656	18.1415379171668	14.5363627156177	13.1182576968132	7.4235553476754	10.2548960989373	11.0206621398172
171	6.59484002838583	3.35133600225343	5.50778803150593	5.21833584584204	5.40282990663226	3.05100311373161	1.32567190511076	0	1.32737974973253	3.37110634658712	3.2192176068107	2.96820922443146	4.71690004134072	6.74578246017465	8.37878332456449	11.1452567938114	7.55107330119369	13.7115887117431	16.3390306015994	14.4215760927854	17.3793413281401	16.1067939081619	11.4026785011242	12.6760902884131	8.19643715281219	10.3308835052961	7.97864368172937	6.07764798256694	7.15921965021328	5.79134189976727	5.85444446553214	3.50795068380386	3.59916518098295	6.0909431946128	6.95021503264467	4.08250180649072	6.51265491178522	9.35190959109422	9.5011716119645	5.05155233566871	11.3771772861286	14.435629844243	16.6399046271305	13.5434010868762	15.30601701946	14.6114323048769	13.657856859698	9.38205153471244	12.2811573558847	9.59375062214982	14.215187969211	15.8523071506958	13.811985338828	10.6347252902931	12.9442015589993	14.5624904806836	11.1094270329302	10.7615992770592	13.3354315265761	13.4686691992936	5.4835328028562	9.71077921693208	14.7191451518082	13.9920166880975	12.0500533608777	15.5096303631002	11.1769823297704	16.6179073893195	18.3796399855928	14.4205693715609	13.0086394753641	15.3987808933045	14.1895824462878	16.1924294038912	17.8189926202353	16.9372495996251	18.450731096626	13.0891555877375	18.5539227927681	21.0497256514188	22.1856649889067	17.6776365218883	19.4961540053417	19.3001624086431	20.2941201583119	17.8039262242911	17.9987666799701	13.3644508304681	13.2114752393516	7.69462474718553	8.69161239356657	3.87793682259007	4.3784139822543	8.73850318990615	11.6149728368171	9.89465643668339	10.2881051705355	14.0235161425372	18.9064372370894	21.1317415515144	22.2938084678235	19.2876407318262	17.8873410824527	20.3459026833414	20.672427240167	15.7465369843658	17.0341544257412	21.0692156474796	20.2493872252965	15.9081154132097	20.1704613977965	22.4430886243405	20.1724515862599	18.8486611991409	22.0039962961277	24.7263011588875	21.9300263109737	19.9510505989033	16.0780004975743	14.911888679842	11.2730328217388	10.2833190653602	4.53744079851187	8.55795174092493	10.1304595650938
172	9.12763682450173	8.30615735463758	10.161728051862	7.35633801561619	4.95362231099627	3.21265746695785	3.49793682047003	1.32737974973253	0	1.32106699300224	3.56111120298145	3.33619333972119	2.76851548668235	4.92572218055384	7.20631556344849	10.0092523696828	7.4234456959016	12.8285614548164	15.6307584268966	14.5446108576338	17.7796393945434	17.7168415921123	13.9611693636314	16.9738503881706	12.9764835760694	17.0185294605615	15.7058146557254	13.0503400721974	14.8498275747565	11.8432031984594	9.64312387144332	6.74175422275241	6.28969013545183	9.20331494625714	6.82587327746421	4.47755357310217	7.06271038624691	9.23265438538669	6.0030912869954	2.4616858044844	9.88557014036115	12.5700515512069	15.2719806835918	14.0782297537723	16.6710081878691	16.461830092672	17.7728035211106	14.876930664623	19.0936027768465	17.6588303689684	22.0160342932146	22.7296604022146	20.6831323063022	17.8302166560028	18.8916106512918	18.8032826123526	15.2542297740659	14.7192144151786	16.4349811378048	14.6688150850708	8.80410052191591	11.8508249079969	14.8351580375809	12.6851547093443	9.96864083012324	13.2108188239791	10.2013463327151	15.9832474172178	16.8846465464931	12.5334158552248	13.8776431716628	18.0296883223199	17.8521181936486	21.4773146366114	24.0504225950398	24.4586679318396	25.8575315720585	20.8968865384296	26.5427081323666	27.6367127024905	28.1940834573497	23.5474095602892	24.941235454564	23.2641202928458	23.209964498034	20.4218977325811	18.7659940850465	14.9415564784931	16.6432926429838	11.593162683237	14.2161942867984	10.0359955161409	9.55656952049217	15.8126618568791	18.3747994002656	16.9527707764837	18.6091393943944	22.0814567454233	26.3378766418252	27.3137025318795	29.3196427843178	26.3982402064986	24.4208228772087	26.7395881232303	27.2320116957965	22.3642078777675	22.0543590702609	26.5877196464834	25.6378664283906	21.3525384907743	24.7341943875276	26.873834449144	24.0704896086473	21.0662704815067	23.9711586286521	25.3343031283673	22.255066209742	20.7263690500772	17.5849516917164	17.1695766109709	12.4362254723851	13.7990632290746	8.43361085182379	12.6053324430576	13.9695556479081
173	10.5809300630899	10.4065234828928	12.1885938893705	9.7377504589099	8.87981722784878	4.7950316995824	4.81237207622187	3.37110634658712	1.32106699300224	0	1.33180666765113	3.26859817047003	3.04282270268907	2.92706491216031	5.5070051752291	8.93208536681105	7.57716596096457	13.0695255078369	15.7095833490262	14.2524067090439	18.0967486858828	18.1109521008698	14.3332816200618	17.085568764311	14.5448807489096	17.6559995468962	17.0877569329623	15.1688605043358	17.1563581799868	14.4733178988095	12.5224129463934	9.27813187015575	6.50475871958368	11.1980974723388	10.6992623110194	7.03147509417476	9.31242277820332	12.1295273197268	11.5818233883961	5.96948959292166	12.9361049392775	16.0092515127972	18.3004872612726	15.5296096860159	18.0120011103708	18.4481397978224	19.1125432373612	17.1053847369768	20.7602843429468	19.6264446856786	24.1216352886781	25.4313144371265	23.4458318257212	20.5781032653644	22.2436195121208	22.7925983819309	19.2527793837669	18.6115160854778	20.7895454976774	19.9176842529447	12.3176867146392	15.5169982599728	20.1246477236249	18.7411586087947	15.7765143171741	19.0878979984701	15.0004011613023	20.9584915964866	21.7530329149753	16.7653433308119	17.519433095851	21.2977585909879	21.2057052700447	24.0142436066598	26.3620820687593	26.1229529341535	26.8723351050853	21.6442657995137	26.9488710153134	28.0145075630467	28.5906222562574	23.533390448467	25.8149603718464	23.9515370279237	23.3953822366723	20.43087783234	18.2581206590383	14.3834044648685	15.6932459357521	11.5003452122099	13.2937555641737	10.5779510775953	9.53059987618828	15.74850742134	17.8251337722891	16.7732298917054	19.3498664078076	22.2056209550645	25.7922814229374	25.6931345888352	28.394101042294	25.8332620278586	23.3345578273941	25.5718898402132	26.5494223289321	21.972672322683	20.4213538728459	25.36485432641	24.9928328926514	20.7302330184685	23.6004275808723	25.8705771872218	23.6224432690609	20.0721601727368	23.3826690734826	24.4188039223874	20.9921158057019	19.4794753009418	16.1525307614627	15.5107537534447	11.241773258699	11.6848230624173	7.13137160720152	10.4142837007641	11.6314463846935
174	9.76254910358969	7.88030240536491	10.7311887039601	9.84085514576858	10.0478159318331	6.05693602409667	3.99613513285024	3.2192176068107	3.56111120298145	1.33180666765113	0	1.33134293102866	3.12782064703205	2.98521238775401	3.71210156111063	6.95929500739837	5.0708021061761	11.0982927065382	13.523859545263	11.3797614649869	15.2812060715115	14.9927791953327	11.289736489396	14.0297840325502	11.3944568979833	14.1608684761917	13.6813463153302	12.1481758712985	13.9588326875853	12.6224879084909	10.8221235439261	7.98244805808343	3.82098809210392	9.03857914718901	10.1770507515684	7.00616342943839	6.80283867220148	10.4206746902492	11.5295352031207	6.93569499041012	11.5328787819867	14.6333922588031	16.5110669552273	12.9856164659211	15.2494396618368	15.8166487600882	16.3884557234658	14.4472202516609	17.5766147480111	16.2491638246403	20.8685384969815	22.9040629146883	21.1218728336291	17.9337632414393	19.7984715066593	21.0625368605019	17.8390795166118	16.5312754801316	19.138540539968	19.2013259958785	11.5843253579999	14.064207087497	19.6386351867944	19.2157998532458	16.1625293193856	19.4983249024115	14.5149151220391	20.2282521736308	20.8224002699016	15.4841242890904	15.818415660236	19.1046739045711	19.1527552587089	21.4180923987175	23.5241485499476	22.7938724660818	23.3980441490309	18.0715798423934	23.3263967427462	24.5726394593662	25.2841896251393	20.2280026201303	22.7163679095053	20.8726832486865	20.2082530170225	17.21120556498	15.0402618328272	11.1016907721302	12.4821454085426	8.27465334621337	9.72092881364739	7.09639492982176	6.1637963950799	12.176894267423	14.2674567460357	13.4629002076076	15.8740660827653	18.6288730201266	22.3424000725079	22.5231260929739	24.9070728508992	22.2473071404159	19.8613139796943	22.0937753677365	23.0043744100986	18.3841237212982	17.1510470234327	21.9938230646698	21.6598109410032	17.3252927536593	20.4721532331116	22.6798715604829	20.3391882335554	16.80896362064	20.1638717760256	21.3001849991966	17.997938381937	16.3429542616994	13.0691724298059	12.4986446065163	7.98857897250819	8.7134170105648	3.77093211288668	7.6299835517516	9.50200131551243
175	12.6333954659862	11.0962445899502	13.4041984840571	11.4262914368574	10.1157410998898	7.94742354477223	6.77365137868786	2.96820922443146	3.33619333972119	3.26859817047003	1.33134293102866	0	1.33257870311663	3.2049129473357	3.3490277693683	5.51708011542338	3.01520115415208	8.34054776378627	11.0470048882039	9.9299789022938	13.4390494083473	14.0130620493881	10.3310059529554	13.7471184253283	11.1905622289499	14.8552622999394	15.0115844267019	12.7743706302894	14.9166231433257	13.3533550465791	9.46028847340291	6.74500192735332	3.60066188359862	7.35319814774497	6.83256540400456	3.82241939090938	4.53449776711821	7.1327372726044	7.89064826234195	3.58921537386655	8.33051216912862	11.4139146658804	13.4815237269383	10.8572394741942	13.3171458653872	13.6244811277347	14.901756842735	13.7735312465613	17.2065713609656	17.4679916132336	21.5699542187739	23.0941141852204	21.5876239081563	18.3171135826582	19.3965496158466	20.4101367217371	17.1912566730882	15.7500619363862	17.8613003445998	17.537303726628	11.4070995875376	11.8789556359135	16.9864786815867	16.378540777493	12.9354488132419	15.9402261589979	11.0771643934718	16.8938325432686	17.3513369225544	12.2220660692045	12.8071976638139	16.7821634183439	17.5522686852726	20.0498544633122	22.7380152827814	23.3341954221696	24.3558899242052	19.6496188767111	24.8338715870079	25.3612133976275	25.5877075760999	20.6571673033841	22.2604214021209	19.8796345539851	19.5718081433474	16.7909193911471	14.3325135967143	11.1775636880315	13.113826329489	8.69485945832364	11.5851094513604	8.83786970938133	9.08228220217804	14.472524244236	16.6246070028738	16.1864987566799	18.3072290639518	20.8618338120118	24.8013937309983	25.1841135837655	27.0338929863976	24.2647685544289	22.1652671989308	24.1786504999762	24.642526980811	20.0190220290603	18.7785806705406	23.4000732691161	22.4520317343442	18.3920905282679	21.2691544025615	23.3255602505063	20.3995212443822	17.2569941762753	19.7670544593776	20.8725569827944	17.7818580581445	16.5051265369279	13.4541243490611	13.7724806044518	8.85590289016315	10.7457183100991	6.20842822298848	10.4137432751149	12.5563467218773
176	14.4878634380643	13.4935327842637	15.5535139759477	12.8410294758637	10.9684422777348	7.84799394750022	8.54727915772031	4.71690004134072	2.76851548668235	3.04282270268907	3.12782064703205	1.33257870311663	0	1.3304487964593	3.30533644278461	5.52889337933008	5.19476755976627	9.5580773171177	12.1757260974449	11.8838683096036	15.6876550510266	16.0485057871442	12.3525495344079	16.0085149217534	14.1084242564505	17.287215912344	17.620334247681	15.6428175531136	17.7128008513617	16.1914654988361	12.6609627596009	9.82038873975975	5.93061430207698	10.489526729076	9.92518241645966	6.75048701946756	7.27934859723039	9.84384746935872	9.00698634394435	3.13322900535534	9.5192567461961	12.053605186831	15.0217797880278	12.9395210498689	15.6827315860471	16.3442096780481	17.6843902071855	16.8638219570772	20.0795151833903	20.184180414374	24.4355981510582	26.1847672130191	24.6249702943983	21.4093284808282	22.5989839815864	23.5926845653478	20.3126380856845	18.9433547979232	21.0906893675859	20.6383821071323	14.3498783618538	15.1174064905327	20.0719751394824	18.5765474725526	15.3319768457952	18.0816049619496	14.0354361171999	19.850948843821	19.7444733786445	14.0511634749582	15.7598998727784	19.8112118003922	20.7670093176654	23.1244233657836	25.7903764028368	26.0887149549379	26.856037347308	22.2322377191321	27.2555064895151	27.6625265295851	27.8833203725812	22.8919669316553	24.8064039513993	22.3187648851813	21.6276431910645	18.7539816838985	16.5317305506713	13.0180538484061	15.0345908491053	11.0390940751495	14.007385230656	11.5431441557316	11.6898375523358	17.1205373163344	19.177715870249	18.8024167063705	21.0231389663865	23.4894280475281	27.2462254817066	27.4354949107903	29.3978434243058	26.6981801065166	24.4509966668028	26.4670157743558	26.9093394381951	22.3987832482035	20.7820163603054	25.4250713469992	24.5355678556662	20.4980617864226	23.1682763709345	25.2378456687571	22.3463682955419	19.0492700647558	21.9153257790068	22.4060898418265	18.8725821497748	17.9819278443664	14.7712525196748	15.2355046191454	10.3985259532301	12.6643351977117	8.84713631634553	12.7028811298855	14.4333112971348
177	15.9124143988271	13.9299377241968	17.1143539171071	15.2411410662063	14.2448383985218	10.7564963626638	9.93232832723526	6.74578246017465	4.92572218055384	2.92706491216031	2.98521238775401	3.2049129473357	1.3304487964593	0	1.3323175297203	4.46549269398126	5.82901381024269	9.76513159153526	11.9980299632898	10.6302564879687	14.9952632854512	15.6417421663957	12.4816835402922	15.8924333567896	15.1644765488295	17.6533512399204	18.2861716605746	17.1075825878468	19.0520277923375	18.1586356866368	14.737846009509	12.0146228405223	6.84524616065777	12.2753030919811	12.3239546006953	9.17793190212261	8.77302735661983	11.859705392631	12.1847433292622	6.73422371175773	11.6421775454594	14.5368440522694	16.7445586684152	13.9671338863777	16.5380198935665	17.6761160326583	18.7999168881142	18.4764689808415	21.2652641883424	21.2753985156565	25.6982537539032	27.9198957555361	26.4502949132897	23.2435969032334	24.5329026819086	25.7358489659852	22.5215775868388	20.8893888373978	23.2084900198182	23.063365344199	16.6735575088222	17.2390058298035	22.503044082968	21.7635285971738	18.3246863274655	21.0535398686302	16.4098039598284	22.1091880674076	22.11796202185	16.3311580116047	17.7035748084956	21.5616249851443	22.6435417061907	24.6357155568902	27.2238186520554	26.974382828899	27.1404368608908	22.1229809248211	26.986511704924	27.2580238095134	27.4539367486705	22.2308307986904	24.9661118518683	22.4036138602682	21.0341763090452	18.0075861236313	14.5587635807441	11.7051932918684	13.5292090677911	10.8445500598227	12.8587630042707	11.8757793849499	11.163755058223	16.2571014944239	17.4015245596471	17.5532297597906	20.5378620357621	22.4505200162491	25.1943388482413	24.6657382618076	27.4711472457923	25.1735378920008	22.4925506334875	24.4017320081997	25.4993351481955	21.3507898214563	18.4568167081975	23.3334164236616	23.1260116103058	19.3875302449796	20.840587635669	23.1260731859086	20.9770440958682	16.6378978539959	19.319759315271	19.9275122882913	16.0819624735292	15.0946659121691	11.7328310735304	12.0949718891777	8.39487403121691	9.9921443644495	7.35246149258872	10.3250258111058	11.5835487653827
178	17.812376006586	15.7129916311312	18.6687675276115	17.0785387548233	16.1232099161426	13.0307114540995	11.9120551123641	8.37878332456449	7.20631556344849	5.5070051752291	3.71210156111063	3.3490277693683	3.30533644278461	1.3323175297203	0	1.32958076099198	3.00835519844316	5.900889932883	7.70395411460894	4.36919500594789	8.97026515773084	9.45752388313136	7.49553240270496	10.9659666696557	12.5576789654777	14.0384133718879	16.8619676787734	15.7898183966758	17.8097389368851	18.0975120113235	14.357866728731	12.4669462981117	6.16281826764347	11.0110830075883	11.3677498652988	8.259288468143	6.94133279709308	9.64350019443148	10.2623304370888	6.05595483800862	8.04875008929958	11.1569312537095	12.8611048125734	9.17791926310098	11.6515501972913	13.3251896046548	14.3803110188897	16.3318944706363	17.6788535261764	19.8754498313875	23.4822851102698	26.5243570138844	25.7494972960639	22.3975536833825	23.0734596885686	24.9463366849724	22.3911883784671	19.8181633356878	22.1430134579736	22.6119570360462	17.257263861922	16.169668333024	21.3535624428337	21.1238088658272	17.5111528175617	18.9407931460116	14.8775403208998	19.9964085025286	19.4078031729508	13.1333988746249	15.0950971179387	18.1281563320708	20.3536678267088	21.1093654570667	23.769874400173	23.7027700912784	23.2496530941862	19.6739909016956	22.9835162888536	22.0283224281832	21.6935911734318	16.7191211790572	19.7391884331651	16.6142548433567	14.1473794746589	10.6175700609885	6.69471216707634	4.95486034111962	8.17085521839667	8.28082815906719	10.9955895248959	11.3805961618889	12.5424656666861	15.8291818171376	15.1292721900295	18.1102679439041	20.4831443142893	21.202259242826	23.4045403714749	23.1179995241803	24.2433648035911	22.1344937145623	19.1454457508829	20.0693070632745	20.5518499897211	17.4545634147635	14.2351614321721	18.0106515984292	17.0668986637878	13.6442597820475	14.4473596549681	16.2467439507121	13.6792334946078	9.0953382015184	11.194285595785	11.7688075011872	8.07303939046503	7.02810593261086	3.8852258621604	6.62804714829338	3.73973020417249	8.34056341022595	8.5672045615825	11.4071338205528	14.198481785036
179	20.9521725365175	18.7549118099766	21.5468852505414	19.7958762624947	18.5424342792418	15.989395673383	15.0943959137158	11.1452567938114	10.0092523696828	8.93208536681105	6.95929500739837	5.51708011542338	5.52889337933008	4.46549269398126	1.32958076099198	0	1.33143719341169	2.71641915027854	4.89015541675313	4.10078650992709	8.28532208185053	10.2528462877388	8.56746339356054	12.711763292321	14.6931504109908	16.47954401675	19.5767600485882	18.200285959292	20.3325411594321	20.0067238697394	15.8881183278575	14.4415572913727	8.857615311132	11.8330943543944	12.6470963465928	9.98482794043042	7.55939389104709	10.2140993239737	11.0524480998555	7.57473101832665	7.1373937119932	9.91838010967517	11.2885170859595	8.86929472957123	11.8401379637232	13.8057919729366	15.3746879643133	17.7140820253266	19.5712074997942	22.3192209093418	25.7336788275598	28.3962943004893	27.6803574760154	24.1873267228935	24.545224117942	26.2941597507888	23.7608411467271	21.2635403684335	23.2151561700541	23.7283606260525	19.1182223284488	17.0157067734491	22.0557105983915	22.2303865463469	18.6166797791658	19.0433497578551	15.3467824315066	20.0176200383562	18.9683991153708	12.5054839570486	15.1175843969862	18.628359187003	21.2925748090737	22.4810011565322	25.4011582806769	25.932119948049	25.9186932348064	22.447005791419	26.1297075949962	25.1551006557318	24.6128882092289	19.8326942446053	21.8577689163373	18.2124776183802	16.0487313205748	12.7796122398138	8.64430558228941	7.01489280032133	11.2539515282411	11.2741688385441	14.0725116805779	14.4327159259787	15.6925154452688	19.0344581483162	19.3089742089009	21.3874103387951	23.6815821473144	24.702602231344	27.5468994625529	27.5646464878474	28.4958132538799	26.092000498237	23.3445684260815	24.4799717728595	24.6122571090097	21.3783894154822	18.6553530387393	22.2079598567721	20.7626660619488	17.5011897595563	18.7298002925819	20.1977721791291	16.626400602656	12.9095619213047	14.361563320196	14.4852895725284	11.3268442648427	10.9610611256392	8.31221907795987	11.2552064841121	7.193641706396	12.4607823189397	11.7652932815124	14.6610008526021	17.2414243611136
180	17.0416279151964	14.3935078073415	17.0248280461213	15.7534884390728	14.4909435165554	12.6636507769284	11.762496248671	7.55107330119369	7.4234456959016	7.57716596096457	5.0708021061761	3.01520115415208	5.19476755976627	5.82901381024269	3.00835519844316	1.33143719341169	0	1.32899059439863	3.13010702692416	2.98813520443771	5.53880185599738	7.62196332974648	4.37448362666955	8.25112574137614	9.05110634121597	11.0720656609325	13.5369590011937	12.2335255752379	14.3547428399118	14.7809157361782	11.0326515851811	9.59591600630185	3.98796301387062	7.482840971182	8.73845140742912	5.99140751409884	3.4627636361727	6.607998259685	7.91964961346145	4.78644899690784	3.90549689540268	7.05027446274256	7.23362018632441	5.28384944902861	8.0807384563541	9.93426539810569	11.0435171028074	12.7987882238906	14.3165701548939	16.3836255755556	20.017340008103	22.9031472509784	22.177899043868	18.7675779470874	19.461788278573	21.323056746161	19.0346109232629	16.2037154689904	18.615117673547	19.7084993086739	14.4184956912987	12.7666801871121	18.4318495002536	18.5006066116763	14.8704798510337	15.5240800049471	11.7909553896196	16.4063796737732	14.99688314284	8.85388807247979	11.4882368098851	14.5883312273886	16.7521800372369	17.6001594026872	20.3451142046438	20.6317745237776	20.77077333659	16.852618846933	21.0719781226158	20.5284829687924	20.2587014391347	15.3526554380667	17.3360253230087	14.3299324841396	13.0744803720836	10.0944080559486	7.33050100607046	4.3580400411194	7.50436119866308	5.39650386824655	8.5912420522297	8.7940380940726	11.3415664262041	13.4048419237229	14.8920704403384	16.5838300160126	18.1864434126082	19.1714338013619	22.7842704293993	23.116165707141	23.907519444727	21.175844186242	18.7921916231184	20.4403439061088	20.3164065966401	16.4130356424398	14.698427262806	18.6595849364341	16.8664479366582	13.5841119695032	15.4663561642683	17.1270121445628	13.6461576643391	10.5962742980729	13.0700243687608	14.6585942709388	12.1178283945598	10.3738337657782	7.54896622061591	8.53595741554514	3.40637842877153	8.47021634906688	7.37051463603458	11.0364434941697	14.438414490518
181	23.7438861604414	21.6447929073022	23.8866229090677	21.5858826782692	19.7568090794035	18.4306680833875	18.1588915410605	13.7115887117431	12.8285614548164	13.0695255078369	11.0982927065382	8.34054776378627	9.5580773171177	9.76513159153526	5.900889932883	2.71641915027854	1.32899059439863	0	1.33088316542062	3.41970817468391	6.34242997596347	9.00365420260018	9.15079816190916	13.6004449927199	15.6521950537297	17.9651666566164	20.9972388184733	19.3299461716788	21.4198302747711	20.4580314057829	16.3134850047438	15.2013290208455	11.5627132196557	11.7465634549003	12.2889689152508	10.0260566525429	7.68507078692188	9.61678958904686	9.75907751788047	6.1078142571627	5.07380468682034	7.2419833609309	6.11862443691391	6.84778548145311	9.31463128631509	12.5534559385055	15.2006193952747	17.8631090239073	20.2616423075722	23.1835182403362	26.6529438148959	28.7071403835352	28.1170696374996	24.5916438856779	24.5231816451292	26.150347110507	23.7978658917139	21.1827216853737	22.6529863373463	23.1173746563056	19.4102617447576	16.8221203182001	21.0997917762238	21.2147574343899	17.4691259655428	16.7930340617769	13.8758680449189	18.2046891486782	15.2677053285685	9.98688269681786	14.0249895187127	17.5041199150371	20.7622889874888	22.4616774752021	25.6261869968983	26.6345702236774	27.3649166817661	24.2581093451242	27.9348608194134	26.7486970336875	25.9467217967897	21.5232752386806	22.2779235567411	18.3203888877938	15.90763404784	13.4246096777523	8.23412685109964	8.93416974318263	13.2917812576043	13.1167363699969	16.4704198792866	16.8752026654497	19.2224656326913	21.4565617003284	22.6341284126427	24.826182811701	26.3661451676198	27.2558780632729	30.6631049308448	30.6414465389609	31.3236576567935	28.7342018159545	26.2010367161301	27.2831159510786	27.0569827216562	23.7943400412787	21.6764003238545	24.5720661931389	22.7599761423425	19.6632305840114	20.92587245493	21.903723633209	17.8228261788079	15.1153127986158	13.7167481933584	15.0004999916669	13.04291911345	13.2026798037368	11.3181801540707	14.2280605494916	10.1586446438489	15.9328068462528	15.3047871595785	18.8648209639	22.0954564560228
