37	38	39	40	41	42	43	44	45	46	47	48	49	50	51	52	53	54	55	56	57	58	59	60	61	62	63	64	65	66	67	68	69	70	71	72	73	74	75	76	77	78	79	80	81	82	83	84	85	86	87	88	89	90	91	92	93	94	95	96	97	98	99	100	101	102	103	104	105	106	107	108	109	110	111	112	113	114	115	116	117	118	119	120	121	122	123	124	125	126	127	128	129	130	131	132	133	134	135	136	137	138	139	140	141	142	143	144	145	146	147	148	149	150	151	152	153	154	155	156	157	158	159	160	161	162	163	164	165	166	167	168	169	170	171	172	173	174	175	176	177	178	179	180	181	182	183	184	185	186	187	188	189	190	191	192	193	194	195	196	197	198	199	200	201	202	203	204	205	206	207	208	209	210
37	0	1.33698803285594	2.72330332500807	2.64885220425754	3.40823488040364	6.14984601433239	7.17503484312097	4.52973564350063	6.14190076442138	8.89790014553996	9.73880454676035	6.67445256182108	11.0059059599835	13.3590579383428	13.9259479031052	15.1949461664068	15.8913665554602	18.7024246021739	17.2840419462578	20.6213349228414	20.2196682959934	22.3511771949488	20.8595156703122	22.1082299155767	17.7118367201146	18.8245466877691	11.0440272093109	16.6664768622526	13.7473222483508	12.6507942043178	12.6286234008304	11.0893823543063	10.6998451390663	6.67852064457391	7.17141617813386	10.100583200984	8.59085345003626	4.97251998487688	10.614405541527	12.866587931538	10.3755108307977	11.3140593510906	15.5999088138361	17.5670349803261	20.2505079689375	21.2272667576398	20.7008724695362	15.7164871393069	20.1876867917055	17.5012859241828	18.4316646291104	16.6341651729205	21.0998792650574	20.2634260429968	20.9635144477256	17.7804872261702	16.351450119179	18.3787391841769	18.6453972068176	12.7682013611941	15.3966937359941	18.3620739841664	15.9903351434546	13.0632861868674	17.5368500022096	19.4671237988564	14.4627461431085	11.074547169072	19.6956571101347	17.1518708892062	15.3969874001377	20.8913366973011	21.9577778702673	22.3267539512577	23.9235227548118	23.7221855864927	25.1764592228534	22.3524785873961	25.1457913973691	27.7073717627638	27.9594945054448	30.7221838416477	30.8198237827539	24.7934108988659	30.6119551972755	32.0943995893365	28.2114071432107	25.897419639802	27.5806770946618	27.5582270837585	24.1106711851827	23.0876081480954	17.9277605963489	18.7510230387571	10.3399872340347	15.0415920367493	10.4306765839997	16.0124894379356	16.7945379513698	20.094961482919	23.5530477433389	24.6482010296898	18.3507290863333	22.4507613233939	25.7779787803466	23.5256396724935	21.6337290821532	25.4091966421609	27.7497975127748	23.7570458390769	26.2013554802037	28.8627493839378	29.8092853654696	26.7931725071892	24.9952717728774	27.7663433134433	30.4493435233011	27.5073452554041	24.9816306513406	20.3313120334129	19.1261714935321	14.6980224860353	15.8537294981339	11.6632119932718	15.5007027260057	16.3100003065604	18.6923410518854	20.4464266560199	19.6373163645138	22.0483996017852	24.6679259160554	25.4206729651282	27.3937991158583	25.3999276573773	25.0752903273322	21.5475991470048	22.2021681148486	26.1963862775002	23.6596206858859	18.3128715934995	25.1621537035286	27.0848529994165	23.0510440110638	22.8215718126513	27.3403686332134	27.2323514592479	22.458771137353	27.7902829420645	30.3316978753251	29.2220007015262	25.4077017260515	25.4039328057685	24.6060812808541	22.0407706534958	19.3510003100615	18.4732339615997	14.9988773246533	13.7591113085112	10.0293897620942	12.6425055665402	10.3685295968136	6.31388351175408	6.09559422862119	12.2255570016257	14.1856011857094	12.5404679737241	14.6791914286857	13.8448588652973	16.9494303444098	18.7523417470992	21.1484609605522	24.4548437737803	27.1947051647927	30.5388055431119
38	1.33698803285594	0	1.33316240571058	3.20334778005761	3.59301099358185	5.04276680008108	6.27207350084484	3.90644659505285	3.92529591241221	6.67296912925573	7.70821659010694	3.49537251233685	7.67040611701884	10.1519856678386	11.5298326527318	12.9993255978916	14.3754959218804	17.6027583633929	17.1353043159437	21.5896547911262	21.6327766363914	23.7132714529227	21.6153149872955	22.7052094022495	18.2983571393718	19.089246737365	11.6655339354871	16.434019289267	14.2390242643237	13.9745710846523	13.5592636230733	13.0485255105702	12.6852897877818	8.6780256395104	8.01083472554515	11.71677306258	11.1472542807635	7.74345078114403	12.2242153940447	14.7403331712686	13.0946315717549	12.2590369116012	17.1646001409878	19.4621098804832	22.1692647149156	22.9895573032627	22.1291534406538	17.3528720677587	21.1913010690708	18.991483038457	19.1010929006693	17.2785189758845	21.7381049312032	21.1518040128969	22.5340862916605	19.7036534683292	17.605609730992	19.9690860331664	21.4995769958388	16.4866049264244	17.3862341235818	20.9441276972807	19.8878539314829	15.3910067571943	20.0272974712017	22.2655816227648	17.6563278741645	13.9752655073168	22.3743389623023	19.3220189938836	17.5928318357222	22.7390493644743	23.7448102961468	23.4117398114707	25.1262598490106	24.2320777070395	25.0346935471557	22.2295606344345	24.7878304012271	27.3713421483127	27.7999883812925	30.6751769514049	31.1071719865371	24.8848333930529	31.0792527902458	32.848329546569	29.4696723768691	26.5139720336279	28.1349848764843	28.0068664080793	24.4609993458975	22.9232719305076	17.8007897015835	18.2070455044194	9.68372474825674	13.9022299650092	9.62417887406504	15.0218681594534	15.2656514436823	18.5320755988098	21.7757474957807	23.0068809489683	16.4022870661381	20.3383106722264	24.1454862655528	22.7392582332846	20.504417914196	24.159208782574	26.7108129977356	23.6358583089339	25.4544853807733	28.143304656703	29.6320651659651	26.9151918068588	24.5519870886248	27.8213406039321	29.9206214841871	26.9368429664651	24.3462099925224	19.6212189478636	18.0254291765827	13.4069323858965	14.0340499500322	9.3065665527089	13.0206457981162	13.9864976673934	15.790351389377	17.6138920741556	17.4634822128921	19.5475987272094	21.9789941080114	22.610345795675	24.5618017865139	22.1733279414706	21.6667746561411	18.0942431728989	18.5590062772768	22.758363495647	20.6785319111391	15.0726575294472	21.9262121215681	24.0648178260298	20.4878233348494	20.0703010689925	24.5618475282296	25.027214687216	20.4117318226553	25.4756512968756	28.1244965999393	27.5280373800967	24.0685801824703	23.5854923416917	22.5003601082294	19.9910372167129	16.9478239901174	15.5291136257032	11.8527448297852	10.2596505301107	6.78023133823618	8.9941697782508	6.9392568045865	3.48530199552349	3.17357148966271	8.79281644298344	10.8303282498731	9.66440158519915	11.5720825264945	11.21172578152	14.595710739803	16.7313293255497	19.5085213688788	23.010675370358	25.9930145616087	29.293887365797
39	2.72330332500807	1.33316240571058	0	1.31959539253515	3.61975316838041	6.26724453009455	8.01677117049003	6.10020475066207	6.07358493807406	8.79314903774524	10.4187358158272	6.84711223801685	8.90896930065425	13.1936285380482	14.2861635857917	16.0072560421829	16.9643839852793	20.1380587197475	19.2248833806606	23.6291311097129	23.7400563815674	25.7173468499377	23.4569547256246	24.2005976165879	19.5620894078317	19.9665085079991	11.7263960789323	16.3972701081613	13.3934848713843	12.8737945455099	11.8036794687081	10.7716038267289	11.8634795064517	7.43513913790454	8.12780327025697	11.814240094056	12.0874541984654	9.6315177412493	13.8239601417249	16.355307823456	15.2132257591873	14.2887408822471	19.1392742809125	21.5118781374384	24.2020021899016	24.7479680175969	23.3327630168396	18.5255858206967	21.315471048044	18.6276532875185	18.3133670579716	15.5347987112804	20.0532595106132	18.6084734999946	19.7661861268177	16.083962353848	14.9183876139481	17.4930563938953	19.0818166325955	14.6974603928706	16.1285469277303	19.5557366008034	18.7303519721334	15.5394097700009	19.9100066549461	22.2350891610535	18.7563967488428	15.6631180803823	23.6053490760039	20.9459007922791	18.2311353733112	22.6561098823253	22.9668415111874	22.4010527877598	23.7014166032328	23.1075542842595	23.8295710410406	21.7227768712934	24.1368332844224	26.8465178747636	27.9698387017158	30.6134846758745	30.4231090127225	24.8826733290457	31.0530893954209	32.9252317379848	29.3377313540089	26.9558924541555	29.0038867222998	29.2252259871502	25.645784097976	24.6388396845306	19.4994041703843	19.7088357088896	11.0566131342288	14.9478248250373	9.9474622894485	14.8553525033908	14.0963720509924	17.6611240016031	20.937349450205	22.8890399536547	16.2868556204075	21.3778153233674	24.6216145287022	22.2767152874925	21.7583933460171	25.0949400875954	27.4756025229657	24.1103951647417	26.6225951589998	29.352309926137	30.3583914428943	27.5936046394812	26.2810154484183	29.4710511180039	31.7156658451309	28.7716709629455	26.1673673685375	21.5989225194221	19.9808524592921	15.3989808104303	15.7037243034893	11.3540784742752	13.8128057975199	12.7371788085117	15.9544563680496	16.6194573316941	16.713119696813	19.5327599944299	21.3992854787257	21.602036524365	23.6879265027566	21.4088379180188	20.7949134405508	17.2209670169825	17.6409288587648	22.4672965885974	21.1182774628993	15.8503692386013	22.7872470693588	25.2095330777863	21.6983523337603	22.317093471149	26.3986053608898	25.9055324979048	22.458027406698	27.4647403410263	30.0923983756696	29.5321489397572	25.8630259250537	25.7343187397685	24.680842874586	22.1912617712468	19.1624293866931	17.7347274577311	14.016480335662	11.2866871135865	6.86558788451506	6.51453436555522	3.51579720689348	3.62500786206044	4.23363744314508	7.10249230904194	10.1396104954776	9.63754621259997	13.235429007025	13.429678365471	16.8221415402439	18.9139513322838	21.6147085106415	25.0780589559878	28.001806513152	31.3195573563868
40	2.64885220425754	3.20334778005761	1.31959539253515	0	1.33112809300984	4.46415378319341	6.37353794999293	6.31827555587757	7.15127925618906	9.49436664554303	11.2032522956506	9.09432751774423	12.2754106244964	14.9112863630205	14.87796054572	16.2537900195616	15.9516146831598	19.3476274772903	17.2303753586508	21.0275123825906	20.8965978331402	22.772153060262	20.2353115370137	20.1821543200918	15.590655246012	16.1746294238848	7.7597550219063	13.3278286303509	9.95150772496309	8.77804220769073	8.60003686038612	5.33000234521525	7.34902775882633	2.95229690241344	4.19982487730144	7.24562585288531	7.90252225558397	6.81313863061659	10.1009052069604	12.3562839883195	12.4237627150554	12.204728509885	16.0650150949198	18.2929084893573	20.8532292463302	20.6253427365462	18.929077949018	14.1063125231224	17.0018848660965	14.122959392422	14.6495176029793	12.4725142212787	16.696581835813	14.1084786919072	13.8920757988142	9.78885943304939	9.88026239530105	11.9513032762122	12.4458900043348	7.63084746276585	10.9771841562397	13.6345548515527	11.8081023454237	11.013005266502	15.034777384451	16.8630670104818	14.7911981259126	11.9476924131817	19.1936859409546	16.6665427128724	13.6289519773165	18.0932991463691	18.4191069544644	18.5108868777269	19.5154012256986	19.8389420584869	21.3942820398349	18.7544847969759	21.5436381792862	24.1339711817181	24.6660615826686	27.293156706398	27.0944663907596	21.3902958137563	27.1945515498969	28.8210061240062	24.9064613704958	22.7779615637572	24.9651378926694	25.3169759845049	21.8060547096443	21.5027116662062	16.3172383386405	16.5465788004651	8.44567883594919	12.6383016264053	7.6631088338872	12.9189233684545	13.774254317385	17.093621324927	20.6125218981084	21.8061029301432	15.6793951732839	20.2782066514769	23.1398006257617	20.2673557476056	19.2503040235732	22.8368763406907	24.9826009254441	20.6468526415045	23.5706653703284	26.3200740310509	26.8527962044924	23.8273515523652	23.1669051882205	26.0440464981923	28.9302352738446	26.4465393577307	23.6733766286096	19.7822133746454	17.7688087107718	13.7129185806669	14.0484863953381	10.0750012903225	13.4926105702344	13.7816518966342	16.6787472251365	18.2637801673148	16.942741071031	19.7399352582525	22.2876087097741	23.1449503996012	25.1519909947503	23.606103003249	23.4822352215457	19.9929580352683	21.1303223117869	24.8998333729365	21.7076929681622	16.8631990144219	23.8372053311625	25.378252954055	21.1294442189093	21.7011655216949	25.8772648090945	24.9902863328934	20.9722252515082	26.255719776841	28.7523708413758	27.6283661116614	23.5713006005184	24.6170832756442	24.0924082025853	22.011036277286	18.9117735286778	18.2830026527373	14.7180818043657	13.3817128201139	9.21909464101546	11.714663119356	9.40172909628862	6.49936273799208	4.77003679231093	10.5676870695531	12.4664423553795	10.3598755301403	13.3972154569522	13.0977031574242	15.9052587530037	18.0172857278781	20.303275745554	23.4753853003524	25.8850028008498	29.3106689620009
41	3.40823488040364	3.59301099358185	3.61975316838041	1.33112809300984	0	1.325542907642	2.7676318396781	3.17474880896111	3.11256003958157	5.11950954682184	6.97905939221038	7.53552586088058	8.86487862297054	11.0370069312291	10.5886916094483	12.1968421322898	11.9574953062922	15.2554632181393	13.2989409352775	17.4686104198359	17.7169194274851	19.4729912956382	16.85842893036	17.3218875992197	12.7926113831383	13.8924562982937	6.77601955428112	12.4975265152749	10.0616774943346	9.48561732308446	9.58475028365372	9.43945199680575	8.41027312279452	4.90933946677147	3.21847292982247	6.1900504844468	7.85327925137009	5.70590930527291	7.45454176995475	10.042539967558	10.8530383303479	8.5495306888741	12.9677635311568	15.50809279054	18.1106469514482	18.1088014512281	16.6005346299449	11.975085636437	15.634696223464	13.4433850275889	14.5788478625713	13.3488863205887	17.7295589341642	17.6069276706642	18.8723505955141	16.6116058224363	14.0084709372579	16.1374514406705	17.9276241314905	13.7597067192582	12.5212679070452	16.8344389273893	16.6169073837462	11.1377558780932	15.8434972465046	18.3583085822197	14.9487623902449	11.258261810777	18.372744079206	14.7475192151087	12.7767378074374	17.2743368324228	18.3208842854268	18.5952551474832	20.3945124482053	20.0394294080445	21.3334508694679	18.3224375288879	21.085376283102	23.5994048653774	23.4054688267507	26.2487399697585	26.6989220007101	20.3106398225167	26.0588536394063	27.5239034113986	23.8448179904985	21.0679203055261	22.6501756946828	22.6022174133424	19.1247710313091	18.1739591173745	12.9921569417861	13.8306593841364	5.71960120987469	10.2361860573165	5.9434217417242	11.5753518305061	12.9569803966819	15.9551775609048	19.3795353401468	20.0466720928936	13.8781499487504	17.5852041785133	20.9745464313296	19.0822161710845	16.882400421741	20.6031386443911	23.0283986851018	19.0763404509356	21.4445153127787	24.0701492309458	24.8906065816002	21.9475752419259	20.0735556641069	22.840363941934	25.6242855705286	22.8239812697084	20.223161473914	15.9007261783857	14.5560389529569	10.2365109290226	10.9548360553684	6.99417157353178	10.8021714946579	12.4834772799889	14.7551038627317	16.9234211080384	15.6542001392598	17.5429705865341	20.6859079810387	22.277035619669	24.0667212141579	21.9704154034465	21.6776199108666	18.3152883952178	18.8547047179212	22.4832760958006	19.5148289513385	14.3986487560465	20.9910890856096	22.5204646044437	18.319443605088	18.2213681429249	22.7100838175468	22.3932528677725	17.6616341542905	22.9972078305172	25.5164184398987	24.463819509635	20.6932017097403	20.8709160556024	20.1060987016378	17.865231540621	14.846834612132	14.2229752864863	10.8579935531386	10.2478128886119	5.93791057527814	10.1867343147841	9.58047791083514	5.94804589760368	3.93133933920744	10.3680955338963	11.5690860918225	8.63657073148828	10.5516349917916	9.22251375710549	12.2758665681898	14.1710822804753	16.6339957316335	20.0016152597734	22.6220940454238	25.9954481784792
42	6.14984601433239	5.04276680008108	6.26724453009455	4.46415378319341	1.325542907642	0	1.3285213585035	3.79656384115953	3.91503895255207	3.46435939244184	5.65863534785552	7.58738195954309	7.37196384961294	9.57227841216499	8.31447701301771	10.1822746967463	9.70008958721516	13.9291594505914	13.1110971699549	18.5723750231358	19.4431400241833	20.9482742964665	17.474558249066	17.8654102947567	13.4176357082759	13.6114635142589	6.18907901064448	9.33043219792095	7.3632900934297	8.36855339948309	7.3519753127986	9.45757252153004	9.81630083076105	6.69206530153435	4.01027255931564	8.40996189052007	10.8515562939147	9.32410269141219	9.92665633534273	13.1040003434066	14.5478104538106	10.5131860537137	15.0730737741179	18.093661707902	20.5653785036892	20.1641244788858	18.1174577134873	14.4082457641449	15.5312812092242	13.6734143870505	12.2090053239402	10.2872729622578	14.4884576473826	14.363584858941	16.9400995864841	15.3560487756454	11.8951316512261	14.3674905254884	16.7037944491663	14.2641001819253	12.5625209253557	17.0972031046016	18.4284487138771	13.727041123272	17.4925340931496	20.4907558669757	18.1551511423067	14.7648627829723	21.4021119752234	17.7194692076258	15.4150673368623	17.7882386143204	18.309407336121	16.7827914245515	18.4723728037304	16.9365559958334	17.3412639101076	14.8006815045794	17.1876205741225	19.8441565706381	20.8245661419392	23.5762812589263	23.7805811114867	17.9431004567215	24.3621086731013	26.3962280828152	23.6025058627257	20.6365616806676	22.6902848153125	22.5088204266683	18.756159761529	17.0730799506123	11.922976348211	12.0308930674327	4.0632681427639	7.15918249522947	2.87165074478078	7.38332540255405	7.36756737329222	10.5707926382084	13.9729878694573	15.0493582919671	8.5183737297679	13.0597351045111	16.4139726148181	14.888562724454	13.6482524156025	16.9446027690235	19.4653615686943	17.0556854157199	18.9745191770437	21.655110320661	23.2116750364983	20.7650492173749	18.2574424824508	21.8073243200536	23.5569197052586	20.7805814644345	17.9777284716396	14.0784782558343	11.4727812234	6.85407513819333	7.66480854294483	3.63295403218923	6.07855097864615	7.0930970668672	9.58628702887619	11.6880025239559	10.1228101335548	12.2415328288577	15.2158109872593	17.0564569005406	18.8548254035936	17.1112519121191	17.1766234749441	14.1120855297862	15.7703434965761	18.0209183173333	14.3865783979374	10.0035307266984	16.7395301606706	17.9510127012378	13.6945014878235	14.4829908858633	18.7081226743893	17.6709425045751	14.0619325129941	19.369135318852	21.9200345118341	20.9985441876336	17.4902393923011	17.1653377187867	16.3751354498215	14.3050861234737	11.1077689028895	10.780763238287	7.71205666472959	8.04052790555446	3.76091823894112	9.07814771856021	9.73673677368347	6.64243419237255	3.38558503068525	8.05902183890824	7.56560704768626	3.27415134042396	6.80340796953997	5.41998985238902	8.45169485961248	10.3867679766133	12.9955981008955	16.4512708627632	19.4030704271257	22.7132868823515
43	7.17503484312097	6.27207350084484	8.01677117049003	6.37353794999293	2.7676318396781	1.3285213585035	0	1.331688401992	2.82847414695627	2.81411673531856	2.97689183545523	5.00389388376692	6.59880095168811	7.88302334133294	6.2523007765142	7.34186338745144	6.21035626997357	9.63017222068224	8.13158908209213	13.2279623903306	14.0786745469877	15.725143719534	12.7466480299724	13.6466994544469	9.53461242002002	10.4996636612798	6.70991043159296	10.9039334645806	10.4881099345878	10.5943914879525	11.2852494877163	12.4928870162185	10.5613509079095	7.76858680842275	3.5154144848083	7.16240420529308	9.30781010764616	6.94049717239334	5.6203694718408	9.33431459722673	10.4933985914955	5.30667541875325	10.1497906382349	13.1831536818775	15.6202296397972	15.6808824369039	14.0692553463216	10.641156704043	14.0484801313167	13.2054087782242	14.2940936753612	14.4340448246498	18.3198099880976	19.2431100137166	21.0667820751058	19.763371448212	16.2941110834559	18.2099470894344	20.1381199718345	16.951979323961	13.7533200718954	18.4977687573394	18.6376939560666	12.6663128415494	16.9341691854074	19.7443874810033	16.7746001442657	12.4966108605493	18.7429667342179	13.8774223471075	13.2659326471982	16.6712312982575	18.3506235588876	18.447209138512	20.440314014222	19.6221496273981	20.241067412565	16.7350005079175	19.5369433126065	21.5761360998674	20.3597653228125	23.4607384581134	24.8462538423803	17.8554493922724	23.5804792572161	25.0757638368206	21.9611967114727	18.0263911252364	18.9970865134631	18.4420040939156	14.970586528256	12.8917096228545	7.70771165781388	8.96121944826707	3.37587573823445	7.69008049372697	5.64397103110921	10.9402406280666	13.081528542185	15.8075000553535	19.1311151007985	18.6136926750175	13.3659047954113	15.030277076621	18.3830085948955	16.5388989053081	12.5199581868311	16.7505222306649	19.1278992312277	15.863178054854	16.5847440739976	19.3382188166335	20.6572608784418	18.0745909497283	14.6404941856482	17.9374523832121	19.8614837310811	16.9475460760548	14.3248210809071	10.0618379036834	8.60814271489501	4.46863222921735	7.34754768613311	5.1012211283182	9.76774313749087	12.1565040204822	14.6016674047863	17.0899491807319	15.7010872553464	16.7661238812076	20.5054800480262	22.6275031322504	24.3668048172098	21.965224651708	21.5028277675286	18.2324868846792	18.6707761488375	21.8496304087735	18.9503830568144	13.8885530923851	19.8440532653992	20.5230277736985	16.2417214297007	15.0713706410532	19.7194133279872	19.7948028785335	13.2084276884117	18.836474431273	21.0783289897468	19.1524272091033	15.2560877684943	15.2534152569187	15.0418170777337	12.5375555033667	10.8849264581806	11.8689725755855	9.58612638139098	9.89325158883569	5.70382625962608	10.9093188604972	11.4355555614933	7.97029836329858	5.87454968486947	11.6092964903133	12.0602354040044	8.63585780336847	9.3987283182354	6.65507851193357	8.73466410344439	8.45119464927888	10.8921412036385	13.9240270396175	16.5476530057891	19.8674956901971
44	4.52973564350063	3.90644659505285	6.10020475066207	6.31827555587757	3.17474880896111	3.79656384115953	1.331688401992	0	1.32736656579861	3.48432862973629	3.58675940090773	3.13697736682941	5.22259370428143	7.13671871380679	7.47705837880112	8.90531352620446	9.92422682126925	13.0054138342461	11.9114484845463	16.7189531071775	17.2365156861821	19.0651840012102	16.4872030375076	17.6056979696915	13.2985253693784	14.6334769962576	8.97605581533449	13.9972357985425	12.620867561305	12.3661733369705	13.0938480211128	13.410581419163	11.5518374728872	8.14626791850109	5.543756397967	8.7776959391403	9.89294991395388	6.3059490958935	8.56008563041282	11.2151917504785	11.1013316318359	7.80676322172	12.9932299294671	15.7469339555356	18.3533952717202	18.7470675306833	17.4582119645742	13.2948908607781	17.2553623259554	15.6665756947713	16.8068367636507	16.5126126945435	20.5344227578961	21.1264421519573	22.5698511071739	21.2580334697262	17.9336111254817	19.6827703588697	21.3481051383958	17.2300616946081	15.4563604059947	19.8947432504167	19.248082657761	13.8350265991794	18.5372099842452	20.9695706441501	16.5860697574802	12.4280918084797	20.25202745406	16.004429511857	14.948713456348	19.2524475846579	20.7335702183681	20.9512578381347	22.866145565005	22.2242365898134	23.2468344941844	19.9559321005059	22.8203804087487	25.1224115283545	24.4789917276019	27.4784666420818	28.4362889808076	21.6558819954303	27.4446709216926	28.9350225850957	25.5096482335606	22.0529029608349	23.2488165720322	22.8073509421853	19.4052492898185	17.4972523843031	12.3888273456369	13.7703326757199	6.22628340183773	11.2337520891285	8.35037418323275	13.7034064743041	15.8973245862315	18.6586206885718	21.9918075882816	21.9345576887249	16.216274880502	18.6355262066838	22.2327705201129	20.5093085939044	17.083433173692	21.1689223863663	23.5941625195725	20.0283865051581	21.4206111957619	24.1301819926829	25.2996027439168	22.676639279223	19.5336500941324	22.4315662850368	24.6563755649528	21.5548271623783	19.1398303806486	14.2810659966264	13.4982760751142	9.06114573329444	11.5045143313397	7.64031419511004	12.4477324039361	14.8614176308991	17.1387834749144	19.6342159252668	18.4907663713541	19.484502816341	23.2000670688686	25.2225797451411	26.8930924402531	24.2673219783313	23.4118105237506	19.9867356013932	19.5280358971403	23.6755178401656	21.4689810191355	16.1097307860808	21.9763806392226	23.4776262215753	19.3910757566464	18.2551791281269	23.0675678388511	23.4816027774937	17.4242252625475	22.817712199079	25.3417273483873	23.8454036661156	20.0690053066912	19.5721460499354	18.8707281523528	16.0491341199455	13.9454588307449	13.4702226410702	10.6705690569904	9.98759891064915	6.65309018426775	10.4439969360394	10.1953179940598	6.19768868208141	6.98909092801059	12.3206136616647	13.8008819283407	10.9895524931637	11.4828866579793	8.90986167120455	12.0533330660029	12.8226681700807	15.327823198354	18.5805849477351	21.3864690867848	24.6571959679117
45	6.14190076442138	3.92529591241221	6.07358493807406	7.15127925618906	3.11256003958157	3.91503895255207	2.82847414695627	1.32736656579861	0	1.33124039902641	3.15473311074011	3.0637599449043	2.71302690734906	4.95298637187707	6.32132675947067	8.47053180148684	10.2491543553602	13.6704537598428	13.7179516328058	18.7524424009247	19.4481053318826	21.2987091862394	18.603371361127	19.9039291849625	15.6104162981004	16.6580890560712	10.8724845366641	15.4812306358377	14.2323624883573	14.2270015463554	14.5457351137713	14.8688871809561	13.5631702415033	10.0823747698645	7.74563625533758	11.1194246254022	12.5896866521769	9.44762255808307	11.1581235877723	13.8144685746503	14.124462396849	10.0734096511559	15.4127773616568	18.1747425016147	20.7801364769339	21.2275629548001	19.9521797054858	15.8928152635082	19.5208631725137	17.9845438641073	18.6513635962629	17.9877585596427	22.1312152400179	22.3895105127379	24.116333158256	22.4052346115813	19.2907227962044	21.3070657529375	23.1087635973888	19.1203436423094	17.5718874057399	21.9860746155379	21.6919161440385	16.1717700020746	20.8965634973792	23.3813952321071	19.4929388753979	15.3991804327373	22.8036751862501	18.6026284701921	17.485028853279	21.779437090981	23.0677956900957	22.9783282899344	24.9267804780321	23.9549447505103	24.7585830168045	21.4666646221531	24.0303032856433	26.4611326099243	26.1315914938222	29.1687456878077	30.2010736398559	23.4245435601209	29.4314141692172	31.037162144758	27.8458117676609	24.2038553333968	25.386419479714	24.9021004937335	21.4758089253932	19.2377862291897	14.0910510963519	15.2769622634868	7.62163742249656	12.0780810561943	9.05000127071814	14.1162888536612	15.0361430559835	17.8491003134612	20.9057581302377	21.5104652436901	15.1300365168099	17.9189399519056	22.1511538977093	21.4476766340786	18.0045552291635	21.896875165192	24.6001246338306	21.7429468563946	22.4877704764167	25.423642657967	27.0572702429495	24.5910559350346	20.9708668633416	24.2319447011584	25.6546097417209	22.4501193092598	20.0798868024698	15.2776326372904	13.8953623198533	9.48043559125845	11.2094708617312	6.57279339398402	10.9866677386731	12.7732183101989	14.3510023691727	16.7388120546232	16.6823114405648	17.6991178311237	20.771463357212	22.0580906018631	23.8077797998889	20.8115103728682	19.9718944519542	16.4809754565681	16.2617373610571	20.4835353637989	18.782464960702	12.8975331749913	19.1837943587811	21.342902918769	17.8895943218397	16.0662964618483	21.0562943795911	22.6057948986538	16.5859505304942	20.9936097658311	24.2130256267159	23.4578311231026	20.0221220154109	18.5386633282985	17.1411936865552	14.1272962027417	11.5033067419764	10.3666189280787	7.64115737306856	6.50883476514806	3.96105516245356	7.08867886139583	7.19035054778277	3.86583263993671	4.12142208466932	8.70058463552881	10.1580083677855	8.09897808368439	9.08104366248726	6.23194809028445	10.530567458594	11.8014299557299	14.7052775900355	18.2775092942118	21.5322826704463	24.6359301427813
46	8.89790014553996	6.67296912925573	8.79314903774524	9.49436664554303	5.11950954682184	3.46435939244184	2.81411673531856	3.48432862973629	1.33124039902641	0	1.3284987768154	3.29162300392982	3.18046694684916	3.26285350575229	3.08787645478248	4.76548601928492	4.26553103376356	8.15448477832904	8.2028598671439	13.5955303316936	15.3279091202943	16.9467336675833	13.1080357796277	15.0455407679485	11.7215233651603	12.950004864864	10.7081853738157	13.8537729878903	14.6607888259807	15.3440360401037	15.7650691720652	16.8098312305627	15.4087280785923	12.1731386667531	8.53406550244372	11.9484375966065	13.7129570844512	10.7376284159958	8.20946009186962	12.6840032718381	13.5209568448391	8.01399532068743	11.9617050206064	15.581373238582	17.7882939316844	17.5823115943268	16.4194872636145	13.9128069777454	17.0305247717151	16.9028232848835	17.8488758469546	18.7052218110345	22.1599076938511	23.5220434699029	25.5734413992329	24.1675869916713	20.715506028094	22.5512111648133	24.7770828387847	21.2241528688426	18.4224978219567	23.2507145696643	23.3554880274423	17.2260786019338	21.0519120509278	24.0217939796344	20.9088238550139	16.0557807035348	22.0283150513152	16.9355025021403	17.1273197260984	20.1238662537794	21.9806710316132	21.5068624164475	24.06006832908	22.8019905271448	22.9772531430543	19.326609480196	21.7958994767364	23.6785645046316	22.2766211980183	25.4669651313226	27.1707638832625	20.2814733439166	25.8567370137842	27.4551451097968	24.3116734101131	20.2239889734938	20.7248957777838	19.716701498983	16.4858638232881	13.1571660322427	8.25646328641992	10.1784799454535	6.302724569581	9.45099455083961	9.39426984922192	13.3636209539181	15.6474173587848	17.8154433287527	20.0730578138957	19.4021131581073	14.6625986100691	14.5612234719477	18.6981012137596	17.6674940215074	13.1928059562778	17.1705637356495	19.7774837883893	17.6700462364986	16.8984063153896	19.8977094912957	21.8647135128727	19.2132181062934	14.9143141310621	18.0024395291305	19.3073550752039	16.1357074217401	13.7557398565108	9.04437477109391	7.77207288951924	4.02560728337974	7.22635239937827	5.33668886108231	9.95120439946844	12.892258568614	14.7992900505396	17.6540281522377	17.1642383460496	16.711285109171	20.8524794928565	23.2890134827562	24.8074647233449	21.452906586288	20.2826482738325	16.7195735890602	16.1609375037465	19.8277905476127	17.619148957881	12.7655638731707	17.2524650122816	18.7006497480703	15.0653000965796	12.4213985122449	17.4575832806262	18.4820402282865	11.5652961051587	16.0734565666505	19.1792534004846	17.6911443383406	14.2344324439017	12.6264020607614	11.7589831618214	9.03184244769582	7.27597855961657	7.76177176938358	6.39890889136578	6.78538274528416	3.602022071004	8.28223411888362	9.17600049040975	6.27555081247854	6.84172156697421	10.9962318545946	11.9560945964809	9.1117382534838	7.56204436643954	3.4094159323849	6.52769040319775	5.79346321296684	8.60826881550524	12.0383773408213	15.2313940268119	18.3205989257993
47	9.73880454676035	7.70821659010694	10.4187358158272	11.2032522956506	6.97905939221038	5.65863534785552	2.97689183545523	3.58675940090773	3.15473311074011	1.3284987768154	0	1.33265599462127	3.24255300650582	2.92826330783282	3.70577319867258	4.72665050537905	5.73389474964443	8.86225253533209	8.80843822706387	13.1544438498935	13.9480820903807	15.9879555916321	13.5289249757695	16.4625613438493	13.0059746270704	15.3488737697591	11.6337561432239	16.3022320557646	16.0227521044295	15.6379857398579	16.9596444833021	17.1829894081327	14.3164955558265	10.891781029749	8.60991556288446	11.0344766074336	11.2041910908374	7.68821995002745	7.70886353491875	10.7820007883509	10.3547315754683	5.28546393422564	10.685100701444	13.3944968550521	15.8899564820046	16.6314405269057	16.6990155997292	13.1644335237032	17.8516906482271	17.3660967692801	19.2619413611401	20.1082912998594	23.7274307290107	24.7135688033922	26.1188979476547	25.0530585957084	21.8272293477665	23.0128097154607	24.459653431723	20.8389625941408	18.059859634006	22.334320809015	21.4149455521138	15.5214865911742	19.9871915736053	22.267004154129	17.9424392154467	13.1005101427387	19.9667394183427	15.1703414925307	15.7133027400353	19.8643687289579	22.0456512038089	22.8919888825764	25.103453268425	24.8445942007512	25.8217702530249	22.455257268622	25.160018799675	27.268169227141	25.856668791629	28.9045165328881	30.07028305487	23.2795006819304	28.4070175132836	29.4239052642575	25.6749546835043	22.316770196424	22.6170138391433	21.6375447775389	18.810097421332	15.7963556556568	11.1039530798721	14.0272475917409	8.76459930630032	12.7213531512964	11.4442212928622	16.01808406146	18.2633753999637	20.5911226017427	23.3461957072239	23.0201828185616	17.549964643839	18.4970432502062	22.7632159634793	21.726542223741	17.5409769682307	21.5592028377675	24.1714523560336	21.3103958433437	21.3896934293131	24.2113383768845	25.4042198463169	22.2464058670159	18.4638354899517	20.7248484916054	22.6090032066874	19.0865238584715	17.276752067446	11.5135312133159	12.4544965775418	8.40833312851008	11.4356603657157	8.18255907403057	12.9108231340995	15.6872197026752	17.4901223266162	20.2633528074699	19.919807152681	19.7224676447954	23.6961381663764	25.9055189679728	27.4001778278901	23.9553239594041	22.7465565745675	19.21587786181	18.3824194816678	22.4349279695746	20.6290497599865	15.2606338007306	20.2854216125769	22.1436239355712	18.6853941622862	16.0623986066839	21.209569774043	22.7126627897303	16.0458339141348	20.1669804879164	23.6177110872328	22.3639057411714	18.8958521109793	16.9781696598897	15.7191394484558	12.5067943934487	10.4133262697373	10.6347931808757	8.75591011831438	8.76624651718168	5.99625424744482	10.3985219141953	10.6933198773814	7.66246161491201	9.4741419664263	13.6083768686791	14.57872689915	11.5674028632187	10.41818477471	6.31653963812466	10.3956362960619	10.1439280360223	13.1927652901126	16.5912238547975	19.718799785991	22.6940369700941
48	6.67445256182108	3.49537251233685	6.84711223801685	9.09432751774423	7.53552586088058	7.58738195954309	5.00389388376692	3.13697736682941	3.0637599449043	3.29162300392982	1.33265599462127	0	1.33137297554066	2.86855521125182	5.54431934505941	6.69412951771924	9.02548198158968	12.1122633310212	13.3825830092699	17.8459065614499	19.084498054704	21.2310492439729	18.4019099823904	21.2403021871159	17.5847035801005	19.1412501681578	14.8862485872029	19.1335112041674	18.4686271552598	18.4999030808272	18.9059633449343	18.2412121855978	17.1322198503288	13.4937245043761	11.5587905076613	14.8102613413808	15.2074187816342	10.8735451900473	12.7756041344431	15.9078245212851	15.0346619183805	10.752199449415	16.1730566375067	18.8132143718185	21.3571788633237	22.0947047502337	21.7918918407742	18.2168907884963	22.5308063548556	21.459730869701	22.5569732233737	22.4083915308529	26.3751687198395	26.9110550517812	27.9945743493271	25.5077262412783	23.2403867867985	25.28000429193	26.4959135151064	21.7172582523669	21.5949132436322	25.5524783338133	24.5059912266368	19.3741978930742	24.0952373094767	26.3828314250006	21.5291726501508	17.2017606366325	25.1230571985179	20.4799844970644	20.4219700078127	24.6744057881846	26.5025522733189	26.7854475788627	28.7729460778697	27.8457269432852	28.54150975334	25.0522785191288	27.7185299934899	29.9000851169357	28.9438724603326	32.0761241424209	33.50556134435	26.5128064150139	32.2553593066331	33.7173732221239	30.2896931314928	26.5340985149298	27.1968396877284	26.1630678629246	23.0720984091175	19.6908882989062	14.9026146028138	17.1593067750419	11.1401317765994	15.3011362649968	13.4612827769125	18.3409699307316	20.2342226191173	22.6724629672208	25.5566726511884	25.4372477677912	19.6637493372958	20.9342992240008	25.3416469472684	24.4397695160981	20.3383434428667	24.3124316759965	26.9554748056865	24.4887685888858	24.2813561606431	27.236041599322	28.9302442782635	26.0975308027407	21.9720743444947	24.8541100424055	26.0800740221342	22.541744453347	20.6473787682602	15.1380133769263	15.2074026053103	11.2271610391942	13.9363955526528	10.2802613780001	15.009051435717	17.4675322527253	18.9239719932154	21.5112510096461	21.7031876460579	21.7430109460488	25.337985614488	26.7151296833835	28.2097419165791	24.398419805389	22.8903427890453	19.5904678096262	17.6837413744943	22.6349015018842	21.7716464466976	15.9219610287175	21.1435023825288	23.4761388648134	20.8664230283966	17.8794504949118	23.0049959139314	25.0405014526467	18.5775326940905	22.2009141478454	26.0132546214425	24.9596663639561	21.4835665102422	19.31694960391	17.8020188742738	14.2216869955712	11.3530757506501	11.3352594147642	9.53141631658171	7.9072552127777	7.19992138845974	9.17253710812881	8.25842230695428	3.57341265459225	8.92564608305752	12.7475934591593	14.6250313503937	12.2636603834255	12.2595338818407	7.69540733164918	12.7563517119904	12.5831641887087	15.7433459277245	19.1406526534494	22.41629338227	25.3218831053301
49	11.0059059599835	7.67040611701884	8.90896930065425	12.2754106244964	8.86487862297054	7.37196384961294	6.59880095168811	5.22259370428143	2.71302690734906	3.18046694684916	3.24255300650582	1.33137297554066	0	1.33236781708356	3.9890146653027	7.06695188889807	10.3207320476796	12.3391250905403	15.164805768621	19.7930028798058	21.343780405542	23.4467528242185	20.2699055251868	22.8321912001455	19.2611084312404	20.062739444054	15.9797745603622	18.9736881232933	18.8720404037295	19.6897463162937	19.5904300361171	20.678718359705	19.4659100994533	16.055994581464	13.1818474426008	16.7140959372621	18.0330134475633	14.158604556947	14.8935176838784	18.3227086698446	18.1353408294413	13.2489556192177	18.6301763008298	21.4015769979691	23.8468014417028	24.4406761363101	23.7680802758658	20.4027461386942	24.0150979594088	23.1612404892311	23.134992262804	22.5317240574262	26.3178810887199	26.864124366895	29.3552151073706	27.5145173862817	24.3394796370013	26.6532076868808	28.784700884324	25.0862784406137	23.3291966428336	27.8489673417166	27.4478212067916	21.7870350897042	26.486249130445	28.9318226180101	24.7109173645982	20.3503934360002	27.6408151290804	22.9342788201417	22.6839754231925	26.7095742197438	28.3567135789746	27.7436120215087	29.8465215728734	27.9867999063844	28.006616039786	24.6737196425671	26.8873990746595	29.1257340165016	28.7336722853171	31.8396334620862	33.5324990270633	26.6614827419632	32.7598243279783	34.4916084142216	31.8222643128989	27.5669918199284	28.2748355079212	27.3657366062016	23.9010726537534	20.5893221355148	15.8913911285325	17.1666130905313	11.6547486459383	14.4841582772352	13.048956356736	17.1169317928185	17.8951022629098	20.1779864951883	22.410683055186	22.9362901533792	16.9316384912979	18.1836369849379	23.0919651394159	23.1947439304684	19.0495078414116	22.8519311218987	25.6898068112627	24.118919814121	23.4535533128778	26.5152531196668	28.6726400249436	26.4459960863644	21.9884168370531	25.0378664825899	26.0706207636105	22.7281906011015	20.6220388419768	15.9641540333336	14.4102192210945	10.8589697945984	11.9198334300442	8.27281935013693	11.8872968331745	14.0042375372599	14.6414659785146	16.9222776835744	18.37900340062	18.0724393760223	20.6905554057884	21.6489286109036	22.9219881118545	19.1059617135595	17.3349463800728	14.1025362612546	12.0880149321549	17.656585910079	17.5259864486995	11.3776799480386	17.0179003699046	19.4398123962141	17.3371851809918	14.4423587408706	19.4827919200509	21.5704340475569	16.1862257799649	19.1825550175153	23.1448182969752	22.9683957428463	19.555404470376	17.4146405647662	15.228670362182	11.3622491611476	7.65822734057955	7.94551603107061	5.63487045103967	3.33194507757856	3.51084405805784	3.59553570417539	2.52235049110943	4.41709870842841	6.68731553016605	8.36465827156137	9.78050433259962	7.88834101696929	8.27754486547792	4.54976900512543	10.1777438069545	11.2022184856394	14.2962885743119	17.8816842047946	21.408068455608	24.1999897933863
