8	9	10	11	12	13	14	15	16	17	18	19	20	21	22	23	24	25	26	27	28	29	30	31	32	33	34	35	36	37	38	39	40	41	42	43	44	45	46	47	48	49	50	51	52	53	54	55	56	57	58	59	60	61	62	63	64	65	66	67	68	69	70	71	72	73	74	75	76	77	78	79	80	81	82	83	84	85	86	87	88	89	90	91	92	93	94	95	96	97	98	99	100	101	102	103	104	105	106	107	108	109	110	111	112	113	114	115	116	117	118	119	120	121	122	123	124	125	126	127	128	129	130	131	132	133	134	135	136	137	138	139	140	141	142	143	144	145	146	147	148	149	150	151	152	153	154	155	156	157	158	159	160	161	162	163	164	165	166	167	168	169	170	171	172	173	174	175	176	177	178	179	180	181	182	183	184	185
8	0	1.33216740689749	4.18314773824689	7.25306238770907	10.8368536485458	13.4788558119745	16.9436059031128	19.7404429028327	23.0853464561397	26.705824196231	29.7653902376569	31.3486872611917	30.8506939630213	28.4395438254554	25.0284428201197	22.1976839782893	22.0236853637169	22.6774931815666	20.0723118000892	17.1656401278834	19.6559760887115	19.9816790836006	15.1686259430444	14.9391884987104	15.8892389056241	20.7095004526908	24.3427556574846	26.6830055840792	26.3513153182151	31.000961743146	31.2065069176286	31.1774264172013	28.6818193983576	29.0507657902507	24.6721023627902	26.1518746746768	22.8841894328814	19.0797585414491	16.2232891239724	12.7138314052059	8.55944846354015	8.08104714749271	5.01970546944739	6.79705127242689	7.20336435285624	9.67780129988212	11.3928045274199	8.23004216271096	6.32263339123818	2.84768028402066	4.14419232179203	4.06614780842998	6.92830931757524	9.65842150664382	12.8249349705954	14.6174779288357	18.9855001777672	22.4315555635359	26.0052647169761	28.685029440459	31.3384021449722	34.3648744068707	34.5603393501858	30.5275471336955	30.1169207257316	30.1050291645765	26.1251151193636	24.6258972222333	24.4248547795069	21.7966403374465	19.468608399164	19.669443357655	18.6039266016613	14.3746874052969	15.3374934718812	10.8244566145373	14.6213505190184	18.344080680154	18.8209482492249	23.5648068313746	24.087071843626	28.6174285881873	31.4318123403662	31.8910508763822	34.8123195722434	35.9959857484137	37.4038427170257	36.7593359025976	33.2362941977592	32.741825025493	35.9972363800334	33.3592938174656	30.2924586984946	33.3879105216244	35.3674967307555	31.9347085159705	28.5690223493909	28.7869432382113	30.0674102143833	27.4544296243794	23.9771790459178	26.947229857631	26.9945201476152	22.9607817157866	21.4666627355069	22.1840269563486	20.0169062045062	18.0604475304462	17.6304405503663	21.0491615272438	18.6032739322948	24.2940983368389	22.6505963276908	27.0692867656316	26.0083246288568	29.3744699186215	29.3504835564936	31.3826096269893	34.5112471377086	33.0290436282978	37.7239787668268	39.5135333272032	42.6935984194352	43.588438329447	39.4943319604219	42.6079442827274	45.7072895827351	42.7418959336153	41.0254081637221	46.7831550560669	48.8533005742703	43.3448769175782	47.357251144888	42.6549625366146	40.7191942331869	38.559158510009	34.8022272563122	35.1844204869144	33.5044948924767	35.4217327215934	34.6642778808387	31.6024425163626	29.355662724592	33.5459837387428	31.3401991218945	28.9909150769685	30.7317904619955	32.1198767276588	27.8638019480472	25.7457957150289	24.8525295694422	20.5925214094826	23.5820702441495	25.0784058105774	21.3320620897278	25.5755466999241	24.3544020866865	26.4000130681786	25.2572409221593	27.8322688079862	27.0579143505186	23.6133821381013	25.0979871304453	21.8836096428354	18.9719934640512	16.96747078972	18.4341265591836	17.4766692764954	13.7002179544706	14.3764010447678	16.123114122278	13.8994131530795	9.69174194869014	13.0611174483656	14.2985276864438	10.6249056936991	8.94551854282354	13.2729453023811
9	1.33216740689749	0	1.33025260759001	3.716490414356	7.2386203105288	9.90464557669783	13.3657113914673	16.4443991072949	19.7322305125396	23.3960005983929	26.7950790258211	28.6133522153557	28.3277426915736	25.5189878129992	22.8157653827348	19.991022635173	20.4430976370999	21.2606988831506	18.4663202885686	15.0876832880333	18.9382142241554	19.38513474289	14.0206850403252	14.1750578482065	17.2622393101243	20.7941451615593	24.3055816017638	26.2347976740816	25.5114076640236	30.1071250537144	30.0273382436739	29.1649882907571	27.0938968404325	27.2140119240071	22.6338050049036	23.8408653576165	21.0656623442037	17.207371676116	14.8331979357116	11.330784836012	8.48637672979464	7.32351507133016	6.4158944037445	7.11887427898541	9.12684249891495	8.11951316274566	9.09713966035479	8.30748421605482	3.97429314469882	3.16928525065195	3.19584902647168	2.77896203644454	5.05112541915165	7.19443590561484	10.5873835766916	11.9569670485454	16.5772159604681	19.4865211107576	23.3222815564859	25.9305365158533	28.6054404790418	31.492268400355	31.9420379124438	27.798779433637	27.0731892838653	27.1821926083971	23.2813846237718	21.4360703954806	21.3175270845377	18.921377803955	16.1790267012574	16.3529440162926	15.5661410118244	11.2413606382857	11.8391287686214	7.47903850772277	10.9548945225411	14.6915091464424	15.3449668621343	19.8876907910396	20.9987161036098	25.4027131818631	28.4287098018887	29.209359818387	32.2820029428163	32.9424275213591	34.0051536094163	33.3019665185106	29.7679254567731	29.2660501434683	32.2776053324902	29.6066387994315	26.6136092065695	29.7028922834124	31.6706083616971	28.2468865009933	24.9396701461747	25.233346607218	26.4737538894657	23.9328596076608	20.3854864548286	22.9837522393538	23.2638716253336	19.4525606026559	17.9897722609265	17.8868684235111	15.6213813729772	14.2737105547226	13.6675786443686	17.5355662868355	15.3111614843551	20.8058521334744	19.5523039307392	24.1585090806531	23.3241628788688	27.0527787482173	27.2111322807413	29.5758648563318	32.5291788091861	30.7090689862132	35.9244700587218	37.5845832888965	40.8090167855095	41.4326880856167	37.2007311487288	40.3297580082004	43.3496030662335	40.2235668483042	38.2829033642957	44.0424900749265	46.0942853399421	40.4361569019609	44.1969530737131	39.4133229378087	37.8047305770058	35.7850235433763	31.7956691547764	32.310294953776	30.668451754205	32.1955466796264	31.3609984853799	28.3090573491948	25.8101187327761	29.9356941125473	27.9141842796812	25.3637007157867	27.0325038795891	28.4788050662243	24.3339697131397	21.8710895476197	21.0394811960752	16.6112184682521	19.8253028728441	21.7724211561324	17.9869457107092	23.5191201791223	22.1225291501673	24.9004310404459	23.6637482449421	26.4193931989363	26.33533455265	22.6122639512279	23.641338921474	20.1717710179349	17.3431404595592	15.6159889216149	16.48985982354	14.92247010384	11.4698333466533	11.9616548186277	12.8448295434389	10.6154467169309	7.44287558676081	9.18381979352818	10.4588131735871	7.36361955834222	4.63784788452575	8.65354066264209
10	4.18314773824689	1.33025260759001	0	1.33052583590098	4.48379682858178	7.71529973494225	11.1520664004479	14.4322539473223	17.7602140471336	21.420883501854	24.9612781323393	26.8098383807139	26.8459246441615	24.12459734379	22.1041065867861	19.1480400041362	19.9264275523738	21.2158256733034	18.5302972183395	14.4322582086103	18.8583919250821	20.0952046269751	14.8259802711322	14.6181022366106	17.4455294273347	21.5853052097949	25.0101995393879	26.7216235472323	25.3816563880295	29.9603536861633	29.3776712147168	27.8451272577447	25.8503664577506	25.6268954225829	20.8524233843455	21.5600412569179	18.031571562124	15.1783904943838	11.3967291360285	9.73988957842952	6.90008333283012	8.08140687009385	7.00271761532621	9.36454355534748	11.5708473760568	11.1948462249376	13.945195337463	12.1792977630075	9.36341396073036	6.05509116364073	5.44340959326046	3.04402332448357	5.46025164255275	5.98250566234583	9.19274763060533	9.30665294292207	14.6974995492431	17.0750346705358	21.1085545928659	23.8827253469951	26.5305102287913	29.2158005709239	29.4652992178936	25.164032705431	24.210441074049	24.0493448143603	20.307233612681	18.3670380029007	17.7619126222375	15.6085986879028	13.0060006151007	12.7193643316009	11.7565009250202	7.44928647589821	8.51579438455392	4.0579138729155	9.24840791704172	12.5908223718707	14.3023917580242	18.2723586052814	19.8062722388641	24.1478790165927	27.3130954854993	28.6716038093442	31.4908556250858	31.6740177590403	32.5805215734801	31.593611221258	28.1252006215067	27.9524229540124	30.3226248698888	27.4487823409345	24.8928661467498	27.6670973721495	29.3981826819278	25.4965712204602	22.2700193533818	22.3414553912676	23.3292607898322	20.6343183555939	17.5638919092552	20.1735183099032	20.0421129874073	15.9707547097813	14.634863477327	15.6540751243885	14.0706068810126	11.7485022449672	12.2781410645097	15.7941590785961	14.7278834188759	19.7220217269934	18.8156047205504	23.520438877708	22.6275160810903	26.7169359021576	27.2390041301072	29.6189220600615	32.4190874794464	30.6483675258569	36.107497656304	37.4843837751136	40.7647311900864	41.0309841705022	36.6534187491426	40.0131073899541	42.8443635266064	39.2455907587082	37.4722575247342	43.1799802454795	45.1138567958892	39.0760292122933	43.0118438921188	38.1107159864519	36.9550661750185	35.1205285552481	30.9940784183044	31.7398669499417	30.2315958725304	31.6449811186545	30.3708694310848	27.3846897736673	26.2769904859746	28.9682989662838	26.3649547126484	24.2694281968076	26.2554606320285	26.871362767824	22.5558298229083	20.7511259694504	20.3645153637399	16.6408746765307	19.7630465515821	21.6072057656699	18.8844097074809	23.6890299716979	22.0668218373195	25.155947328614	23.727475655872	26.6880589215477	27.1954002728403	23.5651511134556	24.2512559262402	20.796621071703	18.0344096382443	16.7560788372459	17.2189502874014	15.0732271926088	12.1842466734714	13.2249231377729	13.3565090498977	10.2255974397587	8.76011740788901	11.0659570756442	10.5317974724166	6.91225672266301	7.22672782108196	10.1947743967191
11	7.25306238770907	3.716490414356	1.33052583590098	0	1.3311960787202	4.20528964519687	7.66826512322051	10.7913622402364	14.1839913282545	17.8429367818193	21.3387385990831	23.0632988750525	23.0095379136566	20.4125021004286	18.3756529407801	15.3705263735501	16.2456608976059	17.7195946341896	15.0435253182225	10.743646959948	15.3971717208064	17.0977297908231	12.0677322641829	11.6660854617134	16.0710891354631	19.0111476770867	21.9066257100449	23.293286672344	21.8768536586046	26.3970137326176	25.6737714214332	23.9981106964694	22.0948820544487	21.8895680176654	17.1562473169397	18.0845999126329	15.6680046272651	11.9135464493156	9.79260823274372	7.16783691220719	7.06345559906764	6.72469969589721	8.10821151672796	8.57753583495866	10.2935813981335	8.35145071230143	11.7670219681957	11.9373555698069	7.79515452059803	7.26013622461728	4.24408894817251	3.08117558733676	3.48939264056082	2.75541085865611	5.55535255406891	6.37707299628913	10.9641944528542	13.5449265778741	17.4709075894757	20.1619276112181	22.8244197297544	25.6159511632889	26.0308169099627	21.8696486254352	21.131465756071	21.3762206668999	17.468057734047	15.5344397066647	15.5351228511396	13.4178638016638	10.3117755018231	10.543094659539	10.3377834181221	6.20976754798439	6.70236719376073	3.1177280189266	6.18216297099972	9.591883965103	11.0458113780745	14.9399700802913	16.2489833835843	20.6915962168219	23.7758547690719	25.4158579237452	27.8561624959362	28.1814780662761	29.2030248262059	28.1542664795231	24.7007316693251	24.7184305327017	27.0241264243638	24.1240528518738	21.6318113897103	24.4935201430909	26.2729770867331	22.4902315239306	19.2591389994465	19.7463865301984	20.9011179844524	18.105868385692	14.8433263455332	17.9878711358515	18.2986489665221	14.178309842855	12.2325351828638	12.9613702207753	10.6846510471798	9.6126933270546	9.15041780466882	12.9493135339291	11.2615925605573	16.3641814338512	15.5611734133387	20.2683068360433	19.1046087895042	23.2730734755855	24.1008992570817	26.2423208005695	28.837493268313	27.325672343055	32.9175975125768	34.0683600133614	37.4005022693546	37.4691342974454	33.1133329189316	36.5757981867792	39.3414108923409	35.5349064020155	33.9778811140424	39.6538791166766	41.5347905977627	35.4619006540823	39.6520818368973	34.7091353392734	33.6587601227377	31.887859962688	27.7011296159561	28.3413442341749	26.7770519288439	28.206902896277	27.0017056313115	23.9901822627507	22.8160719669272	25.7526217111967	23.2421643785599	21.1480667910805	23.0476540454772	24.0678483666488	19.5394365067164	17.6969573938573	17.2466952776467	13.2575300112804	16.3966443213238	18.1384175164208	15.4624939126908	20.354326468837	18.8680720000746	22.0273240090575	20.2976628703898	23.3552211293321	24.2802259668233	20.8628785645701	21.3603152832537	17.7692643910771	15.2216659403628	13.9490706858916	14.0414626018802	11.7991003470604	9.16421638766785	9.92115910566906	9.92630726907041	6.77168177043192	5.3859222051567	7.48219239260793	6.98377591278529	3.44764397813927	3.85393681837157	6.10049096384873
12	10.8368536485458	7.2386203105288	4.48379682858178	1.3311960787202	0	1.33095980405119	4.14782774473579	7.6902308157818	10.0671623608641	14.2190388915707	17.8315023203318	19.3361281801709	20.1119750646226	17.6212586667355	16.5776076078546	13.6243720956233	15.170373034306	16.764701369246	13.2588735946912	9.88501497216873	15.0824238105153	17.2771426746439	12.6534085921541	12.5138557207601	17.0997631270144	19.8039955817002	21.9146461755603	22.4939947763842	21.3798348683988	25.6342901013467	24.5756124237017	21.1852780486828	19.7395563526641	18.5951855597087	13.7087876196256	13.0165639859373	10.9677181309514	9.4664241929041	6.5888662150631	7.86727913576225	8.76219641414183	8.83409853918327	10.6188600612307	10.3192269574809	13.0512340412698	11.9951739045334	15.6208297474878	16.220946149963	12.7215911347598	10.9771678496778	7.96910302355291	5.44091518037178	4.67855736311953	3.59797470808231	5.74268099410023	3.22563497624886	8.33082456903276	8.51749881127082	12.6953995604707	15.7790365675475	18.2200346322393	19.993295801343	19.9678668114548	15.3859113802205	14.0520046612574	13.52570789275	9.91221473738337	8.17570761463496	7.41278179902795	5.10670803943206	3.11002411566212	4.356557012137	3.62840598610464	3.10389738876787	3.80974986055515	2.69598330855367	3.26243605301314	5.73026858009291	7.93910700267984	11.3222945554335	13.4850763809479	17.5173633860807	20.8388196402771	22.7963514624599	25.4557642588079	24.9344169773428	25.6273067059338	24.4735114562663	21.0568883503712	21.1380979749835	23.1000508440999	20.1843766809877	17.7967081787616	20.5292003497457	22.1435292128423	17.6203682992155	14.3754575231538	15.7067427877329	16.0882119889067	12.4671126970121	10.7942692666062	13.976056382256	12.7106656395328	8.54017505675381	7.78527051553123	11.8053420534943	10.575778836568	6.31887925189269	7.80246634084377	10.026704892436	9.82989628632978	13.4881249252815	12.9984051329384	17.6245641080851	16.8714734981862	21.3282119738153	22.3057705762433	24.7454556232048	26.8278710858689	25.4045036361666	30.9391640804984	32.2150941795923	35.5173219851948	35.3436395409415	30.8133634645749	34.2527083162777	36.943073410316	32.9727726465337	31.1872447163901	36.7985803666391	38.5192935553081	32.3011245315082	36.2071278894087	31.2426188082881	30.5305084956016	28.9351845855526	24.6872179072491	25.7580426469093	24.5670073065484	25.6836126937002	23.9886210733339	21.1694084234775	21.2844016594313	22.7987908670613	19.897419857861	18.2593911453805	20.3211100336571	20.7159898870414	15.8777343786826	15.3552534658338	14.8578774056054	12.2431278683186	14.6914678980693	16.4441409626651	14.5513780447077	18.7947607061117	17.2654873664197	20.7232439063	19.2707665389833	22.4053581761149	23.8471293450595	20.4873016524871	20.4696892990587	17.2921694995162	14.8689771336162	14.6774174840126	14.3356950999943	11.3025715215609	9.64269796270733	11.7463439844064	10.3638284914408	7.03482039571729	8.28005422687557	9.90159507352224	8.01274672007046	5.22721245024535	8.01118574244787	10.0823957966348
13	13.4788558119745	9.90464557669783	7.71529973494225	4.20528964519687	1.33095980405119	0	1.32982780840227	3.98006193419147	6.85951820465548	10.4164336987282	13.6699089609258	15.5819221214842	15.5356277311218	12.4353695562295	10.9787753870821	8.30390299798835	9.95943587759868	11.5005981148808	7.70927947346573	5.32367617347261	10.5515747166004	12.2710939202664	7.98998936169505	8.93549674052875	13.0354215888862	15.4921926788947	17.3917907071124	17.1553407718996	16.629060406409	20.5860354609624	19.7251392137039	17.2049208367839	16.3492841739325	16.206943758772	11.5283314490866	12.4181912531576	10.945259658866	7.52938317526742	6.98850778063529	6.83689271526181	8.90065284122463	8.45206483647635	10.4952730788675	7.54180774085365	11.5381539684648	10.5414110061225	14.5192344495156	16.9090831803501	13.4648099875193	13.0575413459043	9.39805777807309	7.29758960205354	4.04992357952592	2.72885690354038	3.62605308841445	2.82949271071689	5.43726125912669	7.28391035090356	11.1803791527837	13.5306680914137	16.1709824686072	19.1261186339519	19.9226064810807	15.981726471192	15.3673109228648	16.2699921327578	12.4764843205127	10.3806568674627	11.7142239179555	9.99432243826464	6.4227995453696	7.73431115226172	9.14251333058914	6.29635561257463	5.50925548509052	4.98580645432612	3.44466021546392	5.55162660848151	4.07094645015136	7.91112899654657	8.21488849589573	12.7188538005592	15.73603870102	17.7634081752348	19.9190898637463	20.1704328163775	21.422244396888	20.4710158272617	17.0112974519876	17.4459458900915	20.1025133005801	17.3840383685725	14.8659811650627	18.0041062260808	19.9484969107951	16.7501425068565	12.7743782236162	14.9347189126545	16.2207679534602	12.699148199781	10.1592435249875	13.6725836622052	14.7850449441319	11.3187938403348	8.4643058191443	13.1514495398796	12.4829049503711	7.79273539907521	8.23322761740497	9.53466622383815	6.98821042900112	10.6968102254831	8.39038044429453	12.9533381025896	11.3064930460333	15.7465594019773	16.7334944646956	19.1171083848996	21.1800175165178	20.3771087497711	25.4533899117583	26.6113091372822	29.9472331276197	29.7287953506361	25.2625222216627	28.7604019617251	31.4780965911219	27.5594929017208	25.9891399819232	31.6327337263158	33.4855541091976	27.4411343424429	31.7139702654839	26.7641352186092	25.7935238577438	24.1365687909446	20.337734436264	21.7029921669801	20.7692666216215	22.4833636495966	20.814498432583	18.1750202475816	18.1796204030777	20.8003161033673	17.9401425300916	16.3585844742141	18.5322192410947	19.7179564356959	14.1574897845628	15.1683236384249	13.4865207522177	11.7789992783768	12.0417770283293	13.3623719451301	10.8303510561754	13.7427265853614	11.5047140338211	14.8805243523204	13.7968705147218	16.8134405759202	18.0828338763591	14.6850598228267	14.5741901661808	11.5285350760624	9.12993220128167	9.54475285169815	9.57083517776793	6.34473537667254	4.05623630968414	7.87147286090729	7.69947485222207	4.05647667317341	5.85958539488931	8.5218580720404	8.76588923042038	6.41042346495143	9.65231334965872	11.8141227350997
14	16.9436059031128	13.3657113914673	11.1520664004479	7.66826512322051	4.14782774473579	1.32982780840227	0	1.32428509015242	4.08792490146284	7.90853646384716	11.4309207853086	13.5541115164366	14.2111883739538	11.1274134011458	11.4678386368138	7.20886329458397	10.1920414539973	12.5273901511847	8.87691123082798	7.5513141240449	12.5985207465004	14.9895333483067	12.4249182693489	12.2870688937598	16.7485866269366	18.7801129922053	19.2686402737713	18.3231449538555	17.8758976837528	21.4912727868779	19.9642174652552	16.2216753758667	15.8605379795264	15.0278693765949	10.6278758931406	10.2526023038056	9.64764121430725	8.47906793226708	8.15143576310333	9.06651233937284	11.0926776298602	11.3317284648018	13.7461308374393	11.951906207798	15.8886294877815	14.9776369297697	18.2285114312716	20.6731968258419	17.0455051553188	16.2525230964303	12.6850556167484	10.7451252668361	7.48084366899883	5.26400617400853	5.76348861367835	3.81330171898317	5.91297606962856	4.24882548476635	8.43159427391997	10.762432578186	13.2322431204993	15.4850591861962	16.4018756549365	12.3625120829061	11.1627729977815	12.3373319644079	9.03029351682435	6.348798705267	8.07027992079581	7.4752119702387	3.71385312041281	4.02695170072848	5.8311712374102	6.05138339555511	2.7470091008222	5.89161692576834	3.03322699447304	3.34905867371714	2.79609960480667	5.52021693414308	7.35900115504815	11.1696686163914	14.450107992676	16.924383740627	19.2633640364294	18.4431722054532	19.2779781616227	18.0100436978926	14.6165805166598	15.3275784454036	17.1761472979245	14.2266486215131	12.1102652737254	14.9340078344696	16.7059299052761	12.3945821631873	8.66999625144093	11.7002749113002	12.4073308571989	7.9683283692378	7.42432232597697	10.5177442448464	11.3262759104659	7.95766806294407	5.40061015071445	10.397766779458	11.4046733403461	7.11857246925253	7.23836569952085	7.97070172569517	7.23137013296927	9.37004338303724	8.3747554591164	12.3873944395099	11.278178665015	15.9770109219466	17.5701385879565	19.9100608236138	21.1133187585467	20.6261430713549	25.6182610846248	26.6898898648908	29.9435933214436	29.3708161616255	24.7120193023557	28.1954969099677	30.794019484309	26.5185261656827	24.8897715939701	30.4003408204579	31.9424765633474	25.6709307388727	29.8503088928741	24.8164557300191	24.4224837803201	23.0436284035305	19.0096622011018	20.6500094430971	20.1328178107288	21.1807276551114	18.9888155502127	16.5278128619609	18.0651021032265	18.6996463602925	15.5391529370169	14.8022336152352	16.7386617744669	17.1056471961747	11.4865413419358	13.517506648787	11.8943698445945	12.0043469210116	11.6708318041175	13.515511274088	12.2085144468932	14.8397542095548	12.9553798091758	16.6016714821129	15.4361213068568	18.5051910825044	20.6139177499087	18.054690830917	17.1579802424411	14.6633122451921	13.0948761353439	14.2029225865665	13.3741133164034	9.44981359604516	8.32137692933087	12.6778290728342	11.1241004130671	7.81219751414414	9.74102802582972	11.91898900914	10.4509135485851	8.42642711948545	11.5912398819108	13.3949422171206
15	19.7404429028327	16.4443991072949	14.4322539473223	10.7913622402364	7.6902308157818	3.98006193419147	1.32428509015242	0	1.32442817849818	4.68800778582971	8.1673354896196	9.7191718783032	10.1599884350328	7.04147612365476	5.78630547067816	3.61874163211467	5.51176895379333	7.49098591641981	3.98473236240528	4.12452106310539	8.63913844084003	10.5651238516167	9.46620668483421	10.4588544783834	13.7350073170712	14.8136373993695	14.6343456977072	12.6725092621785	13.0474741616912	16.3775885282297	15.4392794197139	12.2059749712999	12.13404878843	11.473596864105	7.75197439366256	8.58101351822732	8.71566233857186	7.0669083763694	8.69247410119812	7.52046634192322	11.1725395501649	11.8296834699835	14.7489158245615	13.0088326148044	17.2171525229929	16.2119537995887	20.2561469929501	22.9986899192106	19.5886763462976	18.9620130787846	15.2699962999341	13.52864228221	9.8792840327627	7.60750668747652	6.12230397807884	3.36299226879872	3.89172172694811	2.90328675814153	5.78336934666981	7.21580445965659	9.8241515155254	12.649571889989	14.3464339123003	11.2037762383939	10.9386457114215	12.7907376644195	10.1848296991162	6.30444501919083	9.94081410147076	10.276253451526	6.82268004526081	6.46721408335923	9.9577530598022	10.6112525650839	7.27256247824658	9.38607607043539	5.73960007317583	5.47314726642724	3.39850923200159	5.53616410522665	3.40331764606245	7.97098701542037	10.5006406471225	12.6258673365437	14.3488902358336	14.7216529302929	16.6567559266503	15.5753750195621	12.2597079899972	13.5308001611139	15.4241339789306	12.4378664569129	11.2997022084655	13.8353950070101	15.2771382791412	11.0057172415068	7.01053250473884	11.1836318787771	13.087045503092	8.47001853598916	7.80550767086933	11.9791703385502	13.7582746374682	11.1840294616922	8.43908703592989	13.4911777098962	14.2248705442264	9.85808125346915	9.46074722207501	9.45748750990452	7.46460487902742	9.027036335365	6.37160560612473	9.19727840178822	6.2151044239015	10.7434666192994	13.1341140926977	14.3883142515029	15.7466614239337	17.0098800407293	20.8435088216931	21.4245557246819	24.7980756914725	24.2446972552763	19.8130970067781	23.3821864888637	26.0535329082257	21.9263968084134	20.6413945992028	26.2218490766765	28.0219207764207	22.0918178065998	26.6473309169981	21.7304576343896	20.872127514942	19.3393740591571	16.0809584913338	18.1154663478476	18.2720235879883	19.9011699404834	17.6896254906654	15.5839648998578	16.9576740445145	18.4591075082194	14.8431577166046	14.8058388820087	17.1854465755185	17.8801454412429	12.1403790303269	15.2005744957222	13.0425990124668	13.9032274670308	12.1790371130069	12.6370910022837	10.4657034641729	11.6155014097541	8.34727410595818	11.6421062097887	9.81270880032623	12.865421174606	15.1704619573697	13.6692627452983	12.7359672188649	11.3724088477332	9.98381334961747	12.1611086665649	12.0020110398216	7.17478961364025	6.03236388159733	12.1464866113621	12.2555555157651	8.89281344682322	11.6193676678208	14.1823660931454	12.5398998799831	11.4908426583954	14.6276625952337	16.075736064019
16	23.0853464561397	19.7322305125396	17.7602140471336	14.1839913282545	10.0671623608641	6.85951820465548	4.08792490146284	1.32442817849818	0	1.32960558061404	4.79073637346076	7.37293869498452	8.85348886033071	5.14086704749306	7.91834142987028	3.15343463544117	8.43824798166065	10.9485498583146	8.07356513567581	8.18479278906925	12.8117841458557	15.0555883976682	13.9948357975362	14.4470639231645	18.0453408391197	19.0902423504784	18.7318255917569	15.5744682413237	16.5907263252698	18.3011823934958	17.2695078389629	11.4869042827038	13.4484134752022	12.4204236240154	9.48905796167354	9.69089923588106	10.328603245357	10.1673625390265	10.9719362466248	11.4328653888691	15.0315959565177	15.631129133879	18.3719064062497	16.1607186102599	20.3528823757226	19.0728877205315	22.3874592350271	25.6201311862371	22.351801135479	22.0315412306992	18.2217190736769	16.9316811628379	12.8244931673731	11.0569650899331	9.50363304215815	5.91890750054434	6.55552553194631	3.73913693250194	6.17527529750699	6.45382568714093	8.86051025618728	11.2582090049883	13.4378439490865	10.6574898076423	9.46974777911217	11.541994151792	9.27555901280348	4.34859126614586	7.99759088726099	9.39571934446746	6.6787344609589	3.43912387098808	9.54727924594227	12.0582242473757	8.26110634237328	11.6115546332091	8.03720262280354	4.69888327158698	2.94039742211831	3.63690761499381	2.90886249245302	5.68076667361017	8.61739972381461	11.6360691816438	13.59519006855	12.2636850090012	13.3286566840023	11.8736820321247	8.60910268262611	10.4750911213221	11.849177988367	8.67885165214846	7.80208158121921	10.0826451390496	11.2850509081705	7.96221790709096	3.74172553776997	7.05131236012134	8.97744050384072	5.46246125844385	4.25810873510764	8.61612372241717	10.5686253126885	8.46641045544096	7.37479145467856	12.0254673505856	13.7880038439217	10.7380207207846	9.93905312391477	7.80137564792261	7.30056141676789	7.65195145044713	7.01677938943501	9.20807395713131	7.60440720898085	11.8257287301883	14.3825856159454	16.1979044632323	16.0543902406787	16.6167646369563	21.1635008918657	21.8088107424499	24.9723314490257	23.8100032969338	19.1270181941671	22.6185602769053	25.050357981474	20.3131111600365	18.9245229530364	24.2853487724595	25.5617802588161	19.2191370774028	23.7718847801347	18.6704423086332	18.7902964585448	17.7873507021141	13.9855787509849	16.6808165567517	17.1633850390883	18.022132698435	15.2805671033506	13.6097428704586	15.4018843976963	16.0617223547165	12.2006302296234	12.9721589182372	15.1824734150928	14.5630512256189	9.21034054744991	13.2825651889987	11.5246762644336	13.181809587458	11.9011678418548	11.9885933703667	11.2103293885595	13.0786791764306	11.1418860611658	14.3470937475156	13.3856293837832	16.0100827605606	18.4157837194077	17.5850124253581	15.9189502480534	14.750323420183	14.2516168205576	16.2254674200776	15.3489504852938	10.4677643267319	10.1785132018385	15.3435770601252	14.1780767736672	11.0056925724827	13.8631416713529	16.2257983778919	13.9624675469632	14.0725590423348	16.9903402555688	17.659886834292
17	26.705824196231	23.3960005983929	21.420883501854	17.8429367818193	14.2190388915707	10.4164336987282	7.90853646384716	4.68800778582971	1.32960558061404	0	1.32958640185585	3.54545822144332	5.69424323330151	3.89105782532206	7.21576371564369	2.9347369558446	8.58881027849609	11.128964956365	9.95707090463857	10.4826199015323	14.4479045539483	16.4780040356834	16.2159848914582	17.0731867265605	20.1770185359483	20.1213746051307	18.9561971133453	15.3849650633337	15.8968380189269	16.3891968686693	15.2775590327775	8.19437349649135	11.4825721857082	10.1892709258317	8.78755449485236	9.95383046871906	11.4734827319345	12.386440489503	13.8123016908841	13.5037487387762	18.090015422879	18.7520291435354	21.6564839251435	19.3970677423161	23.5806661059437	22.1662785554996	25.3816600323935	28.8391951517375	25.7761604782404	25.5883191710593	21.7433532142584	20.5602369149774	16.2774250420636	14.6382563169252	12.7144459572567	8.89308321112538	7.87961382302458	5.05530137578364	4.71753272378687	3.25305195162943	5.49219273150533	7.87542259183595	10.3446087407886	10.0610459694805	8.04650588765086	11.8866383389081	11.6762803152374	5.97123848125328	11.0603235486128	12.9237231864506	10.4266077417346	6.37749480595633	13.9537862245342	16.3416795036496	12.5320764041718	15.3815345788384	11.4747372518938	7.87098640578168	5.34117421546985	5.25994724308144	3.64361331647583	5.56225179221509	7.59315487791471	11.0051105855416	11.915062987664	9.7470086693303	11.4601125648922	9.38014701377329	6.91046988272143	8.89930025339071	10.1330695250748	7.17698439457688	6.95856292635196	9.62443068446128	10.8629931878833	6.50254058041932	3.07644356359742	8.743577471493	11.0005842117589	7.49349811503279	7.41039789754909	11.6500600427637	13.483703126367	11.5808646913778	11.4016899624573	15.5213203690923	17.1873400210736	14.1637538103428	12.8726683325564	10.3007837080486	9.36103167391287	8.39683809537852	7.96354883202207	10.2149128728541	8.51677896860074	10.4633167303681	14.696908314336	16.2558844114985	14.8534521576636	16.6689951106838	20.7507611667621	20.4056938377503	23.7915708392699	21.8781749467363	17.4329840819063	20.9022772443578	23.0820022961614	17.4899994854202	16.4936759395836	21.8915751831612	22.618692291996	16.1209012465184	21.4288102562881	15.9797525012123	17.335458286414	16.8612146063088	13.1014732759335	16.6299819001705	17.5942442008743	18.1887800030678	15.184870562504	14.041760359727	15.9058443975791	16.2595582350813	12.2055738496803	13.7508102306737	15.9938184934055	15.8670347576351	10.7078002409458	15.5628248399833	13.3052764721369	15.4672056623037	13.7100683076344	12.9074961553355	12.6058964774426	14.2941433461401	12.5830582133279	15.3961714072038	14.3471760636022	16.6628104772274	19.2069613161479	19.1586472121598	17.3256232788319	16.6649949294922	16.318829155304	18.4166144825807	17.5710477206113	12.6724107809051	12.8127689825424	18.0882545316014	16.9469362422828	14.0618119031652	17.0643418273311	19.376166029429	16.8238047123711	17.5466581148662	20.3330599025331	20.509614452739
18	29.7653902376569	26.7950790258211	24.9612781323393	21.3387385990831	17.8315023203318	13.6699089609258	11.4309207853086	8.1673354896196	4.79073637346076	1.32958640185585	0	1.33055815355812	3.39472149078536	2.97675947970271	5.20716909654372	3.09742618959678	7.92963366114728	10.0181847158056	10.6601658992719	11.6069950460918	13.7608222501419	15.6756722024926	16.7645600300157	18.0137482218443	20.1657845619753	19.036126496743	17.5691049572823	13.4192058632394	13.893400843566	14.0907671189329	13.3793549171849	6.54862680262053	10.4085889533596	9.25039037014114	8.96652184517497	11.1147277969368	12.420126005802	13.5696172753693	16.1326624275102	14.1774726238494	19.9644397867809	20.5281542034348	23.7047590580457	21.6548967903336	25.867204294241	24.7352164534697	27.9497550257601	31.5246224561056	28.7203234139172	28.6145758312088	24.8081605323732	23.7949594242142	19.1369823639988	17.9239107897802	15.3627261252683	11.9648305880192	8.70883608756072	7.30902325895875	6.11448468801747	3.83317701130537	5.16550926821354	7.29190894073698	9.95446939821505	10.1849399114575	8.60338549641942	13.075914728997	13.7915013685965	7.47615014562977	13.5002065539754	15.65551254351	13.6662284848454	9.20977871612559	17.3621564904824	19.9824097896125	16.1608112110748	18.8551125427561	14.9772719478549	11.1876661998828	8.38583603464794	6.80517957147348	4.21711963311453	5.62991882712353	6.1408843825625	9.39431918767933	9.58919047678165	6.23180848550403	7.15755642660258	4.56462331414104	3.34971088304647	5.60984322419085	6.78619142081919	2.63459617398948	5.47394428177708	8.09969289541276	8.26738084280626	5.22169483980058	2.78382147416101	9.19557480530717	11.2769762791273	9.07076077294512	10.0023301785134	13.8947101804967	15.6886954843288	13.9967874528407	14.7399481003157	18.4310502685007	20.0213513280198	17.0704589569232	15.8753490040377	12.5214261567922	11.3765972944462	9.46062080415445	8.76014189382798	10.7069740823446	8.45236925364716	7.98011434755167	13.6665707476309	14.5120115077132	12.7678196650799	15.6828320146586	18.8737542900187	18.0733772438911	20.7397464545736	18.4182609656829	14.4475033829378	17.4964297500947	18.9593238539775	13.3663262716425	12.0364512211864	17.2137274870959	17.3871046755922	10.8167755361753	16.2229837267995	10.6891293377899	13.39778212989	13.7358827164475	10.295110004269	14.8232175656974	17.2118837144573	17.5204047042299	14.1569266085546	14.0840882203996	16.1730697457224	15.935525501219	11.9198880028296	14.2448338003643	16.6722830170316	15.1007335252298	12.027655216209	16.667175465567	14.8660517959544	17.4110331399374	15.2951910416313	13.5667604460313	13.5463792948522	14.9586064858997	12.7963784720522	14.5429379081395	12.9535407900697	14.9350091730805	17.6079107505689	18.2291608693324	17.1860145467179	17.4747192824377	16.1644834436489	19.0976020746061	19.2381468442259	14.4637705664878	14.2953427730852	20.3463836590191	19.152063022035	16.8105300927722	19.90251858434	22.1955890662987	19.6388975505246	20.8505553643062	23.5447663186535	23.2530882465104
19	31.3486872611917	28.6133522153557	26.8098383807139	23.0632988750525	19.3361281801709	15.5819221214842	13.5541115164366	9.7191718783032	7.37293869498452	3.54545822144332	1.33055815355812	0	1.33003007484794	3.27241745503229	5.63641180184698	4.556164834595	8.64759076275005	10.2430762469094	11.6423893166308	12.8321089848863	13.5013162691643	16.1159144326346	17.6441293069395	19.1419983544039	20.830491424832	18.9430333896132	17.1329968481874	12.8671251645424	12.6886480367295	12.1741658441143	11.4907095516334	4.03979739590985	8.90969640335741	7.42122328191249	7.64661787982112	9.95567481389384	11.6950863613742	13.4627899783069	16.3943851973778	14.37631454859	20.9207896839484	21.9636180534993	25.1828399709008	23.4999537233587	27.7356060687341	26.9129545572388	30.5934816913669	33.7510866639876	30.7704167830077	30.4906149659203	26.768658446026	25.3502475530319	21.0526730131829	19.4289096194305	16.5280859448395	13.1210777758536	9.46314213144873	7.44903832719366	5.66106447587378	3.25208886717445	3.77598967159604	6.19445502041947	8.68021019330753	8.44694341167265	8.2692216683313	12.5119775015782	13.5723781998587	7.52487946747322	14.0864026635618	16.2762451136618	14.447403953652	11.3645891258769	18.773387174402	21.86862650008	18.2863389720305	21.3846212030983	17.513978559996	14.1167333685949	11.2433588397774	10.4168320040212	7.51657927517565	8.14235445064878	6.93908653930761	10.3599450770745	8.75649067834826	5.77583890010793	11.0473914568101	9.56269266472577	6.99647818548732	9.95928094793997	11.5619666147243	7.33010757083414	10.1403058632371	12.7580050948414	12.7548539387952	7.58472979083632	5.40591777591927	12.9756148601906	15.0055909913605	10.6162178293402	13.0876642301061	16.8645702287369	18.3474526297249	15.7435300361768	17.2505297889659	21.2150106292691	23.1029687486262	20.3328568332146	19.0514346441416	16.0310525231502	14.6259753179062	12.9515788226764	11.458724623622	12.5106903886236	9.96376399760653	6.4898198742338	14.0129210730668	14.2350675797483	11.4901127061487	16.0474291398965	18.7187480884807	16.4194806860631	20.16222638996	17.5364914963056	13.9320957863489	17.3768747765529	19.0636200654545	12.7641034546105	13.1547695152747	18.3902008961294	18.7354952429873	12.4516998839516	18.7875146839597	13.5533693596832	15.9316826794912	15.4719336542011	13.2060135165765	17.5311165645546	19.6628106332742	21.134236631589	17.5954886263497	17.2828662264105	19.375120851236	19.9502430561635	15.7528165418125	17.9879354290591	20.4355563173602	19.7102331290119	15.6624341658632	20.4730229082078	18.4514837885737	20.9430188129601	18.6606913859053	16.4851225958438	16.1834166355563	16.8000311011617	14.3316687793153	15.2201159653926	13.3641689977342	14.9780032380822	17.6916454011491	18.6854686855856	18.3359002506013	19.1762622531086	17.246155542613	20.6325737851583	21.3418261168064	16.7163980869086	16.0914701317189	22.5249571364742	21.9388099494936	19.3354941493617	22.3767519537577	24.8316426359595	22.6839972006699	23.3907808548582	26.2748036909888	26.4852332253277
20	30.8506939630213	28.3277426915736	26.8459246441615	23.0095379136566	20.1119750646226	15.5356277311218	14.2111883739538	10.1599884350328	8.85348886033071	5.69424323330151	3.39472149078536	1.33003007484794	0	1.33073363224952	3.11061762355966	4.73500422386295	7.47383475867644	7.8052875027125	9.48507443302371	11.5760713974992	11.7289759996344	13.2361788292543	15.4676005572939	17.4440139302857	18.8895267542625	16.6607017259178	14.6343703998498	9.21517286869866	9.81859832155282	9.48225732618557	9.16016948533159	3.61501576760047	7.73548065733475	6.81665167072515	7.29585375401673	10.2242988023629	12.112825681896	13.528820236813	16.2220392367914	13.3839493797608	20.2565444733301	20.8127662025018	24.0882933808105	22.1321296083319	26.1930941280331	25.352841162284	29.4333294412983	32.21347685364	29.587324532644	29.6273455442772	25.9218589418275	25.0039143335598	20.2847115828646	19.3008231430683	16.2701205281338	13.3704531336825	9.12512235534406	7.86034891083087	7.10696911488998	5.31318369718194	4.98781765905692	8.40561056675838	10.6307420249012	9.50853227370029	11.0994466078269	14.6478953095658	15.1625881036187	10.0396571156589	16.2758046498476	17.9875938079555	15.2985603897883	13.7639872856669	20.3254761813838	23.1229699000799	19.554271988494	22.3141305006491	18.3526875688549	15.6825748204815	12.2298998360575	11.2202489722822	8.08750826892931	7.24286531698609	5.06967464439287	8.28961935193649	6.17955888393338	5.56131333409655	10.8266553930565	10.8920273135904	7.61532008519668	10.7976707210398	13.1557273459129	10.168822006506	11.7845615107224	15.435191414427	16.0597552596545	11.0446784471075	8.50297048095546	15.849123288056	18.0603862915498	13.6668346371792	15.4641708151456	19.5457717422465	21.1642027489816	18.5016007145328	19.1599312629247	23.5205831560359	25.2864641458627	21.8410733710594	20.3471365552994	17.5057352030699	14.8639629305243	13.6197865622043	10.2965397100191	10.2292359929762	7.2076199955325	2.92672564481196	10.6587227189753	10.3798050078024	8.11734100552638	12.9964798695647	15.7065467560505	13.3708691190962	17.4751328750313	15.3350486794141	11.592971405123	15.2194528810992	17.4593596102492	11.8824617819709	12.3816620855199	17.52519118298	18.2030429049651	12.6345779905781	18.8644190210035	14.014118809258	14.935525568255	13.8080412079339	12.2859315479128	16.0872266410342	17.8996025374867	19.9727376440988	16.711507203122	16.5481664543236	18.7157823774482	20.5670010210531	16.3610059898528	18.6452410282088	21.1969420907828	21.4471615371359	17.2839825271839	22.1872354970149	19.2956960486011	21.7021705135685	18.5331912794316	15.1654456578104	14.311787938619	14.2261437501524	11.1025985246698	11.5881627965782	10.1768241116765	11.2244590515534	13.8217733666849	15.0858183072712	15.0754804235222	16.5891196571729	14.3068384697668	18.1427760554993	19.3443897293246	15.0158026425496	14.5179748932143	20.8408240240159	20.7684569961276	18.7145974575998	21.6687684006267	24.1963993189069	22.8685303637991	23.6688696181292	26.5398219474057	26.9656375967638
