2	3	4	5	6	7	8	9	10	11	12	13	14	15	16	17	18	19	20	21	22	23	24	25	26	27	28	29	30	31	32	33	34	35	36	37	38	39	40	41	42	43	44	45	46	47	48	49	50	51	52	53	54	55	56	57	58	59	60	61	62	63	64	65	66	67	68	69	70	71	72	73	74	75	76	77	78	79	80	81	82	83	84	85	86	87	88	89	90	91	92	93	94	95	96	97	98	99	100	101	102	103	104	105	106	107	108	109	110	111	112	113	114	115	116	117	118	119	120	121	122	123	124	125	126	127	128	129	130	131	132	133	134	135	136	137	138	139	140	141	142	143
2	0	1.32748785305177	4.22021859623409	7.74824038088649	8.13907519316538	12.8232893595988	11.0113702144647	9.48883644078662	13.8119729220702	15.1616069398992	11.268693890598	14.4693186086975	17.4428546115594	17.5302040490121	17.5818009600837	19.0297735667033	21.4307554229896	22.9129090907287	25.1755866068698	22.2810223508707	26.9128771780351	29.2550303024967	27.6999307760868	30.2275233851535	32.578627257759	34.5485753975471	33.7181113350081	36.2898027274881	38.5765804860929	39.2976588742892	38.8343901329736	38.7051888252725	44.1325241516956	45.0228351617265	44.7411534719435	46.0468374701238	45.4940251461662	42.4742488573959	40.553319728476	38.7388209423054	33.9020958791636	34.1226982227373	28.8707176737954	29.7319168907758	26.4408898677787	24.8056792892273	22.4828309605352	18.6383631523801	23.0349562621682	21.1619936678943	25.6063090077426	27.404993158182	23.3059203637187	25.6890613686059	30.6790061279697	30.834192546587	31.7267458778867	34.2438419719517	36.346411349678	35.4379637394701	36.6059433698955	32.7136198088808	32.0968561856142	30.2906627527362	28.2667670595702	23.8353237443925	24.720984082354	20.0581368526591	20.5031303463642	15.355096678302	19.0085383446492	21.5925682122345	18.410135415037	14.6584477691193	20.7967546025816	20.2854504263524	14.0456822191021	19.1597467885147	23.0794014437117	24.5850595891082	27.6950602093586	28.2087612985753	30.9270950462535	26.1067456033876	28.8358018095561	26.8471850852189	29.0817912790805	30.718445745187	29.9369314058739	30.5182299945459	34.7623747894185	34.9172921773725	37.58780153188	35.373358675704	40.8097896833591	39.232542117482	41.9973375465636	37.4521987205024	42.0243105594845	38.1937313966572	37.0326577226102	33.1234305288568	31.2760005435478	28.2297446322137	23.5469404381971	28.5166013578056	27.1535363442775	30.3066289943306	29.5730775199336	22.8739360189715	30.3976748288418	29.0101600133471	35.1218979128406	38.4411453913642	39.1875262551746	33.143538404944	36.0910252833028	39.3781518230605	38.8594479760071	35.6534424004191	38.5412841119753	40.9240275388432	38.450272118673	34.9494643163525	41.5995881109417	43.0059400315817	39.0723673457342	42.4949931286028	44.6759318425481	48.6126310952205	47.398663957964	45.075535604139	41.1965242587284	39.56647000934	36.0102641062239	35.0730383913342	30.4615330375869	31.8503984433476	27.0986120308772	30.1935330989932	35.3812500344462	37.0625108431687
3	1.32748785305177	0	1.32542031069393	4.59952051848886	7.04251872556971	10.299200648594	9.11040383298128	7.53225497444159	11.7557970805896	13.6911696359369	12.3526490276378	14.2226291873198	16.9572428478217	17.8344944980226	18.2399424067073	19.5547514430637	21.9396587484856	22.7810000219481	25.0786581180094	20.8085211632158	26.615484402881	29.1446507270202	26.8382632821127	29.3652251140699	31.9653480506626	34.0473804572393	32.3478024137653	35.2232653795755	37.6965327848597	37.7010961909598	37.1257934325989	37.9536765808004	42.94358314114	43.554549946016	43.2490290642461	44.852741042215	43.9865516379723	40.9127195991662	38.9108447736618	36.7219514323517	31.8373315150626	31.3280494285872	26.6264198494653	27.2828942379653	23.9963680793573	22.2226198725533	19.6652552996395	16.0171889543702	20.8032120837144	19.9199583834907	24.2159610794203	25.8099962998835	22.6836209190685	25.3049205096558	29.5658794051521	29.3369578518292	31.362271904312	33.4271517931157	35.2340474541316	33.9372107575151	34.7536178979973	30.9605146436554	29.4313900793014	27.3480956192566	25.6077398065507	21.4343654443046	22.2556436438041	17.6843377031768	17.569305649342	12.4782235113817	16.4440234735906	18.6716749650373	15.1663100983726	11.4369610474112	18.1200005242826	17.5539723994314	12.6842918209887	17.7973499431797	21.5103974161334	23.274125053372	26.0352710375752	26.1859288932052	28.2263924368666	23.3589740570942	26.0233985482296	23.9780475852393	26.6262635756503	28.6971673863467	27.9468085118856	28.9982737934519	32.4908893076198	32.4451879174709	35.001331817518	32.5703504740124	37.9677106763102	36.726235826722	39.2528549025418	34.7395035658255	39.6938577364307	35.7349644605952	34.4775196613678	30.5896928065648	29.0788646958577	26.1061366348987	21.7688175609058	26.9796449383605	25.1160873943375	28.5586228484498	28.333159054366	21.6422759200598	29.0687119253675	28.3468000663214	34.0916771221364	37.3551838571302	37.7866962038228	31.8683669176819	34.5303763084042	37.7784011705101	36.94820554506	33.7327034345011	36.5653262668337	38.865243367307	36.1817077264189	32.770635849797	39.2333960931245	40.5625302958284	36.4101201590986	39.8683156529091	42.3097410651495	45.9145204156594	45.2218351020832	42.6798861877583	38.761063633497	37.2892407672776	33.7160490123027	33.1646636648105	28.5181492562193	30.3934686569335	26.335316478068	29.4013295107551	34.5540206922436	36.465892200795
4	4.22021859623409	1.32542031069393	0	1.33537784914982	3.41541403053861	6.60625014664144	6.41747684062825	3.04250472472928	7.32757702108957	9.52747647596151	9.19506416508335	10.0938754698084	12.562781618734	14.251515919368	14.5554014029157	15.5365028561771	17.9076566026937	18.3870850599001	20.9724104956965	16.5652409882863	22.9776612169298	25.436988599282	22.4161967782227	25.7009225320804	28.2222498217275	29.9873418128383	28.23689779349	31.3446773312472	33.8391181474931	33.4945929367712	33.3089961722055	34.5532108638257	38.8573014245714	39.3352601237109	39.6138161378073	41.392431989435	40.5908594883134	37.4463668331121	35.6047611844259	33.2849640228137	28.344598974055	27.7453845891528	23.0953095887455	23.4993527783214	20.2279291574793	18.6658498065317	16.0999194097362	12.5070669223443	17.3484515735555	16.4486230730721	20.6247023251246	22.414066431596	20.1233852519898	22.1501112186824	25.9194439176461	26.2292562227754	28.4864337009742	30.4839178748402	32.1241505101691	30.9070582230014	31.4680644463558	27.7144714003352	26.0242103626604	23.8199420864115	21.8561404872864	17.5548024483331	18.6329260450419	13.8619552372672	14.3463183081932	8.99800716825676	12.6490642736923	15.1709707336083	12.6356648420255	8.2175361879337	14.9108553074597	15.1422910749992	11.0825860249312	14.7203159273162	18.8476152602922	20.8669239467632	23.5410945794795	23.1202847300806	25.0476223422504	20.2477718280309	22.449954899732	20.7659281035065	22.9231365436757	24.9487925559535	23.9939536758743	25.092445735719	28.823153297306	28.6634368490591	31.3351748200006	28.979944323618	34.4298200547142	33.4286622077522	35.801623273254	31.3207207292553	36.1953149592596	32.191482910857	30.7224769346484	26.9008499679843	25.2459589439577	22.032411216206	17.2889284225483	22.7343256112866	21.224823438606	24.6739945691815	24.5000930814558	17.6665813614293	25.1662150908713	24.6807234294297	30.2523781213973	33.4965416423845	33.8550940480159	27.9750682036702	30.6206920072032	33.8218916088382	32.9843630528164	29.7678513500723	32.6110006286222	34.917035570048	32.2772649553831	28.8629484460614	35.3675432847689	36.7138511600186	32.6879311826246	36.1817240329977	38.7231123103503	42.3031884141137	41.6337265447137	39.0473886834958	35.082698214362	33.4976823228115	29.7643474479116	29.1061094102252	24.1388526860744	26.0065770335121	21.9619631636154	24.8827585488426	30.1941327744315	32.2470409805303
5	7.74824038088649	4.59952051848886	1.33537784914982	0	1.3317364604155	3.36672630310217	2.9171021579643	2.92371766762798	5.04809885006227	6.70606777478427	7.63840991306437	8.80994727566516	10.9199048988533	12.3876869107998	13.3131048594984	14.5869722012486	16.6349291552444	16.0817613774114	18.705309914567	13.547812332624	19.7018264381757	22.4356541914873	19.8271160283083	21.5308951276996	24.4009018071054	26.5945170476924	24.437503329923	27.1224608949852	29.7309075710783	29.829048694184	28.6740828624038	29.9181972384701	34.7119620448052	35.4500260789749	34.6241822574917	36.3406088281416	35.2455534926039	32.2333686883639	30.1539429594207	27.8715526836953	23.0558742189491	22.5207453029424	17.9326995736838	18.884278858352	15.6645479028282	13.5382374776039	10.9181297849036	7.31135527792215	12.0273173650652	12.0403485414667	15.9488740041421	17.1158453194693	15.3504788524658	18.1131645219713	21.0307541947501	20.8314020891538	23.3346974696481	25.3888840637	26.8787846637455	25.471949022405	25.9735792489214	22.2446759023367	20.5588936959166	18.5749219648428	17.0475175318872	13.2937392030986	15.053412304192	10.2976765340537	9.87894397190307	5.34989289612418	8.19113142368013	10.2844895838345	6.99788353718465	2.82824433173656	9.41860780582778	9.37968373667258	6.59618351776237	9.83008107799727	13.5002776638112	15.3136562257353	17.9096805666656	17.6329175691376	19.5402999209326	14.6604568823758	17.6861808766053	16.7897910052508	18.9740920994919	21.1839419136288	20.3309944665774	22.5766546680415	25.2707618207287	24.3679415010788	26.9768146748277	24.1444689732452	29.5501806085851	27.9303010008843	30.3978914729295	25.8763702632344	30.8255545611105	26.9279398952092	25.8844262057323	22.0663078470323	21.0349336580841	18.3604336005444	14.8360946680722	20.0448441500551	17.4665677796183	21.3335529389739	22.1782085841035	15.634418761182	22.7431596089901	23.5340098368298	28.2766786415944	31.2821780092116	31.16307128638	25.711940339072	27.5075011224211	30.6773350374507	29.3951654698524	26.1511248132848	28.810043717426	30.9674950552995	28.1062710440215	24.7090364441837	30.8626010083402	32.02597309997	27.9449338521314	31.1833714181132	33.4211460455802	37.095320931352	36.5113151776268	34.0270021747435	30.1649599038354	29.03032075262	25.5351347950231	25.5595713187839	21.304069681636	23.6630544942955	20.3538122473408	23.4925831700135	28.5312751029462	30.7805005319927
6	8.13907519316538	7.04251872556971	3.41541403053861	1.3317364604155	0	1.33259971484313	3.14117191506609	2.77300667146691	2.64978697256968	4.83001387161569	6.6855226422472	7.41193591445582	8.35820800171903	10.7197687475057	12.0464618041979	12.9205659705757	14.8317736296102	13.49255246423	16.6485240787284	11.0871015599209	18.3414633276628	20.8561772384107	17.3533832436214	20.536710276965	23.1464849383227	24.9694783485759	22.6564403867863	25.8997982424574	28.4782267881973	27.8149038107271	27.5932246393929	29.4121030359952	33.2325735386232	33.6806272061552	33.8774639694296	35.9516184058521	35.2927154381751	31.8873121319436	30.7925043151738	28.1356034056496	22.8899775884556	22.5194447755712	17.4710798750392	17.886028234351	14.5571379398562	13.1274880308458	10.83375955059	7.5111740760017	12.3502688634701	11.4933975394572	15.3094128561483	17.1182845226968	16.2720386860405	17.6919010001752	20.2954429614138	21.8634111931327	23.9786537987436	25.5725878432356	26.9222408614142	26.7594114098199	26.9224051488718	23.2470061298224	21.2482251023468	19.1135381863223	16.8620469101471	12.706735458016	14.6425711540016	9.9720624747341	11.6590494466745	6.00974125898944	7.50169220909523	11.3814876883472	10.8612298566967	5.86319861509057	11.2969005041206	13.6917427305657	10.8417764688265	10.2398655264608	15.9138490001633	18.4311308388823	20.9301247249031	19.4132454010142	20.8922558379893	16.6640977853588	18.3803754586243	17.3973007389077	18.7503978091133	20.623018813937	18.7926488819432	20.3507558827676	24.5839383948138	24.2583164708518	27.1310723341338	24.6964828669995	30.2088321853063	28.9319369901153	30.8938190258181	26.4475463134106	30.6306534863362	26.6640865772672	25.0855147445692	21.0824458258524	19.436509511741	16.1525282850704	11.8748279987543	17.196001541056	15.3817525659464	19.0410538836484	19.2818731455219	12.6291745177585	20.028251671077	19.300778144935	25.0528221563959	28.3523091475809	28.8707786524714	22.9578346757703	25.2348419055876	28.7274308806061	28.0991289010887	24.7044527362984	27.3898406530597	29.7324992222316	27.3783017004342	23.448427111429	30.0221945400399	31.5600326045459	28.0280751390458	30.556523117004	33.4002958968929	36.9386330147719	35.8265143434301	33.1890368194077	29.2126456179511	27.583724929748	23.8582619861548	23.290170394396	18.5183913718228	20.5764058328951	17.2017161353163	20.3742002787839	25.3776282973804	27.6517252626305
7	12.8232893595988	10.299200648594	6.60625014664144	3.36672630310217	1.33259971484313	0	1.33356889585803	3.12067572810762	3.11106830526107	2.70263815558058	4.95991088629625	6.6835296812388	7.38454236903005	8.91701211168854	10.641130532044	11.9365531038068	13.457085345646	11.6430771276325	14.4084378403767	8.76670827620036	15.3928660749063	18.0200546614043	15.0684576848462	17.4964348940005	20.1926065677515	22.1856852948021	20.0955099960165	23.0479483685642	25.6127965673411	25.4951223766429	24.8971893393612	26.2834119170248	30.6871396027717	31.3409962509171	31.145317400855	32.9350019735843	32.2791012576249	28.9536277865141	27.4718156298414	24.8726438683144	19.8689343951808	19.2932756420469	14.5892411728643	15.1359065139819	11.8764210518152	10.0876941864829	7.47862915245836	4.21021923419672	9.08255300012062	8.22641051735202	12.2014547903109	14.0010704590756	12.9165497715141	14.4511006501235	17.4418449138845	18.5538277182904	20.6484084374559	22.3574046123426	23.8377038743248	23.2986725158323	23.417871401987	19.7806006986643	17.6801592187401	15.5674489239567	13.6241872418137	9.78684034814097	12.1871877806162	7.58871504274604	8.72881864859157	3.95571813960499	4.48099185448936	7.86928319480243	7.87842839657758	3.58085157469561	7.66569677198361	10.2421468940843	9.40441699415759	6.87202102732522	12.6408884972537	15.1353948742674	17.5078533521389	15.7959221003397	17.1944517214129	12.9612516756677	14.9333619791392	14.5904437561028	15.8933326272371	18.0919089374228	16.5741521050098	19.3101086998494	22.1680620037025	21.2147851037902	23.9593525371618	21.2567722385126	26.7371457339784	25.3033988626034	27.397408746084	22.9207865484586	27.607531961405	23.5697437618655	22.2679740883629	18.3961156225982	17.1865116879488	14.4168615516693	10.602541629251	15.9684752559535	13.5915751110752	17.492974446903	18.5610911855957	12.3186808952907	19.1650863029625	20.7889050697722	24.8373167834209	27.7176608140009	27.6049273500221	22.3244568578947	23.7008186356505	26.9515724773157	25.7655462391155	22.442931025158	25.0544232621707	27.2503949696147	24.5786515903538	20.9275052024841	27.1996283981969	28.5923404428529	24.7489280171889	27.63222801368	30.1731430911664	33.7354764157852	33.0747514276374	30.4882867508163	26.5842218242325	25.2428387666681	21.7746673223726	21.6130418035037	16.7496176075754	19.6407750865387	17.175489891121	20.2444793956278	25.1709814866246	27.6921494651463
8	11.0113702144647	9.11040383298128	6.41747684062825	2.9171021579643	3.14117191506609	1.33356889585803	0	1.33561858327892	3.39058195594798	3.26462402123123	2.89108370684766	4.88974968684492	7.07782848054401	7.55110912383075	8.79175284002002	10.484667710519	12.3201319392286	12.2203529408933	14.3057753372545	10.369690737915	15.6589228556756	18.1853654073818	16.1390152735537	18.5332760460745	21.0157229949388	23.0340507293007	21.6633185130995	24.4058035925884	26.8074638300605	27.2332085146058	26.7770445904697	27.3110039727579	32.1967112140355	32.9954636124422	32.6098163134968	34.0295321595816	33.0574005330123	30.1521076211929	27.9395989412876	25.9818802629833	21.2814897269905	21.3881612580418	16.3634214331844	17.5780845657313	14.2944960037072	12.0733847366842	9.81801227336776	5.91632698555446	10.3096047450909	9.39292079174524	13.7338205536551	15.0401866344803	12.0784357430919	14.7258533538807	18.7264868301558	18.34150070196	20.4592704415382	22.5692802056246	24.2738118143814	23.0132165070422	23.8622801508992	20.0149117160181	19.1457023114849	17.4645236694277	16.3973572565825	12.6441553691814	15.384352927569	10.7677715893308	11.1757729039203	6.57925185716431	7.48006584195621	10.2848915405074	8.01939056287945	3.14298154623918	8.02303433870254	9.76911157680165	4.89261862400903	7.07797294428285	10.9653467341439	13.3001242475399	16.0275383637039	15.5727626322371	18.2196308689282	13.4838068066848	17.610672304032	17.6473114666229	19.0368280183438	21.2478486911028	19.3691501362347	22.3377307934356	25.3314722430419	24.2402622510566	26.9621350972062	23.793205101457	29.0563481015767	26.3330669881045	29.0456796959548	24.5004235677672	29.2274849585112	25.4970012746597	24.4949959991832	20.5811844897226	19.5672309998119	16.4398519153915	12.4039010799022	18.049274556059	15.8809831244794	19.9018623751648	20.9097829974393	14.5175663938554	21.8012066179833	23.340857503528	27.5094501944332	30.3479577237085	30.4729898926902	25.1943581978188	26.2066770308637	29.703801406554	28.6882499291957	25.2867618725688	27.8099271843707	30.0319149406094	27.4971578349472	23.5757143900243	29.8306316728292	31.309851436888	27.5540027763663	29.8788509149867	31.7788472100547	35.8130449696755	34.9482876404553	32.4991650354282	28.5923806808737	27.4932698309968	23.7422025936938	23.6822686835531	18.6582747594733	21.7477511021255	19.1184945798564	21.7892899150018	27.1640218119482	29.6306834716987
9	9.48883644078662	7.53225497444159	3.04250472472928	2.92371766762798	2.77300667146691	3.12067572810762	1.33561858327892	0	1.32900150489004	3.15022570619948	3.36423943856557	2.95616745127877	5.01938422518141	6.84917965890807	7.70370352492877	8.57641527679252	10.6817676907898	10.8121557979896	13.4243981615564	9.72492123361418	15.9272189976782	18.208496835269	14.9929451409655	18.7529169197754	21.2169696940916	22.4978246726211	21.3225336440114	24.5166056989951	26.8893943963043	26.6025515693514	26.8888534898757	27.9951833178495	31.9042995535085	32.3567335959611	33.2919118555844	35.0646703677648	34.8282004128838	31.3726705430061	30.7674036603676	28.250196264805	22.9186857389336	23.0120941028842	17.5851999704297	18.6352343693338	15.3637801663523	13.6279297767489	11.8328977854117	8.00111354750075	12.5514715073572	10.5536676563174	14.5384805258321	16.8093307719255	15.0606827534478	15.8118085303358	19.7986440192252	21.5382372769918	23.2051843345404	24.2333717629223	26.2935088757663	26.4714928366347	26.9920341767715	23.171497362061	21.9267994472518	20.1224426449673	18.4487236956923	14.4552364906286	17.5151742212289	12.9010828227711	13.9980494712656	8.77173232605738	9.47737126000665	13.2156012349041	12.2285327002057	6.7834273048364	11.8814615683425	14.2768294449433	10.0891078892041	9.41725756258158	15.4033728124719	18.0470902363788	20.6942490803605	19.5332253609075	21.677284377892	17.4200312571476	20.210794393096	20.066387243348	21.1520589541538	23.2982322934595	20.2164595317776	23.463361140297	27.3517520645388	26.1617663585623	29.1936424928442	26.3846113861849	31.8226264158067	29.5606506694288	31.7198098985476	27.2353793805043	30.7522884189128	26.941043391079	25.3548456907156	21.445912291157	19.7365641133405	16.2204859976512	10.7029168921374	17.0275622741483	16.0189177537061	19.8187730447674	20.3831798304386	13.5709457666001	21.837593113711	23.344468938059	27.4811634942919	30.1858955308601	30.9696526296308	25.7352859708222	26.0766643955856	30.0571380041414	29.7208442847776	26.1450855994009	28.2094966988069	30.9419149051897	29.0432745398999	24.4150983205065	30.9566048687514	32.7523165898231	29.7045027899812	30.9346113762562	33.9476798323538	37.3732772311982	35.6923003741703	33.2073234242087	29.2548258241269	27.8145527736831	23.7960935659616	23.0076273222599	17.4297120171275	20.0505831586016	16.7067809586407	19.155223543462	24.8510101605548	27.4375692436484
10	13.8119729220702	11.7557970805896	7.32757702108957	5.04809885006227	2.64978697256968	3.11106830526107	3.39058195594798	1.32900150489004	0	1.32862108970165	3.43260178290462	3.38601255166014	3.12887663547159	4.99570865843876	6.88110318190332	7.55460376194543	9.05977935713668	7.98557656027416	10.7238260429755	6.48971293664057	13.1646102866739	15.4309713887364	11.8697582536461	15.6740027433965	18.2159546002948	19.4732216646347	18.082381978047	21.3696212881745	23.7617046947394	23.3410536822998	23.7055428328482	25.0594042626715	28.6605173191274	29.1011043433063	30.1698934370011	32.0216431339805	31.8319723077286	28.3297110821837	28.1122668776461	25.5135845776324	20.0904506918088	19.8007396326501	14.687487497867	14.690285123169	11.4005225318842	10.6683759307591	8.61837948804762	6.43231008269968	10.3828478752219	8.11450540698569	11.4186134885108	14.1060433857266	13.5389264714748	13.3639507631538	16.7492479234144	19.3976143894037	20.7608637826079	21.3988372114001	23.3733081526771	24.6182601741065	24.8388075800752	21.1638965221436	19.061916876327	17.0837868460128	14.3480850638683	9.97734889637523	12.723302912373	8.55283736545949	11.2813297531807	6.49774707110088	5.56687300016805	10.6329196836993	11.9060551401377	7.873161055129	11.1151174532706	13.8237136110381	12.276716214037	7.96293601631961	15.200532161737	18.2194929128118	20.6245661530128	18.5326926268149	19.4737455308423	16.0053510426982	16.7226922174631	15.8769752157015	16.3414254274222	18.0602539572399	15.3962016419635	17.6269703863143	22.1026917365284	21.5381054645017	24.8600926989422	22.6633477006377	28.160345470182	27.0482653972487	28.4810366384372	24.2218178302125	27.7345490318483	23.8718682553335	22.0156703509114	17.9890685973454	15.9996943408304	12.7407648514522	7.71228195801995	13.6325049789098	11.845302739905	15.3978245216654	15.5380721133608	8.87078373087745	16.5419775722252	16.8294514765039	21.9288963242567	24.9941575173079	25.5864576094464	20.0463909220588	21.5415082805267	25.1166125900767	24.7213283219167	21.2729758614069	23.8290333207203	26.3502513270747	24.367891681473	20.0261680058867	26.7628595258429	28.4803046858702	25.5174500293427	27.485575235021	30.5240333344072	34.0250617927433	32.5588475993853	30.040534915344	26.0477851073753	24.2181336605445	20.4830206268509	19.7489601751586	14.2470707866565	17.023658537459	13.8881682377483	16.9203532469036	22.061844823133	24.2477342652876
11	15.1616069398992	13.6911696359369	9.52747647596151	6.70606777478427	4.83001387161569	2.70263815558058	3.26462402123123	3.15022570619948	1.32862108970165	0	1.33171994052804	3.192411470973	3.44854592545902	3.14026830063929	4.92350962221056	6.62996199084127	7.85610374167755	7.27592227830946	9.37518111825046	5.7456857728212	11.2992037772579	13.6179028488237	11.5975002047855	13.7440341603184	16.4726003108192	18.4560217815216	16.5700468617322	19.3514255030476	21.900137465322	22.1220804627413	21.358638767487	22.5360379170785	27.0464867404253	27.9246156822256	27.5358264266755	29.2639695530186	28.7396462225964	25.3761894105478	24.3614112481194	21.9145356555871	16.6814195439117	16.9737180664697	11.4570387971762	13.468928316685	10.3650209358206	7.68105852080297	6.56857107748709	2.89070839068903	6.47772807394691	4.54999879120863	8.49836607825292	10.4602204087677	9.35455514709278	10.8938288493991	13.8831969301022	15.4055000567979	17.1746507970322	18.647327342008	20.2142899207467	20.3526871444534	20.7809260861974	17.0179316604574	15.8521663503762	14.419059261963	13.3019095621644	9.9978200623936	14.2562127509377	11.1527093569231	11.6579485330825	8.38431857696259	5.74774442716445	9.79805210233136	8.87198247293129	5.13687502281299	7.14425251513411	9.47583294491835	8.5826920019304	3.35271427354017	9.93599481682634	12.8733422622099	15.3406312125675	13.7554352893683	16.1603183446367	12.2995041363463	15.8611923259256	17.1157094506772	17.3434284384605	19.5049669571625	16.3858898446194	20.9436851103143	23.5167312567032	21.1562347784288	24.5171293996667	20.9474764589914	26.6440949555431	23.6274035814348	25.6001943742621	21.1841022939373	24.6710190507	20.8770429179997	19.7072744437175	15.91902773413	14.9080150590211	11.9007640090878	8.69703662174651	13.8549446408133	12.1115727302444	16.4764918899625	17.8600416852817	12.793845747077	19.6066991867576	22.7188663669647	25.5534702340015	27.922369115102	28.0176462608835	23.4532014445789	22.8357510496152	26.6122172883058	25.6779286353086	22.1653696788481	24.0826880974695	26.4508916295841	24.2912552578083	19.7809995197412	25.7840257717836	27.468965943406	24.2038769621728	25.1943168790106	27.9702795481204	31.3809857875753	29.8685753593974	27.4823009771744	23.5874952040271	22.6807712831817	18.8024703430161	18.9185271361171	13.9668003851992	17.667158260456	16.1138215206698	18.7873625876545	23.8230373798137	26.6829243524768
12	11.268693890598	12.3526490276378	9.19506416508335	7.63840991306437	6.6855226422472	4.95991088629625	2.89108370684766	3.36423943856557	3.43260178290462	1.33171994052804	0	1.32945853639743	3.49182359233682	3.25214975054963	2.80356808371047	4.61448686204653	6.58576593875003	7.74200232498028	10.0931920619792	8.2796099545812	13.0291522748028	14.9654852577523	12.9992715949779	16.5289473046531	18.7209969018746	19.5963240685594	19.7819594075006	22.5379812760593	24.6062264884317	25.2298629009355	25.2441666331056	25.550822335103	30.1175952559297	30.7148887186654	31.3639704119233	32.8791747311273	32.7293005577571	29.3820608875552	28.6354107531217	26.463137569079	21.2684229081519	21.9413659100795	16.2599558732489	18.4304196642399	15.3464924331262	12.8711943890223	11.8475883199915	7.99078982329031	11.5602376273155	8.26159899777277	12.4706260869292	14.7847676342917	12.3627038304733	12.9379328333393	17.9989608866734	19.5146006364465	20.4935288078945	21.7003643287388	24.0208924896641	24.5631292387595	25.2716213567709	21.4387576832241	20.9084192372355	19.6219479919808	18.5751719507519	15.0567253743967	19.2222837613016	15.3211021470389	16.4318672097848	12.1457285084099	10.591912811197	14.8364266924351	13.9243810993523	9.22576267849981	12.5304049415811	14.7956963337316	11.3747001279155	7.60385540367516	14.6634910236274	17.4418390372116	20.1237445322683	18.7659941383344	21.3110489887288	17.6729919934345	21.0563735481683	21.9795215143551	22.382413922542	24.4738417294874	21.0467217637332	25.2644302726185	28.536711618545	26.3649382893266	29.7919587305031	26.2221223206666	31.9252953157837	28.5195824127914	30.5951971557629	26.2152693482253	29.2411431719076	25.626131701839	24.3868510677373	20.5004689946352	19.205462504194	15.9944270606984	10.9032949606988	17.2386328344216	16.4336423534164	20.5601115755727	21.5450770711084	15.5210676179186	23.4428688090856	25.8973806590551	29.2757421425999	31.7014707860692	32.317245504529	27.5254062458667	26.8783723279517	30.9728439120466	30.4698775514441	26.8728276517377	28.5212601579944	31.2577783119658	29.3803494363154	24.5788761541288	30.7103503399098	32.5294141816295	29.4637532062702	29.9306282259494	32.7230124835719	36.0878653427991	34.1817409884283	31.9011473461379	28.035173639555	26.9272933099485	23.0269700568703	22.6566872247467	16.9380810601437	20.4316833129334	17.7199663092231	19.4912021435313	25.4972523225543	28.3854513791837
13	14.4693186086975	14.2226291873198	10.0938754698084	8.80994727566516	7.41193591445582	6.6835296812388	4.88974968684492	2.95616745127877	3.38601255166014	3.192411470973	1.32945853639743	0	1.33210998044456	3.0975901923915	3.12488751797565	2.53863920240746	4.7183966556448	5.88387916259333	8.86406340230032	7.72838074890206	12.9396392917268	14.5445759993202	11.2989097704159	15.9256624665977	18.2689843450587	18.2258482655815	18.7117423026291	21.9344446476313	23.7693434911442	23.7827357972122	24.8296950645794	25.5892038563141	28.8781455429534	29.103392310863	31.1943685622902	32.9050174441528	33.0981713241079	29.6090224762656	29.9228318512804	27.5021758411948	22.1289247140479	22.8803124541602	17.2475371865087	18.7741920198979	15.9524254268747	14.3968915394956	13.5689174955116	10.0410491981665	13.5232000280999	10.0923829198064	12.7806483403621	16.1737525021252	14.5933755176792	13.9461196753792	18.3982626897215	21.0582391001717	21.979086263992	22.1339104091437	24.6400196834337	26.2297401817098	27.0660113426415	23.4186076870509	22.6239397320626	21.4525276366213	20.0275105292695	16.3021532933536	20.553059237009	16.7238036941361	18.42659602314	13.7320497377485	12.0274451152354	16.8246481686839	16.3732701070983	11.5828525847479	14.9616006162442	17.3378281511843	14.0213941532217	9.99055604058152	17.303772710019	20.1489808675278	22.7597675075999	21.1502935440622	23.4514046061211	20.0529120827874	22.8733496891033	23.6980369018195	23.5517771303993	24.9181436106304	20.2001790586123	24.1495485258006	28.6508151541976	26.919543551108	31.1931042058978	27.9064023120144	33.6601372843309	30.4465185858745	31.952417655007	27.806063097821	29.6274834233352	26.2228705903835	24.4454454040011	20.552178205728	18.2850902376773	14.7721571207458	7.84816985035364	13.6432542305712	15.2802958740988	18.4513345587792	18.4335318373881	12.4309965409053	20.937176934821	23.0579168399923	26.163904410466	28.2942277152072	30.0785892122619	25.449051888037	24.1010811998134	28.738251442981	29.4007691225927	25.718287676282	26.6747382555106	30.2353956481472	29.3620121585698	23.8632465938732	30.424589676773	32.637297988651	30.4501917892154	30.0436339013775	33.3886831276707	36.3301245937858	34.0059269686918	31.6619270733795	27.8077792532953	26.0176083835544	22.0620390036823	20.3210769399656	13.9536325378018	16.1279516988364	12.2076732017203	13.4836154647038	19.806472906603	22.4747223564608
14	17.4428546115594	16.9572428478217	12.562781618734	10.9199048988533	8.35820800171903	7.38454236903005	7.07782848054401	5.01938422518141	3.12887663547159	3.44854592545902	3.49182359233682	1.33210998044456	0	1.34079267599432	3.36919975661877	3.38336238082769	3.169075732765	2.79916701895403	5.36853555450646	4.46873729368823	9.59474924112142	11.0733043397172	7.99775074630361	12.5043299300682	14.8037406421485	14.7851523157524	15.1924471366531	18.545098355091	20.243771239569	19.855963159716	21.2712514676499	22.1808975697558	25.3769962958582	25.3752986583409	27.7604841096116	29.590517231032	29.759482539184	26.2085511617869	26.7095361247626	24.1672785807587	18.7349291698688	19.3620196777092	13.9030796948014	14.8513006164443	12.0265354529058	11.2001420080283	10.5784470032231	8.76845425374393	11.4338411743386	8.0049785758614	9.15128067540276	13.1557600312563	13.2862105206865	11.2654875171916	14.9419816624168	18.254055056343	19.2879409476491	18.8676687219169	21.3685620012204	23.4133381643883	24.0598325222766	20.5912294193426	19.4844884202794	18.4767264687228	16.3410455295859	12.4983257278725	16.7800299761353	14.1548875657845	17.0512360842257	13.0766284645546	9.3506638801745	15.099231139366	16.2448640806872	12.4074852004748	14.3119148264654	16.865128579409	15.8248857815783	9.37119101288625	15.7475104381613	20.0267090406787	22.1130958936102	19.5455038819673	21.2023010307844	18.1726376181335	19.9574613866594	20.6052485789422	19.6627401447509	20.6959188488939	15.867985757493	19.7533443244429	24.4510746798581	22.9055455512415	27.2216399579452	24.4000353483351	30.157248034262	27.3711838435973	28.540239557509	24.5605633689458	26.0637335775211	22.6808438114635	20.7112005204913	16.923969363007	14.3581678845179	10.8580612449921	3.77613943068844	9.48479736209477	11.1217177630077	13.8144125101287	13.7392733796224	7.84474633114417	16.1553320300141	18.6421262199353	21.4681047836086	23.6370291068907	25.3028423699789	20.750819357317	19.4737447348988	24.0321818609963	24.8542457741127	21.1944195721421	22.1735007610436	25.7940999067616	25.1964344302919	19.6345302464816	26.3720964847317	28.6466762819005	26.6753899690333	26.2827049216781	29.7967858837157	32.7233724881773	30.383678825975	27.877407878065	24.0046999772961	21.9646445680325	17.995384658295	16.3008044893496	10.2103995024681	12.2095429480386	8.27020640613038	10.6389764075309	16.3460094212624	18.9790772694565
15	17.5302040490121	17.8344944980226	14.251515919368	12.3876869107998	10.7197687475057	8.91701211168854	7.55110912383075	6.84917965890807	4.99570865843876	3.14026830063929	3.25214975054963	3.0975901923915	1.34079267599432	0	1.32864366931093	3.11231955300223	2.90523854442282	4.25295309167642	6.16571455712961	5.07904026367187	7.41075893549372	9.50554185725359	9.79582798950655	11.4147461645014	13.2695913275428	15.095718797063	15.4353772224718	17.4899767295443	19.3013273377765	20.6921600854043	21.0207002975638	20.0233615060009	25.2058191297169	26.3773074061778	26.6507888438598	27.8035573443399	28.1270002844242	24.9107529793862	24.7965335682228	23.0492251062807	18.1851638705842	19.8397734362064	14.1997467935171	17.7683364725007	15.3046347555242	12.5992480331169	12.804973760223	8.7491004108994	10.3056075027142	5.69672985141476	9.40995286916996	11.9117019774674	9.08213378012018	7.60901386514705	13.6532968546062	15.5841656818708	15.5439692807211	16.3866637849197	19.4276328460263	20.5301904034035	22.1964621955842	18.5893375083675	19.2315767684296	18.8253550564126	18.9085700411216	16.1353473467416	20.7577660647768	18.0432944331128	18.8451507290337	15.6514617208745	12.5041847395182	16.5663827675205	15.3085468284877	11.9340572731993	13.3860951737241	15.0994965478985	12.5683676346612	6.54212541915852	12.9612060395628	15.8339171716919	18.5762151688658	17.4343288370961	20.4901518295985	17.45965125654	21.9083047952141	23.5731050351879	23.7026265633157	25.4932133321792	20.9545948183209	26.0454372971544	29.1290822546815	25.7891093487154	29.9801861401826	25.4370270472003	31.2398307773906	26.2849455582468	28.2034930283467	24.1646353376168	25.8112292229564	22.7458309586614	21.8582111116166	17.6192926361985	17.4667229324793	13.8867414824357	8.9690497824463	15.3527681217427	15.773406543927	19.6493656131693	20.5862120119268	15.5792840978012	23.2498945589007	26.4207446337154	28.9862672829738	30.9641102730242	31.9220070797561	27.7317679205636	25.6655474517884	30.1138098054696	30.0680070673133	26.4214511524254	27.1951478025033	30.3864617551962	28.7749868114653	23.7708868576669	29.1293520353612	31.077670327745	27.9678019515299	27.1601462440834	29.5380461439141	32.5391870980207	30.2755623729767	28.3961372725235	24.8029180742912	23.9902977263726	19.9587800478887	20.2437404893463	14.0501371167686	17.9794118646857	16.1043439481402	17.4961738388712	23.3496317743985	26.4847160830544
16	17.5818009600837	18.2399424067073	14.5554014029157	13.3131048594984	12.0464618041979	10.641130532044	8.79175284002002	7.70370352492877	6.88110318190332	4.92350962221056	2.80356808371047	3.12488751797565	3.36919975661877	1.32864366931093	0	1.33157425628465	2.96562742096846	5.3898943403373	8.15824650277252	8.30168645517283	11.6569373765153	13.2071185729515	11.6559720315382	15.2631200283559	17.3094268824823	17.6109715234566	18.7527676090757	21.4063011984789	22.7884125818364	23.9427368945156	24.8654879300608	24.4662240854612	28.6888029377316	29.2754992613277	30.819745277987	32.1740042270153	32.6195889612362	29.284306872453	29.5949195977958	27.5823313191615	22.4720670611317	23.774696317724	18.072336705584	20.6526615718168	18.0234989111438	15.8485135580596	15.8343318772849	12.0359503571592	14.5137586103669	10.2994682387005	13.2346167681577	16.3478966536983	14.0868514935027	12.600582089729	18.4711008334641	20.495153402695	20.5662200221626	20.993521977029	24.1568694370773	25.4995815848025	26.9779201755806	23.360812400257	23.4026189132755	22.7197707734915	21.949650247783	18.7845414104258	23.365720061663	20.3604798568207	21.8734464362615	17.8411493463846	14.9906867754616	19.8646210635894	19.3121732075911	15.0287139170323	17.3739412627072	19.4592270401473	16.545611744508	11.2884435596764	17.9146901452411	21.0137636324386	23.6512852293485	22.0669576289982	24.6847327309817	21.5777026812402	25.1879533904603	26.6794193714931	26.3493323255068	28.1599930042605	23.6180145228171	28.5877797319064	31.8289996858211	29.0158553897692	33.2095574496259	29.2439999316099	35.0910503975016	30.8448156097585	32.548077147506	28.472122787035	29.9633620443367	26.8123185308544	25.4031008737122	21.2810972931379	20.0955646101323	16.6288601533599	11.3209321612666	17.7771422056527	18.4183564413332	22.1995530360411	23.0176604588737	17.7934822617721	25.6974325760376	28.759666931312	31.3626238219955	33.3410558471084	34.4585093409451	30.2178155729364	28.1427192005321	32.6630617517709	32.7305384770859	29.076235468162	29.7546485443871	33.0307917252978	31.8648026041273	26.4391061497926	32.2893425916354	34.4007216784765	31.6924293325709	30.8732473348691	34.0118260315438	36.6516896472727	34.2148034920559	32.1462187667539	28.4469647941569	27.0967313526927	22.8663816989046	22.6110985801221	16.3217773848316	20.0665294956552	17.6506261362026	18.0981295718646	24.5093192275918	27.577727879577
17	19.0297735667033	19.5547514430637	15.5365028561771	14.5869722012486	12.9205659705757	11.9365531038068	10.484667710519	8.57641527679252	7.55460376194543	6.62996199084127	4.61448686204653	2.53863920240746	3.38336238082769	3.11231955300223	1.33157425628465	0	1.31902577685199	3.47455234526694	6.75404278932255	8.61355849808893	11.9354478340781	12.2174605380987	9.52523060088311	14.7088240522484	16.7742282385808	15.1671930824395	17.0881788965355	20.5699616188266	21.1929165760638	20.9164218020196	23.4910640670022	24.2318422947988	26.5054107872336	25.8417417756621	29.9266168819665	31.6655065647149	32.4126346661298	28.9968264642874	30.2021192799446	27.7360053901062	22.4479079426124	22.4187400627243	17.8351089988259	17.9924553910799	15.7926921707478	15.933783386252	15.5578452556901	13.4783851406613	15.9612481341529	11.8230131946133	12.4782239922194	17.4755771578509	16.1684792729558	14.0996463076206	18.3869149668997	21.8232024001978	22.0057926464829	20.9023462080217	24.1570560085454	26.689264152464	28.2170977600461	24.7394988429434	23.6809999155441	22.9443968977178	20.5099962213551	17.0315257390523	21.2682853798796	19.3358683539168	22.4251933547963	18.5534300063358	14.7311852544186	20.6111072240188	21.0789653683477	16.767647211222	19.0872434887807	21.3106265980144	18.8824444127343	13.1627070544018	19.7857404460889	23.2852135270433	25.7577943543309	23.8119746346245	26.0516388927837	23.0599471378405	24.6626506482981	25.2947385438158	23.8571064674658	24.2903606807309	19.0436564503774	23.3456028193748	27.7989545486876	26.0360821937557	30.9067348809285	28.2832983401866	33.9511294804753	31.6143644724989	31.795903666982	28.3386273132627	28.7551782467089	25.5701886187803	22.9299434146707	19.5675490033882	16.2379145828521	12.9773752739142	5.79144679678576	10.6280791303038	13.6851574342424	16.3675741024747	16.0491926899767	11.4751002609999	19.1059987961896	21.8668203678541	24.0508612735594	25.7966365637073	27.7249581424391	23.8607226001226	21.4690778795923	26.2841174476146	27.5452762919525	23.9248235521184	24.097970765191	28.0890373099542	28.0248190538316	22.1060537862369	28.4901084940019	30.9494444699739	29.5735480116945	28.3491955794164	32.2524234903363	34.9694942914535	32.2824168085353	29.7065432186244	25.8883377025254	23.4318739114054	19.3681575014249	17.4051628547394	10.7356116267309	12.7936385754796	9.13940200450774	9.70617246910439	16.1330739476394	18.9609694108714
