160	161	162	163	164	165	166	167	168	169	170	171	172	173	174	175	176	177	178	179	180	181	182	183	184	185	186	187	188	189	190	191	192	193	194	195	196	197	198	199	200	201	202	203	204	205	206	207	208	209	210	211	212	213	214	215	216	217	218	219	220	221	222	223	224	225	226	227	228	229	230	231	232	233	234	235	236	237	238	239	240	241	242	243	244	245	246	247	248	249	250	251	252	253	254	255	256	257	258	259	260	261	262	263	264	265	266	267	268	269	270	271	272	273	274	275	276	277	278	279	280	281	282	283	284
160	0	1.33603405645216	2.87187221164174	2.93978553639547	5.30545775593398	7.52125661043419	7.00777867801203	5.99483394265429	11.3334605924228	13.9513604354557	12.9866014029845	15.0267529426686	17.2581075439922	19.1097911291568	19.9536809887299	22.8639878848813	17.9094666587255	25.5588643527055	26.592714227773	22.0637383278537	22.8684378565743	20.235054682407	16.5837308227069	16.2548904948634	10.6846004136795	13.5017876594175	10.0147129764162	7.41019068580559	6.31268762097413	4.08003639689648	6.72357330591405	6.65574721575271	8.33438528027112	10.8033054663839	10.4619071397141	11.546816790787	13.9441892557438	15.600255638931	10.3560145326279	17.311116977249	19.572478049547	21.7927766014338	23.4111603087075	19.6878079277506	19.1584517902674	16.006629282894	15.300989151032	10.9655519240939	12.9390150320648	9.48132485468144	13.1544533523822	13.7197035682262	11.518556506785	8.35031167083002	11.4314391482438	11.6451738501407	7.39210179854147	8.80632147948279	11.1281921712379	11.2185247247577	7.01072842149801	10.6989770071722	13.4319800848572	11.5454353750736	10.2427030123889	15.2269530438627	13.5304697257708	16.5402728212082	19.1453498531628	17.9337419965829	13.6917105578521	15.0435381476566	12.9226548742896	15.7312728347073	17.1741019561431	17.3879278523923	19.496535820499	15.3713615206982	20.2182469319177	23.4458140613628	23.988091816566	20.5344483977535	21.0460144445451	22.2432794794293	23.5344494093233	21.6534414354855	23.205910906491	19.2814991896377	17.9549760790707	13.5074207012294	13.8456466443428	9.75339243545547	8.99210620488882	12.3738010328274	15.2390291029317	12.6723573181946	12.4394376480611	16.4816800721286	21.3536856537695	24.1254017375877	25.4524024799232	22.2726115666753	21.3305593456899	23.7699672275752	23.8883722760677	19.1113730799229	21.7527194162017	24.7994598933122	23.5261973340359	20.0414181384452	24.7219635547017	26.8841250183077	24.253004927225	24.0884786983321	26.994758972808	29.970053203156	28.031884096507	25.9004902270208	21.9927019940707	20.508834242833	16.6801925948114	16.1823360798125	10.8258639839968	13.4400381323864	15.0763717452177
161	1.33603405645216	0	1.32691333552723	3.53030041214625	5.85969504325951	6.95165462318144	6.93555801648288	7.68359883127691	11.6389584155972	13.9278650912478	13.9158061929591	16.0377068497962	17.7633027615925	19.6220392416283	21.207013745457	24.1163090252219	19.6455763468522	27.2283758053983	28.795639218465	24.4787213922623	25.6247191594367	23.4604938993193	19.2817950927812	19.2442805269514	13.5070620787794	16.2029126393991	12.7735903331835	10.6773842302317	9.79070257948836	6.8074166171904	10.169111858958	9.27922830843169	10.6632549439653	13.3960394520172	12.7493125697035	12.787536588413	15.6761941809867	17.634932775602	11.4667083768621	18.5029891909389	20.8821683500541	23.2785157172875	25.3618744772542	22.2115974436779	22.0851982332059	18.9933988796108	18.6319781826837	14.4703287108483	16.2542070246444	12.5519561423708	16.3439126588464	16.5007387713399	14.4186646399727	11.5469137435074	14.7578053585213	14.7301116764266	10.0819118722592	12.2330798248029	14.4657406654481	13.8520489820098	9.08497072092145	13.5160424311261	16.1247663859046	13.2103631289984	11.3243331370991	16.9800321260002	15.5971787512999	19.4140092459028	22.0591467876706	20.9352472161186	16.8838192361799	18.5326921411866	16.4525059793334	19.2684892246382	20.6404803723169	20.5600907828735	22.6623575781515	18.0556179345931	22.9209818506974	26.3731675192799	27.2212721414705	23.5972558785974	24.4916588658261	25.6240241960548	26.6893057796564	24.604149853226	25.7316787443027	21.950283301133	20.393336166503	15.6751983719505	16.0002528417522	11.5818602996237	10.7099785714071	14.7720073111274	17.6460978122643	14.5767046344501	14.9907813338732	19.115182290525	23.7618220471411	26.4820955552992	27.9995034241681	24.8721433334564	23.752562345987	26.2540375180657	26.4907321529625	21.6785955495276	24.0219152025812	27.2721451118169	26.2618977798635	22.6078733851727	27.2367578467041	29.5539822020654	27.2523001964972	26.6103999218351	29.7667105673435	32.4746237699531	30.2145549694183	28.1322303061808	24.2361611027819	22.4322574209552	18.580592240292	17.8806316722872	11.9389568221013	14.652366157041	15.6392309593535
162	2.87187221164174	1.32691333552723	0	1.32133606626021	2.99857716258895	3.12453548547621	3.02009552829046	5.35233874114859	7.13094986660263	9.4407659117256	9.35037004615325	11.707413207024	13.2615555648649	15.1886480636033	16.9044498579516	19.7994927712808	15.7882656108896	22.9946847771393	25.0555048242896	21.3105602460376	22.8143475251869	21.5959549453133	17.0754233622479	18.2498140812448	12.5380837850128	16.5969649635107	13.7303739934497	10.9960350126762	11.2014592799331	8.70053940856542	9.70143216231501	7.53195897492811	8.52680368016058	11.1912627527013	10.0682986646206	8.70852346841874	11.8051616253231	13.9875522876592	7.96362568181102	14.1718150566538	16.7531859059702	19.3512774513726	21.5824503706136	19.0442350857156	19.7558807447302	17.0213726238515	18.0143590227352	14.5642665795432	17.2300531049675	14.1268552056004	18.3273750984695	18.7557948645212	16.5367882310925	13.5063130424258	16.6309658769417	16.4245916539803	11.9491108455818	13.3529088216763	15.4051750071202	14.442947933161	7.29610402886363	12.9996718804745	15.6599334289773	13.7323183767345	10.2036388607202	15.7524903427998	13.0797330247983	18.1761604581386	20.6491175114095	17.8461983906937	15.6872997357735	18.2382825397569	16.7557368384682	20.276386709668	22.1821246502674	22.2484547328573	24.2811813962995	19.3262632446109	24.4452877463122	27.4177036784629	28.01905360643	24.1001249166887	24.9345705798195	24.9026002859139	25.4761843689356	23.085760308034	23.3023167517738	20.0101963008862	18.9071946359051	14.1447801326143	15.2255510573509	10.4320454370176	8.61794511470107	14.7644105876259	17.5662377303736	14.3260856831167	15.928807896387	20.2172512968504	24.3102489292068	26.1081069018801	28.3971864099245	25.374333685833	23.608561879115	26.1934653301162	26.8816608489877	22.0067904293198	22.9684773983823	27.09918587338	26.7245045042934	22.5045404085487	26.6822447518945	29.0791310220921	26.7814978483281	24.9555637283552	28.081638467155	29.9001150165012	27.3320271659458	25.7079611210224	22.0749023553899	20.2952739572542	16.7436069590755	15.2405079639755	8.34944069983133	11.5521465104975	13.2400408609641
163	2.93978553639547	3.53030041214625	1.32133606626021	0	1.32848522761828	3.25427841464125	3.95458493397221	3.74707152320316	5.63291762765976	8.93303274369909	9.30837697990364	9.54308466901557	11.7329589192156	14.0335775909067	15.3761983598027	17.8583624389248	13.2821639050269	20.3727857937985	22.3492422466624	18.2741490909974	18.9449386116715	16.601804269416	13.3298049873207	13.527285832716	8.16842145092918	12.5187789340654	9.65146190999063	5.53409622251005	5.27602937823511	2.99877208203625	3.51854444337428	2.89199066388535	5.38459367083534	7.3291798995522	6.30371477781157	5.76003611099792	8.62853150889536	10.5959328989948	4.96132573008465	11.5094174048907	13.8071498507114	16.224998798151	18.3032138434757	15.6927140100111	15.1296399824979	12.0732660866892	12.0077205996809	8.23045697394744	11.4651631039423	9.39710359632158	12.839710666522	14.2814692171359	11.548853146525	8.57530862418374	10.0709905173225	10.3337566257388	6.67314963117118	6.42036393049491	8.48092907646326	8.4234596811524	3.50632015081339	6.87377640020389	9.90999535822293	8.67127983633327	6.99451935446604	11.4789795278152	9.32711799003315	12.5341944296393	14.9656524749174	13.6454550308885	9.58145557835552	11.5025908820578	9.67453389058098	13.3352009733637	15.3897533768414	16.5024450612629	18.6481977681491	15.507855299815	20.8373465921168	22.2712734256486	22.3279664546505	18.9726100998255	18.698652919395	18.9103758555984	20.3798594695842	18.6488791352188	20.2678090577151	16.4344330598898	15.8767823881289	11.8165227964914	13.5900167770316	9.53338308262077	10.5845580446233	13.1659798723832	16.8608088477392	15.3825299934699	15.3984928483277	18.3315719184144	24.2128393213188	26.5062002935162	26.9293555994198	23.2723217793154	22.761500060409	24.7823539842364	23.8896170124178	19.0531406859867	21.5581575511452	24.221882998644	22.4270474204698	18.7454342174301	23.1803932020145	25.1635591083614	22.0038396876545	21.7804057583875	24.2609069286373	27.016217832998	24.8900385295001	23.3704049173308	19.738715206416	18.6653142218394	14.9459175027832	15.4684783026644	9.54919651070183	14.328546960526	16.3341791957845
164	5.30545775593398	5.85969504325951	2.99857716258895	1.32848522761828	0	1.33835159804888	3.98162152897535	5.5515695978705	3.51218009219345	8.11637197274743	9.73248930130416	9.43225800113631	10.9530577922332	13.3815439318488	15.146631506708	17.5241528468568	13.5897004014069	19.8888431790288	22.1888208113906	18.9784845812304	20.0573996819129	19.6802098820109	15.7746911221742	17.543850461059	11.9974998228798	16.9612527249611	14.3327192814204	10.803398817039	11.2004662849365	8.33680286440791	8.23634469895475	6.13333302536231	7.68969869370705	10.0335902348063	6.91404469178498	5.95015680465649	8.87731795082276	10.609177536454	3.76436196452998	9.99935212901316	12.604075253663	15.0290546608894	17.5014020866901	16.2196802989455	17.2945714893431	15.0430242969956	16.7105937057903	13.1923335312597	17.0976293678393	14.8897066122876	18.9338640800023	20.09501241602	16.6977971301606	14.2395188120947	15.06686038961	14.1767061759776	10.5846035353243	10.5375926567694	11.9402394448353	10.1493756458218	2.73043018588647	8.85964051189437	10.7171784533057	8.33463922434559	4.2605105327883	9.8566956937911	8.46202682576698	13.1589587733984	15.8017846460455	13.6792474208196	12.409126198085	15.8210948420139	14.2607194068182	18.604318987805	21.0905825666339	22.5777511280464	24.4938005830047	20.3582357536207	26.0204531282605	27.5096450540533	27.7500563783211	23.9934673817687	24.1779559516515	23.1643427923177	24.3296202395352	22.073326301217	21.9279849735446	18.8240770291667	18.8431799864036	14.34153366973	16.3179823201277	11.7926746754076	12.4542006568065	17.0751590329344	19.9243487221038	18.0447902730954	19.0516340768974	22.4658905454469	27.4987304979703	29.6865431635278	30.7455798449143	27.2825472051273	26.1374627307243	28.2432723670611	28.105482845879	23.1582583326121	24.4472371854163	27.9882758847343	26.8044186842394	22.698326700442	26.829345388958	29.0601344800742	26.3095467463809	24.5032934521056	26.8720956198061	28.2798940768879	25.8875795315051	24.7960558557203	21.5413748168495	20.6045808741649	16.2130919321393	17.4600271763821	11.2259364865476	16.0266138032961	17.9836022253607
165	7.52125661043419	6.95165462318144	3.12453548547621	3.25427841464125	1.33835159804888	0	1.33375035145263	3.08522754428259	3.2210395837369	4.63755366545768	5.91956467994058	8.00660215072536	8.82274520770038	10.6127049332392	12.6572773533647	15.6724120351655	12.6736423335993	19.3237633239491	21.5816674286303	18.837960478778	20.9923330289894	20.0301463549321	15.7457554280511	17.6072764787743	12.5048700113196	17.2407397173091	15.2490677092077	12.4290867323388	13.2853512561769	11.221999732668	9.92666358853769	7.23139613076202	8.45020082601591	10.645798467001	8.8420102917832	6.65912111318002	9.70682636086584	12.1154255806389	5.64352567106768	10.6708704893275	13.7667820858761	16.700102694295	18.9702009741594	17.0675939429083	18.4809134243954	16.1179682342409	17.9959630473059	14.8080553753692	18.6922245599608	16.6677693168582	20.9950839245762	22.4848634641174	19.844768202224	16.6965488649601	18.486241532556	18.2961556071214	14.5175025400377	14.3560625172782	16.3855626085893	15.1280492463503	6.55522547285751	12.4718066854807	15.3762319831615	13.5656042991088	8.51778785835853	14.311806804174	11.4082215090697	17.0088326465986	19.3809357359236	15.6397297610924	14.6376186929432	18.266767010065	17.3063633961615	21.1039361494485	23.5293475685154	24.391787347384	26.08595601085	21.0307314898935	26.6372199938357	28.1888484865913	28.7393574214874	24.1849760388552	25.5383084013018	24.5148182534564	24.5878464490081	21.8979192618842	21.1391147638684	17.8861123221342	17.5951460920334	13.1819750416999	15.1113703217147	10.7155520623065	10.7141337493985	16.4762051456032	19.0900824513673	17.1086969696701	19.1632189623769	22.6364801592474	26.8711652706019	27.9534663682342	29.9929820791464	26.8276508475863	24.9208003884305	27.060046784882	27.6343637524007	22.8086361056509	22.6017714350004	26.8888238679195	26.365665722678	22.0852775622132	25.6533517498201	28.1043711546798	25.8197661685771	23.1939137275277	26.3645740720384	27.3625873228392	24.4402308090574	23.1959543024209	19.9259718207168	18.2927373840002	14.117228835717	14.4320798916857	8.16389551623488	12.7875076930573	14.9184149627231
166	7.00777867801203	6.93555801648288	3.02009552829046	3.95458493397221	3.98162152897535	1.33375035145263	0	1.32772813482279	3.56007429697753	4.89960620866616	3.94616510044879	6.83736477014353	8.65561690464637	9.95094151324385	11.5508973244506	14.7792376664021	11.5366516372819	18.9230729005624	20.873150936071	17.7808798994875	20.1803939257885	18.7054370170814	14.1380772738021	15.3822027681343	10.5526408543075	14.5703419657879	12.4964875465068	10.5722773800161	11.3794042902078	10.8790018843642	9.91389050776738	7.05101879163572	6.92125841158961	9.39335350127951	9.73544719055063	6.52641900279166	9.35285544633296	12.0255747887575	7.28545530492089	11.4325242182118	14.2725161762038	17.2250931202127	18.9821223787015	16.3602738974627	17.4862291532509	15.2702468218428	16.3978926694865	14.0181143525083	16.520380292233	14.0477682213226	18.8157809564206	20.6968624433753	19.0298921962264	14.9292366181262	18.1058411569305	18.7026155657437	15.0534841149815	14.8378406110862	16.9840717732822	16.6060006925208	8.24559045793569	13.3485070700809	16.9496519433291	15.7105281260688	10.8729533706349	16.3580694765611	12.8925515317954	18.421376305803	20.670303214999	16.7484027298128	15.1738480617146	18.0000481388245	17.4271885856555	20.3826029250437	22.3710613293156	21.9868786779752	23.5102875779945	18.0952542949802	23.491794184353	25.5804339681718	26.3488373557544	21.5353432524304	23.5483844668801	22.9937032467587	22.8342874642499	20.0080504047746	19.286878285508	16.0448646924803	14.9307927786839	10.3957784220327	11.6875168449076	7.45335072299701	7.21732117894167	13.1248014461172	15.5376779796725	13.6232602191986	15.53978114389	19.2997820972155	23.3516103513227	24.2460160232563	26.3971337269788	23.3489423529204	21.274932314816	23.4689219394501	24.2729452065463	19.5178127872977	19.1806145104895	23.5809256391686	23.4029975430499	19.0581514843387	22.6759873213935	25.2361547189741	23.5329448220999	20.7155948261207	24.218816217974	25.5554464253709	22.514900865871	20.9273591501651	17.4783021486642	15.4087514744057	11.8628929439661	10.9973739138032	4.46442683891225	9.24738546833644	11.3394021006401
167	5.99483394265429	7.68359883127691	5.35233874114859	3.74707152320316	5.5515695978705	3.08522754428259	1.32772813482279	0	1.338866311474	3.34166470490383	3.38000902365659	3.15256308422211	4.85625720076686	6.9360591837152	8.21891726445765	10.9770608087958	7.39519039646715	14.5204572242061	16.5745352272696	13.6726685032586	16.2689361975515	15.1044630490461	10.7464947308413	11.6585108826128	6.55867379887123	10.0188784801494	7.98869382314781	6.21268854844664	7.3250355630536	7.17462654080336	5.99226643266135	3.49543974343715	3.38400723994497	5.9862676184748	6.88789394517657	3.90217388131282	5.78754049661857	8.52464620966759	6.84844975158612	7.44920143371086	10.1893313814008	13.235132526726	14.524440436726	12.4158972289561	13.9974798446006	11.7746319687708	12.6909519343507	9.96557685234528	11.9213286591722	9.7586616910312	14.547097339332	17.0743654933353	15.7263918620897	11.2651868160275	14.3461267246599	15.2894076078833	11.9434970590694	10.9445940080023	13.3111626088783	14.0405398044377	7.20426783233384	10.1382813139112	14.5966215954241	14.6476051626196	10.6992338978078	14.9821079958729	10.9930156008258	15.8049323313958	17.8719498096878	13.3717367607951	11.5645583140905	14.050037615608	13.33430020661	15.9645349446829	18.0211823418998	17.4760686082425	18.9443695065315	13.7343620528949	19.3387053082671	21.1027756705131	21.9319365538021	17.4366741668244	19.202427190332	19.5100567656786	19.2982059269767	16.5822632050031	15.8793228445044	12.6287584900496	11.7327566667003	6.94248161682838	8.19188287269783	3.56924501820763	5.40884442371936	9.39282545350439	12.0510722344528	10.7891602082831	12.5777117950762	15.468701626187	20.1270259352941	21.7676068275775	22.9055302929227	19.5702108828699	18.1254333465437	20.1821103455511	20.4142762301288	15.5093306431967	16.2901519329931	20.1212596275681	19.5714919972903	15.2571992515009	19.3677890839404	21.8356670152299	19.9364452699071	17.7802293292297	21.1583422082166	22.0425890040167	19.1594161967425	17.9791368813967	14.8236473919208	13.130950841428	9.01061179942849	9.41138082323736	4.05016641633403	8.2604277128972	10.8457752604413
168	11.3334605924228	11.6389584155972	7.13094986660263	5.63291762765976	3.51218009219345	3.2210395837369	3.56007429697753	1.338866311474	0	1.32443006610391	3.57510880953293	3.50753104048988	2.81459357634454	4.96465608073711	7.02912839546981	9.78346457038609	7.30663883054308	13.5780863526492	15.9501372094412	14.1636632973253	17.1025578496317	16.503731547744	12.9224750338316	15.1550084460551	10.912527296644	15.6669302034572	14.6998325840807	12.3107986743347	14.125015079638	12.6235468074547	9.8648652296927	6.55911716620461	6.46798600802444	8.81653599777146	7.06806288879775	4.12944463578336	6.90054751450926	9.04789903789824	4.54908056644417	5.78751846649322	9.49345822132272	12.5939186117745	13.8373412547353	13.1963389241107	15.4240856130923	13.9443839949996	16.0799653295646	14.0259114855328	17.6138193473193	16.7441592503177	21.2654351942301	23.9749674869435	22.0271700633558	18.05756420451	19.7461823652067	20.1016600806998	16.5769632321484	15.4487018548485	17.3329089883955	16.758761111729	8.11281017897005	12.3191407979615	16.0301208978598	14.5386511754014	9.20597816638732	14.2834521737569	10.325640997052	16.3433682574921	18.2876416740924	12.8298994929812	13.1338182186293	17.4286039027801	17.5243981351714	20.8447334835445	23.4502005535134	23.8454894896288	25.0231264833154	20.2137952151495	25.5537562013885	26.5133979150165	26.8657976431	21.9987900576373	23.7144123688528	21.9552318366261	21.6472844717299	18.8091707419546	16.9208827783895	13.8677286532438	15.0113039406975	11.0176586441948	13.5200216345981	9.75672147803759	10.8121943193785	15.8144701460403	18.146389778686	16.9524586417428	19.3940631379812	22.1419262937984	26.3645000142237	27.1440488873712	28.6848917376378	25.5443724526558	23.5810853863854	25.6317600644201	25.9556752175704	21.2492637284213	20.6673688697909	24.880999356939	24.1538504797889	19.9744401924059	23.1218301178778	25.4281899867057	22.7213518303819	19.6670518888826	22.3061945880511	22.619098235783	19.5339792669082	18.8403971295724	16.0181352535181	15.0902234907241	10.1445472052724	12.6779820555166	7.47499204012954	12.2728786354302	14.6473024478912
169	13.9513604354557	13.9278650912478	9.4407659117256	8.93303274369909	8.11637197274743	4.63755366545768	4.89960620866616	3.34166470490383	1.32443006610391	0	1.33571965621533	3.2634860195809	3.13752689231503	2.88626436765588	5.20271948119443	8.58834821138501	7.82708304542631	13.553536328206	15.7020404088131	13.9820268201717	17.6227801722657	16.9643721074492	13.5924430843024	15.6252089266032	12.7546523276803	16.6416112501164	16.4374794296449	14.57470260417	16.2881287752768	15.58351696505	12.6823867233262	9.21052631503759	6.79859970876356	10.9404586284122	10.2928625755909	6.64533475454773	8.61914438909107	11.1603246368553	9.25244286661636	6.49500993070834	11.643520988086	14.764894310492	14.8923804343026	14.3995409301825	16.8062566325759	15.6794103524335	17.7874446169201	16.2532692403713	19.5763283585048	18.7891221987617	23.3933914172358	26.324134743615	24.6529450978985	20.4397843677471	22.6017967648592	23.526765587305	20.027078593744	18.8977627776412	20.9338794063594	20.9253357201264	12.4424472673184	15.7854511813885	20.2480676855842	19.325309751722	14.1286679839254	18.9032655644468	14.4185530827472	20.2171251418197	21.6119411668642	15.6774965794925	15.9848365021354	19.8704406091058	20.2506697913921	23.0804800210048	25.6581069839534	25.7136730553999	26.196006107802	21.2121859788189	26.1882998875452	26.9728767097616	27.3847607986632	22.0970404126888	24.7983971457834	22.747002461863	22.0347448589722	18.9693667263828	16.3054462067127	13.5746466620682	14.1725053889565	11.2103843823484	13.0620238860599	10.7106693068174	11.1359229972194	16.1687006589893	17.6420490023126	17.0781377497665	20.1151447919223	22.4200400980908	25.8717136850267	25.6469115684521	27.8149091855429	25.0694113812032	22.5707666462617	24.510564477384	25.3584681516846	21.0444391229607	19.1004254141105	23.7409785392262	23.6042685546492	19.5360584049086	22.0290998000372	24.449950306698	22.3766977679907	18.7790226050239	21.6506054649749	21.8381133113646	18.3484864225908	17.6025602115147	14.4964751922666	13.4595173018946	9.0063414325685	10.4947269140269	6.73470570997724	10.8786531335455	13.0782477419569
170	12.9866014029845	13.9158061929591	9.35037004615325	9.30837697990364	9.73248930130416	5.91956467994058	3.94616510044879	3.38000902365659	3.57510880953293	1.33571965621533	0	1.32703014283776	3.23573701032701	3.20594712994459	3.31906086114732	6.52995880538308	5.19770689823887	11.4047696162614	13.2065588250687	10.8709317447954	14.7018737581303	13.7335915186087	10.6391106771196	12.7102779670627	9.91049650623015	13.4280377196372	12.9838818155435	12.0684393771523	13.4960569797256	14.1138585794247	11.642820620451	8.62108635845854	3.78854985449578	9.2590471432	10.5556530352224	7.25138890144502	6.60872597404371	10.2386440996843	10.5955530766449	6.94459062868359	10.3560218713558	13.6869440343709	13.007009264239	12.0062111425712	14.1236500239846	13.5479213903831	15.2943711868125	14.1822039895074	16.594066198494	15.7186528048685	20.3612689928698	23.6792690976728	22.7226000932992	18.0245452092418	20.8201602779614	22.2155584444776	19.0383155242264	17.3676028858332	19.7068195810486	20.6200613481144	13.0221194511493	15.2184511695507	20.243125104588	20.2701298959824	15.4532732131416	19.8462759478951	15.0906244403603	20.2142523482814	20.6985373879412	14.5739735144538	15.0738677518413	18.0599205701465	18.6227725647928	20.7619782053638	23.0138981270014	22.3387167044125	22.7911461756534	17.6711728529829	22.6426555642221	23.5455778013622	24.1125309331061	18.8166165662162	21.7857964968004	19.5906157126314	18.7064179360988	15.5882844790567	12.856075178685	10.1307563883453	10.8723273037561	7.88334047216027	9.41360993455752	7.05815620399549	8.0909453712159	12.593837262725	14.0680239195134	13.6588466936268	16.5860032557576	18.8620171243693	22.3515792059532	22.3633715034205	24.216491261122	21.4271318425962	18.9745261600916	20.9413805418841	21.7466349350882	17.4079801815145	15.6356608750638	20.2560705468756	20.2220285332605	16.0711084247478	18.6890523301745	21.04344180499	18.8878543514079	15.2807684034541	18.2071336019704	18.5363950648447	15.1176311305707	14.2050889824738	11.1607244388525	10.2764664160401	5.51852036328579	7.17512794311014	3.60709315100123	7.8383445318511	10.54241689557
171	15.0267529426686	16.0377068497962	11.707413207024	9.54308466901557	9.43225800113631	8.00660215072536	6.83736477014353	3.15256308422211	3.50753104048988	3.2634860195809	1.32703014283776	0	1.33190014640738	3.25981149761761	3.09164422273974	5.21943732599598	2.91903168876256	8.96788001703858	11.2004306167218	9.58231709974159	12.872829137373	12.796493035203	9.33837062875532	12.2765060990495	9.78727730270273	13.847698256389	14.6068510637988	12.6400261471249	14.5948797185862	13.9018138384888	10.1726790964819	7.26017368938237	4.05744858254544	7.5591990316435	7.17277861083137	4.34832059535633	4.13911113646396	6.74427305200494	7.86101291183267	3.93673697368773	7.23037516315716	10.4587465310141	9.99844967982536	9.53903580033118	11.9386855222843	11.0260820784175	13.6910012416916	12.8156431754321	16.1748220701187	17.1077916166874	21.1979437446183	24.4394039411766	23.1162693140567	19.0243754693814	20.1760902059839	21.5977263155176	18.5637192932882	16.6177312831806	18.544857669985	19.1816587916687	11.764657028575	12.8518963581255	17.8304367304898	17.7838249541543	13.2519268787599	16.2739382142123	11.5942942864152	16.8287834973298	17.3895112639775	11.1992038109858	11.9350396312706	15.8022893910977	17.0274656364357	19.525154314371	22.3729228086095	23.0082960690269	23.7152515061511	19.2377582113925	23.9142666623921	24.3231648845293	24.3647352540511	19.1685614222873	21.2656606057747	18.3660824891973	18.0619703797786	15.1839619006371	12.6764437836485	9.96963043447449	11.5182394922141	7.98713215115413	11.3757728968189	9.47653428210968	11.4058232495511	15.0014829266976	16.3017133455352	16.5572336457513	19.4118010756344	21.0996898792376	24.8374600553277	24.9812395809335	26.332372282041	23.4473147716322	21.0058723694114	23.0637090252197	23.3825106008743	19.0686750719603	17.3879926961107	21.6872622753542	21.029132411966	17.117130629869	19.5809557223339	21.8040887220723	19.001913429968	15.9188477284004	18.0719200972116	18.0133023624209	14.9370709645499	14.6032162553322	11.9593473902216	11.5891443601329	6.55912044408395	9.69304513555982	6.95254838170868	10.8445795676919	13.6769897638333
172	17.2581075439922	17.7633027615925	13.2615555648649	11.7329589192156	10.9530577922332	8.82274520770038	8.65561690464637	4.85625720076686	2.81459357634454	3.13752689231503	3.23573701032701	1.33190014640738	0	1.32924565073578	3.274573865406	5.39105305112091	5.07292834564022	10.0063644247049	12.3671932547365	11.8152803182997	15.0608879552303	14.8093182152319	11.4522678103509	14.6608578875863	12.6767931670435	16.3855537288186	17.2808898787071	15.5599071012651	17.4195319684543	16.911258025351	13.2749546138584	10.2036827665309	6.58426503111775	10.5849131786709	10.0398865033426	6.61614812409758	6.90857040204412	9.29579706103785	9.32786175926723	3.02294707198125	8.60768714580171	11.5342597941957	11.7996200786296	11.5085674173635	14.295846669575	13.8539795726715	16.5204373731448	15.9322256448997	19.1118216033951	19.8654348555475	24.0839401053897	27.3869924051547	26.1271782441197	21.9188448144513	23.3137235979155	24.6787188079122	21.5532529795388	19.7112336752421	21.6694520004545	22.1279862165539	14.3161101909702	15.9206252389785	20.7449498914796	20.3334279943152	15.5132991333243	18.7599141522556	14.2585382139966	19.6332082452156	20.0000995497522	13.1627265412604	14.8687894261772	18.7996187727305	20.183605773003	22.5984347024302	25.410013990551	25.7838660406076	26.2489072915426	21.9274698494833	26.442612068402	26.675018912833	26.7077598087148	21.4669030137093	23.8481426740113	20.5193263534649	20.1548030503898	17.2547370017627	14.7340713653762	11.923592202017	13.6235587494604	10.3958801455192	13.917191814443	12.2559084934573	13.9726103860374	17.7832326926237	18.7920243986644	19.275414003336	22.1774910213036	23.849802137544	27.4393439243725	27.4467227551852	28.8230509661972	26.0209140692636	23.4631456757188	25.5029583578063	25.784786270202	21.6209267146439	19.6158472924317	23.8824482413341	23.1922216702066	19.3960724374807	21.5639761871506	23.783100575829	21.0090811793377	17.7424080947317	20.1952966801679	19.8635856531493	16.4491169975777	16.3971702436731	13.5063241853585	13.3898819262905	8.29045987867983	11.9777095055774	9.41971023970483	13.3446176041129	15.9803399212908
173	19.1097911291568	19.6220392416283	15.1886480636033	14.0335775909067	13.3815439318488	10.6127049332392	9.95094151324385	6.9360591837152	4.96465608073711	2.88626436765588	3.20594712994459	3.25981149761761	1.32924565073578	0	1.33103042790163	4.0680090953684	6.14409220308419	9.8972459805746	11.5760835345984	10.7408548076957	14.8578763287355	14.8997819111556	12.3420522199511	15.260065563424	14.2814743636643	17.3369623636899	18.4599521667853	17.3601990195965	19.0596993942717	19.1138935070801	15.6306853656518	12.6114021821525	7.98323825273929	12.8009409419777	12.6693214498646	9.29823558531402	8.80916942736374	11.694229089598	11.8022137753898	4.90093521687443	10.4539668069111	13.4373051613782	12.5303306819892	12.6103590353328	15.8398175178883	15.746518440595	18.1500854267962	17.8969236183205	20.6554458194443	21.3371427562361	25.5991147893829	29.02052311727	28.1665559485003	23.7206933077429	25.4789660896984	27.0203239987976	23.912495373758	22.0928170001021	24.0061778923676	24.6890747700273	16.9052930764302	18.4116003921441	23.3715103705345	23.0696204346756	18.2384103748106	21.3976824446013	16.940970367721	22.1799391117289	22.2832102489744	15.2927118916169	17.2103557778449	20.9067372155485	22.3538383504936	24.4297623811612	27.1059231534364	27.0284983859629	26.8964605292221	22.2616571485593	26.5756991629571	26.5765847504904	26.6511414577312	21.1959114453708	24.4719156177035	20.9443053119458	20.093323194534	16.8009353906263	13.1831773104969	11.2142632392859	12.8501188321354	11.1890285994808	13.4789467318482	12.8003381205342	13.6949686381532	17.3538673499598	17.1275061815782	18.3519086745766	21.6080674980434	23.1169066053397	25.6939470303805	24.961881219171	27.1773241876385	24.8238661372478	21.892048921926	23.7216860699234	24.7588224679608	20.9978311499069	17.8596943422893	22.3265687690697	22.1909680951508	18.5879633634242	19.9724588871776	22.1514670620255	20.0376548278485	16.0754796195946	17.959317860097	17.6453327540174	13.8492852162124	13.7858921002596	10.7152636458465	11.135949847229	7.18913972600338	9.79355410461391	8.59858715138714	11.6883818383898	13.7953072093375
174	19.9536809887299	21.207013745457	16.9044498579516	15.3761983598027	15.146631506708	12.6572773533647	11.5508973244506	8.21891726445765	7.02912839546981	5.20271948119443	3.31906086114732	3.09164422273974	3.274573865406	1.33103042790163	0	1.32940324958231	3.11284981969898	6.49156437232197	6.76768305995486	4.2047596839772	8.76267453463838	8.5681888984779	7.26346756033232	10.2976164717861	12.1380873699278	13.5937408390774	16.7357274714904	15.7586759913389	17.7209331864888	18.5000962429929	14.9924912206077	12.7607274479161	6.9740829504674	11.549646661262	12.0669695864372	8.93404947378287	7.04825836643351	10.0392515159249	10.6378778428783	3.22835701247554	7.20818735883023	10.6262148952484	8.6932592277005	8.3975223131588	10.9547646711374	12.0684218106594	13.7291814031282	15.381626344441	17.0699620972045	19.7013905346805	23.1350853467196	26.6752605610517	27.0539604124794	22.5501823274226	23.3031737752607	25.6215294625438	23.4617507232517	20.7836282924806	22.6747794035576	24.3963882777759	17.7557457460958	17.4211772564313	22.6911592916713	22.9251186692676	18.7056387755137	20.0020649683976	16.0798784199384	20.5969432926345	19.2789080603648	12.5526750137172	14.992963883102	17.5410590615276	19.900159069716	20.7747855343924	23.313984429951	23.2865965095804	22.2111881041965	19.0832103169252	21.7885826294415	20.689071607977	20.2813464543161	15.092890544889	18.7116792137959	14.5381520146131	12.8849577414907	9.16819769638504	5.13777471284991	4.88789013788158	7.2213001599435	7.82744766830159	10.8534951974007	12.011209014916	14.5704150592905	16.4715968867624	14.4571906676228	18.4664535035832	20.980859419957	21.1810472120715	23.3397663227377	22.2728395360807	23.2735948448021	21.1887557209007	18.1244391361498	18.8131496034024	19.2708861498375	16.0405887984201	13.4241480176583	16.4172344199625	15.5422695253943	12.1710897211384	12.9018287463444	14.7319096861201	12.3009943500515	8.26820627464023	9.59473741172733	9.55432436125129	5.88156603295415	5.60564367401282	3.29650451235851	6.07132102593826	3.66999986376021	8.36392336167662	9.86097485038878	12.6137191184837	15.5136813490545
175	22.8639878848813	24.1163090252219	19.7994927712808	17.8583624389248	17.5241528468568	15.6724120351655	14.7792376664021	10.9770608087958	9.78346457038609	8.58834821138501	6.52995880538308	5.21943732599598	5.39105305112091	4.0680090953684	1.32940324958231	0	1.3279706322054	2.93077566524632	4.92751803649667	4.67670792331529	8.59198871042089	9.9332909954355	8.66121527269701	12.4549181450542	14.532160403739	16.3358688474167	19.5111582690521	18.5128246359112	20.6718192232808	21.0739821818279	17.131242949652	15.1141515143921	9.99029509073681	12.8307073070817	13.6703440337103	11.0042330491498	8.3198262602052	11.0843490562144	12.0429103625328	4.5786202070056	7.16371844784536	10.3903676065864	6.93265028686721	7.68894927802232	11.6981116424832	13.3480096643657	15.2954375877253	17.4594802328133	19.3852968251714	22.536219824984	25.7326683225817	29.2026301726403	29.4478208871217	25.3351860068167	25.5733740636624	27.7922304430573	25.6841802477712	22.965655270425	24.574923601102	25.9733373481345	19.8542260740629	18.8277335067182	23.7876593426087	24.442594522677	20.7152758369277	20.7212503001146	16.9792553723654	21.1338822510205	19.3359173043329	12.4314181411454	15.9634828906476	18.7507122531385	21.4549436261203	22.6632441190576	25.4910300105743	25.9646683976514	25.4600351335186	22.2452535161998	25.3812629512402	24.2962454301071	23.6811150497606	18.6138364933186	21.3942358825923	15.719615707771	15.3112172605577	11.8034893569656	8.24039483277349	7.3189301813858	10.4731732536037	10.602347853188	14.2735320085815	15.3712579511242	17.9705746708334	19.904410516265	18.7560480112416	21.9221218179263	24.7021454128989	25.0820610397152	27.7254739364361	26.7421275518609	27.6061069149563	25.2909277212205	22.3856106684629	23.2674360856541	23.52040261135	20.171490797658	17.7522287333168	20.7898589220803	19.5478967155037	16.2799900798496	17.3300554240314	18.9860219372042	15.6578354825946	12.3220488961861	12.9163975627882	11.9888345555354	8.95481619018503	9.76333247410944	7.76400418598548	10.5718190014775	7.10697804977615	12.38545009275	13.0835001433103	15.8749672440607	18.6218155398447
176	17.9094666587255	19.6455763468522	15.7882656108896	13.2821639050269	13.5897004014069	12.6736423335993	11.5366516372819	7.39519039646715	7.30663883054308	7.82708304542631	5.19770689823887	2.91903168876256	5.07292834564022	6.14409220308419	3.11284981969898	1.3279706322054	0	1.32970071820692	3.25766634264469	3.1199945512773	5.32661571731996	6.56210652153712	3.88350589030067	7.67549607517325	9.06257893758725	11.0772666754936	13.9835334947931	12.6225754107472	14.7339600243791	15.2329391123315	11.6027923363301	9.824800710447	5.13579253864483	7.92349992112072	9.19818753885786	6.44819463105759	3.39540763384899	6.98169442184345	8.22475106006254	3.92236586768751	3.82979594756692	7.19336659708095	2.70749939981526	4.33748913543308	7.60224059077322	8.41311083963595	10.3247733631301	11.7967719313378	13.971122252704	16.7017951729747	20.0607893413993	23.5108080039798	23.5543037468739	19.3835906890339	19.9389484426837	22.0434471215371	20.0198064925713	17.162253581625	18.9887419804473	20.8085429091035	14.8642600892207	13.7469370406647	19.1142543145162	20.0477061281335	16.1840876171627	17.0667977664236	13.1653540020768	17.1158832082952	15.5984290875716	8.86503818378692	11.453088710038	13.8886016574744	16.3192035957641	17.4928122667569	20.2827523033734	20.7595562091293	20.7481149505202	17.2339098871962	21.0024332161776	20.2728169231609	19.7383644712524	14.6982819063998	16.9406790005596	12.5174362391026	12.0014336643586	9.1621453273783	6.78329963955596	3.92645247010581	6.85605615496256	4.89007750449827	9.56719070574011	10.5506591737199	13.6639399881586	14.7171862799925	15.3340898980018	18.0298374091393	20.0953306019085	20.5098533880669	24.1404570172149	23.718653756063	24.434059200223	21.5936639086562	19.1352993444054	20.5393806138355	20.270000024667	16.7578099106059	15.0765581284324	18.251476707379	16.3948892036512	13.5133452927097	15.009103204389	16.7241871252387	13.0168259571986	10.3521623345077	11.9690665467279	11.7104212136029	10.164312519792	9.62902295147332	7.4529847712175	8.48429749596276	3.89021040562076	9.61421894903585	9.90946739234758	13.2702527858365	16.6141295889974
177	25.5588643527055	27.2283758053983	22.9946847771393	20.3727857937985	19.8888431790288	19.3237633239491	18.9230729005624	14.5204572242061	13.5780863526492	13.553536328206	11.4047696162614	8.96788001703858	10.0063644247049	9.8972459805746	6.49156437232197	2.93077566524632	1.32970071820692	0	1.32451576057063	3.27154076850649	5.91244670166252	8.72025670493707	9.44787626929989	13.6142650921745	16.0911588768491	18.3939201640107	21.6405226600468	20.4800067382801	22.6145926781802	22.3787947843489	18.3008873008934	16.8961115644991	13.1638255078074	13.5742849167092	14.4065511139898	12.2148450665573	9.14216462332636	11.4429505373396	12.2178384749513	7.46086623657066	6.68582268685013	9.19786513273596	4.10689785604658	6.45639063254385	10.4311422672687	13.38175108123	15.6760524048626	18.4866657350643	20.7095371507912	24.0817133526666	27.4276016268284	30.729947949842	30.6898447535989	27.0226397304186	26.5707123728364	28.6570548033115	26.6467455048454	23.6736707969001	24.9620151029519	26.5106332251797	21.1911389736371	19.3296608351	23.9110436827839	24.6897776822717	20.8306744970008	20.1333594563848	16.724555778854	20.6031831278567	17.4986389470724	11.3885285265481	15.9099791011805	18.6240231421677	21.6958947729749	22.9007255343581	26.3890588502129	27.2792659908583	27.251321967934	24.5409237397454	27.5561302254145	25.9616307269016	24.7563916191355	20.3857795779313	21.2980047187524	13.9770203548539	14.7517811128013	11.9163332027936	8.18321611592899	9.23998198050191	12.6542992694183	12.7582953406793	17.1680886530796	18.7153482735428	21.688895730304	22.6612772367314	22.1385180398327	25.9016095445824	28.1578973291686	28.0713365196601	30.9839271074536	29.9664805073936	30.593098094178	28.2080443313605	25.4569715598694	26.0967545491772	26.0532854550055	22.7558310109739	20.8929083901691	22.7620795183568	21.2384302150606	18.0616248161676	18.6852023804935	19.8982317556108	16.0969488413177	13.9880535100492	12.0230885798949	10.7280605889415	9.45125182184879	10.8942466467397	10.528794090493	13.4962252870942	10.521311942909	16.2536945338591	17.5331112470092	20.5574034109369	23.6154523988002
