546	547	548	549	550	551	552	553	554	555	556	557	558	559	560	561	562	563	564	565	566	567	568	569	570	571	572	573	574	575	576	577	578	579	580	581	582	583	584	585	586	587	588	589	590	591	592	593	594	595	596	597	598	599	600	601	602	603	604	605	606	607	608	609	610	611	612	613	614	615	616	617	618	619	620	621	622	623	624	625	626	627	628	629	630	631	632	633	634	635	636	637	638	639	640	641	642	643	644	645	646	647	648	649	650	651	652	653	654	655	656	657	658	659	660	661	662	663	664	665	666	667	668	669	670	671	672	673	674	675	676	677	678	679	680	681	682	683	684	685	686	687	688	689	690	691	692	693	694	695	696	697	698	699	700	701	702	703	704	705	706	707	708	709	710	711	712	713	714	715	716	717	718	719	720	721
546	0	1.335883976998	3.61005304670167	6.93366468759487	10.216347732923	13.0779950680523	16.7021186081287	20.2862312172567	23.7374591310865	25.11456416106	25.113512637622	22.7101701666896	20.0093030613262	16.938551886156	17.4472789282455	18.8983544521739	16.1271801936978	12.5117882414945	16.0284865785888	17.4394217220641	11.6965304684765	11.6219469109095	16.0648538430949	18.5089639634421	20.6922214612158	23.1593667011859	21.5487061560549	25.7908843586256	25.8977595556064	25.2089387916271	22.929930265921	22.5058739221564	17.6999837570547	17.6675033040891	14.684854885221	11.891805287676	7.72917757591324	6.97992349528274	6.2936534699648	6.2219502569532	6.89935692655482	9.40232620153119	12.5792569335394	11.7392394131818	15.6125525779739	15.6637315477507	12.0885607083722	9.01153677238239	6.52858713658629	3.61924301477533	4.08986478994111	3.75214778493598	6.6311563848246	4.65284117502414	12.2410266726284	14.8545352333892	18.6419751635925	21.7533533277056	24.1850581558118	26.611445620259	25.9595743609174	21.917631737941	22.641896320759	21.7500367356012	18.0709841735308	16.2996456709954	15.9984698643339	13.2701899760327	11.3247443679758	11.5371369498676	9.67343108726164	6.72064862941071	8.03468904189826	3.81883765038526	8.7701676722854	11.9865461664318	13.8919225811261	17.382515180491	18.5750804574301	23.26591588569	26.1132298653384	27.5148381241831	30.3942220495936	30.6211158026614	31.9046084445492	30.3720226195096	27.0771842147591	28.1612288261716	29.2930791143574	26.0582475619524	24.1174469834599	26.7260141061102	27.8252505828789	23.9667760869083	20.9115766024468	21.4523900999399	22.5479026297348	19.9371580221455	16.5863430870099	17.1052257219833	20.3511858376852	16.6200524969087	13.9279710654496	17.4964961063637	14.9142528810531	11.5070497522171	12.4016594050958	15.4994965079515	14.6784314216472	19.1979983852484	18.1439674823342	22.9003616565329	21.7222705304947	25.1049983270264	26.8122865492669	27.5435435084159	30.6304917851477	30.5479275892817	33.8862067661755	35.1046159215565	38.5175991593453	38.8242041644127	34.649948008619	38.1130550599135	40.7482930930855	39.3282909112512	35.9196854106491	41.4078226667377	43.4514276520346	36.9430904229736	42.2086057339022	37.881144927259	36.2131707117728	34.3458984305259	30.3407819444391	31.0354237122679	26.6769078792877	31.3910449173009	29.9868362619333	26.7618411362148	26.6068882810448	28.7646142508465	25.9157935244129	23.9702488514408	25.877705385138	26.4915538426873	22.1645093110585	20.4438208512988	20.1487162122057	16.4697820264872	18.3975791342231	21.5834850985655	18.2056249000137	23.1618280150769	20.5617628864842	22.6433811521159	21.4304244474999	24.0531279254903	24.8343184122295	20.106765279378	23.2133417025641	19.9280608690359	16.8292368810948	15.9626107513777	16.484127426103	14.3167428558314	11.5490109533241	12.9405808988623	13.2714054643809	10.2104390698931	8.65005739865349	11.4897305886605	11.7812276949391	7.15962240624462	8.02930594758974	12.7409865787544
547	1.335883976998	0	1.33203340798946	3.77719538811536	7.21454336739339	10.0136927753951	13.4578316604125	17.1041081907242	20.5644286572713	22.4096649908025	22.7023155867414	19.7227536870489	17.7149564210584	14.84713399953	16.1428884032567	17.4457372157212	13.6633461860556	10.5632099761389	15.1435828653592	16.6604599576362	10.5737755319469	11.6154790688977	16.3270443436649	18.5504077313681	20.5990321374573	22.6164753000993	20.8025050654963	25.2438362377829	25.098751642263	23.4684815657085	21.8217443390761	21.5470156866328	16.7566241528537	17.0667297687635	14.4462945075891	11.5320753119289	8.36448743199486	7.28160339485748	8.00611503789447	7.28326911489614	9.09423311775105	8.05084299933864	9.95086955999324	7.14594409437969	11.0540423827666	12.7203160731171	9.19985135749486	8.00606907289714	3.41981710037248	2.91940165102372	3.72196963985468	2.80033087330765	5.28065781887068	4.64357308545908	10.6844813631734	13.0627297683141	17.0979939759026	19.6934609705861	22.2666985878015	24.7567274695183	24.9741528985469	20.913306123136	21.4224168571149	21.4227138570257	17.7894254825725	15.2418333214873	15.0949803908452	13.4993143899977	10.1272026739865	10.6366037342753	9.50622348779998	6.74787270182241	6.95466907911513	3.50535447565578	4.58745114415402	8.3718393438957	9.68305535458721	13.468743482597	15.1176785916357	19.3391890729679	22.5551690749593	23.37694071088	26.8010425543485	26.8112699251639	28.058299467359	26.8958730105568	23.4406326279817	24.0476762494841	25.7980321923979	22.8869485296752	20.2354398519034	23.1667283188628	24.9336616243985	21.5222410775458	18.246139893139	18.8162680146728	20.5889562144369	18.2364282687153	14.1297805361584	14.4652341149392	19.2376064259564	15.9371754398325	12.8040663072322	16.0700683881557	12.6346328003627	9.1417285564602	9.14293087581876	11.5418593389454	9.77783600803368	14.5471246299741	13.7489703614489	18.5061635678495	18.5565401139329	22.1657401635948	23.1992231766497	25.3081793300111	27.832711204624	26.0233129712571	30.5366512080156	32.4933277612497	35.7714714402413	36.3144533898006	31.8049524602695	34.6587461544702	37.6766677135863	36.6575131998885	32.3976393893135	37.9628716511278	40.2034851847449	34.1134693926021	38.0979876633924	34.2401678004066	31.9665908254227	29.9844813361846	25.8276145820709	26.336927136627	21.8188916767099	26.5445414539411	25.3120355957398	22.0269187586462	21.6844306819432	24.2634776979723	21.5956029089257	19.2821938845143	21.3284087779656	22.4969917544546	18.1365570602582	16.437826802835	15.6602517859708	11.8212854207992	13.5037920600104	16.6724042957217	13.4875208989643	18.60318857078	17.2607180325733	20.5893286437416	19.5923104303704	22.3281503712242	23.2622476343108	19.2889415469071	20.105384477796	16.1950244828466	13.8607721285648	12.3048400639748	12.1229338858215	9.88146031717984	7.44945588617048	7.91510587421293	8.49903576883872	5.34863964013281	3.75711937526611	6.20754460314221	7.51101404605263	3.95799166244701	3.9896820675337	7.97906385486418
548	3.61005304670167	1.33203340798946	0	1.33566013641195	3.89209969039849	7.60317499469794	10.0074646639396	14.1687951851948	17.7440584421941	19.3051216779382	20.4980563224907	17.5967753864167	16.5974675779168	13.8790180128134	15.3336990318709	17.0952631158459	12.9697910546007	10.2673876911316	15.4300890794577	17.4076992448744	12.0052584312042	13.0902083635059	17.7928905465076	19.9040701867734	21.2413038441617	22.3647031279201	20.8119492119311	25.215236445451	24.481411356374	21.4039650532325	19.8971890979605	18.6304577775212	13.8775258962108	12.5650564264551	8.8801965631398	9.5465103048182	6.99101723642561	8.4171276573425	9.84956303599302	9.50398837330939	11.6423146324088	11.0875379593488	14.4033857478025	12.3935582461212	16.7290914875853	18.2264033204579	14.3939890926734	12.4470716636484	8.16026286341316	5.80640904518447	5.21797709845492	3.84113954445813	5.93346719886442	3.49392630145514	8.69493208714134	8.51761639192562	12.8176490824176	15.7986614939368	17.6360752436589	19.0883857882221	18.7880315094477	14.3945385129222	14.3087327531127	13.4910266473682	10.2666892911006	8.31186579535546	7.14140196320023	5.10651270438055	2.95032218579598	4.41516115221178	2.78471506621413	3.73233720341558	3.62383250164794	2.83345760511782	3.27505801475333	5.74498990425571	7.78631446834765	11.0802403403536	13.158680062985	17.2480636304485	20.5653508844367	22.6503066204411	25.2819800846374	24.5475968273882	25.5590327281766	24.0029316959408	20.7182483091597	21.7391291683913	22.8238592266952	19.6132164113895	17.7085307408605	20.2794939779078	21.3868397151145	17.2408153809499	14.2807444133701	15.3778515079318	16.2183279656073	12.8073298934634	10.5326009608263	11.7466902998249	13.8605199758162	10.4254454581087	8.20626815306446	13.0433332396286	11.0520387711951	6.39190081274733	7.71565330999261	9.93867707494312	10.1929609044674	13.3859863289935	12.8825246361107	17.5205714804055	17.1193646494255	21.1152150356088	22.9867538595601	24.6342767297926	26.9901350496807	25.5182619510029	30.4204413511704	31.6486125130313	35.0007020786727	34.9805264397207	30.40023351884	33.7583062371322	36.3780867693726	34.9549962809324	30.8143194472959	36.2695934496101	38.3480863407811	32.0480373970076	36.0127114919163	31.9601828217549	30.3273919749127	28.6632734697208	24.5089434696806	25.5293424513833	22.3478880210189	25.8045456460679	24.0522167585443	20.94888529254	21.6510463719424	22.941620801504	19.9078607590067	18.3107966511564	20.2769515953459	20.6613514320821	15.965368364056	15.2264843283011	14.7668313459591	11.9536335061771	14.4200064147004	16.6561198963024	14.2814188720869	18.7197259595326	16.9212072855337	20.4593949324021	19.2493933670648	22.154251826681	23.5859985160688	20.2375166707776	20.6107283228905	17.1724929174538	14.8110540813272	14.5311010938607	13.998161307829	11.0939358660486	9.52878869531695	11.8288797863534	10.479703908031	7.42189807259572	8.1848524116199	10.4921162784254	9.38287482597951	5.80932810228515	9.03438686353424	12.5122095171077
549	6.93366468759487	3.77719538811536	1.33566013641195	0	1.3369835451493	4.22772917770285	7.45651875877745	11.094105011221	14.491100061762	16.4416401249997	16.9401508257748	13.4408865035012	12.1962178563684	9.93443078389497	11.4358274733401	13.0237956065043	8.30095741466007	6.75317095889035	12.1156246640444	13.7938219866721	9.1391243563046	10.8828067611256	15.1711102428267	16.8415460097938	17.6036189745177	18.031076007826	17.1923984946836	21.4408019206372	20.6344291658383	18.029729726205	16.819567027721	16.3078362758522	11.6305055780048	11.9154618038916	9.83787812488039	7.55265688350795	6.44774836667809	6.96082962009558	9.01010771300766	9.14172024293021	11.472509577246	9.7755937927064	13.9886343507864	12.041811574676	16.722706120721	18.6883629566637	15.3689166176409	14.1116203534534	9.77944947325768	7.70453924644427	3.93851202867276	2.91297476817085	3.36672244178221	2.83789094223157	5.61505983939619	7.42765588863673	11.3709071317991	13.7523026435576	16.3358561146944	18.8767372710434	19.4875802499951	15.6494877232451	16.4170870132311	17.0861451767214	13.4003575325437	10.5594398525679	11.6654846877444	10.7880256302995	7.00645359650658	8.41938988288344	8.52656419667383	6.82098365340367	4.71159304269799	5.08106150326878	3.22054777949342	4.98421327794067	3.66901648946962	7.6821277000581	8.53814739858712	12.968947335848	16.0866946573869	17.7499559999455	20.527028255449	20.4273169554888	21.8951795151353	20.6737874130504	17.240154320655	18.4030470574848	20.1590221241012	17.3057280112684	14.9660843576401	17.9619777307511	19.8071545154775	16.1422922164109	12.736577483767	14.6868541560131	16.1811466837181	12.9969486418928	10.1737373172301	12.5281168976028	15.6515126744989	13.1007176139324	10.1418945961788	14.4139816150847	12.6648313845862	7.8115282755681	7.84878092444935	8.88957462424384	7.28141552172378	10.0540187984706	8.1847969431135	12.8410004672533	12.2112270472709	16.115576502254	17.9081268981432	19.6946211438555	22.0608066035673	20.8025198714002	25.3262327636781	26.6440754390165	29.9713056438988	30.11077717363	25.5292942714835	28.7542440693544	31.4772404921397	30.2962813064574	26.1111876979964	31.6371256753833	33.7848916825258	27.7156618719453	31.913186193171	27.82791616345	25.9171379592732	24.1353846872181	20.263248456257	21.3136774396161	18.5610379828284	22.2850789543138	20.5556856125015	17.5035437269143	18.4871732019798	20.2677129198141	17.4955541781334	15.4715469814754	17.9542646187473	19.1514768882194	13.8319480551367	14.5307917540649	12.759992202192	10.7428278400056	11.682305851158	13.3878427687212	10.2215433766139	14.023554043109	11.8568696543396	15.453965316384	14.6815659587116	17.510206966224	19.0074475929831	16.0327224450497	15.735281185921	12.5022121642532	10.4137217650559	10.8358573726309	10.1150545228387	6.96498219667502	5.45330560302648	8.92355629779966	8.24069760396533	4.56990820476735	7.00938727707351	9.63494063292556	8.91527083155638	6.95439415046343	10.9594987567863	13.3600153068775
550	10.216347732923	7.21454336739339	3.89209969039849	1.3369835451493	0	1.3334500365593	4.01552848327589	7.56550342013008	11.107436923071	13.4066771796743	14.3962509355735	11.1613136323642	11.4951280549631	7.46479644732527	10.3012209470528	12.6027594597374	9.31922512873254	7.43117655556642	12.7808826768733	14.9156761160867	12.0557683288955	12.7946001891423	17.0638737981737	18.8062930690766	18.6418150940299	18.2220117714812	17.1455472061991	20.6969946127451	19.9204467319385	16.2254679747612	15.8042785978987	14.6411827732598	10.3450286128169	9.40220202931207	7.11503106107064	8.2465952368235	7.62548267324764	9.23207105691892	11.2515868214221	11.773340095317	14.434112580966	13.0957560301038	17.3993674885037	15.4081782180763	20.0376011039246	22.0602465534726	18.7221634967757	17.341163080947	12.944994167631	11.0546795521173	7.26244277085885	5.32920284845679	5.58764181028097	3.62200055218107	5.81613221995511	3.94769616358706	8.2102341014127	10.473389756903	12.6922934885701	14.686269131403	15.1978509336024	11.179162535718	11.6231085773127	12.6423745791683	9.36362413812088	6.16581259851449	7.71235430980709	7.53459355240878	3.58288166145632	4.10895485494791	6.43503084685691	6.84359656905636	3.28498614913366	6.15150883930114	3.11158175209973	3.35350339197681	2.92216922850132	5.37423427103806	7.12177232155031	10.9461774606481	14.19842304624	16.7200139653052	19.1717080355403	18.0464856966668	19.1387620811797	17.4661700438304	14.2285353778947	15.6770595776121	16.8541646485372	13.5970243803562	12.1707088947193	14.6981165460068	16.052613681267	12.0417607931731	8.6263740354798	11.0021267489518	12.6745842140877	8.34589114474901	6.96284561081171	10.731493698456	12.5341176793582	9.74259005603746	7.58896336794427	12.4315624520814	12.3931796162244	7.5706736160001	7.31151762632082	7.8797495518576	7.20733695618569	9.46460067831707	8.43962825010676	12.3777182469145	11.5525295931237	15.8725854856731	18.0334452337871	20.0621689256172	21.4559829884347	20.5529962049332	25.2354726129708	26.3790137419882	29.6648746162865	29.1671490550585	24.4551310362468	27.9123400846292	30.3362746064839	28.6979265627327	24.5852953815894	29.9293770232526	31.8980728571492	25.4744094926654	29.6281068075569	25.4013259890109	24.2053827484715	22.8205914471996	18.9555932115036	20.5706092763438	19.2723235755318	21.4977766757402	19.20890795959	16.4747302557584	18.1092585712392	18.9031780661348	15.3954445535035	14.7043973014877	16.9105190340214	17.1809069900282	11.6025723440968	13.6111902859375	11.8795953213904	11.666167579801	11.9101955063718	13.8369396544178	12.2036621143	14.8968213387957	12.869738225776	16.5453427283934	15.3400833113774	18.4270677808489	20.6576968948622	18.4039492772611	17.4917482259493	14.8822714328156	13.219478696227	14.3751089735	13.2799009785465	9.31138147645128	8.38263287994888	12.4491743501326	11.3384036795309	7.84574547127295	9.97335911315741	12.4349286688746	10.8678298201619	8.83163416361887	13.2414419532013	15.635201341844
551	13.0779950680523	10.0136927753951	7.60317499469794	4.22772917770285	1.3334500365593	0	1.33270964579686	4.62546873300426	8.05305333398457	9.63631677561505	10.6121331974302	7.24323719064894	6.76095474027152	3.96504779290238	6.13323739961205	8.301795829819	5.45965172881934	4.38549313076648	9.38773268686321	11.3470841188386	9.38684126849921	10.1661479922338	13.8085985530755	15.3908142734554	14.8134798747627	13.6346247839829	13.1635550289426	16.4834918024064	16.0966988541129	12.2889575636016	12.2999374795159	11.3964921357407	7.71843669404627	7.97760747342209	7.86206658582844	7.81327927313494	8.85048930850718	7.45940071319406	10.2481110942456	10.9198394676845	14.002233143324	12.5489625467606	17.1604624063572	15.9367076587355	20.5636913271912	22.5510231475204	19.5630500945021	18.4624955517936	14.6353270206033	13.0315641808649	8.43656766700771	7.1219797809317	4.51146339894274	2.95174880367554	4.44419396516399	2.73354824358379	5.80767440547419	7.18815226605558	9.77277227812047	12.4220398083407	13.9644616437584	10.6589981705599	11.4483113601963	13.530338539741	10.8529808347753	6.24225119648353	9.83093784946279	10.7118179129408	6.59996833325736	6.68062946136066	10.9393317437584	11.2000884371508	6.9477058803608	9.52285671424284	5.86838768317159	5.38171171654521	3.4904319216968	5.71843230265079	3.7378397504441	8.27453031899696	10.8273768753101	13.2545621579892	15.5621812738446	15.2038936131505	17.0589554486786	15.1653437481648	12.178911117173	13.9744518318251	15.2640039963307	12.1265996470569	11.1357094969292	13.9058789366225	14.9385536448479	10.7278041089498	7.03939066965316	10.8041689175984	13.0702052393985	8.7733444592128	7.69438158658641	12.2490760467882	14.3493515532933	12.5722235901212	10.714191243393	14.8903590285795	14.5712182743928	10.0465837974906	9.56444237789115	9.63914700582993	8.03121173920847	9.60511207638932	7.07047820164945	10.0424498007209	7.4827279116643	11.647186827728	14.0563650351006	15.5852956661079	16.8849768433362	17.884360038872	21.4038248217462	22.018744991484	25.3871452707862	24.8032623862265	20.26466691066	23.8511361993512	26.3143101372618	24.5404929453343	20.9646694226263	26.3260959126111	28.2543407107651	21.6684737348988	26.8421864608679	22.3821880297705	21.3114482614392	19.9706825371593	16.8204186630417	18.7437707252303	17.9277421054633	20.7743053554144	18.4359547623658	16.0427593636506	17.4898554596658	19.1322397016136	15.2156865766879	15.2684059744297	17.8835878391334	18.1660283496421	12.3640217566939	15.5285642929409	13.2111066531158	13.6359837928915	12.7415448043006	13.5268226128681	11.2553128343907	12.6319177483073	9.375295888664	12.5527016215634	10.850090506535	13.9449765507153	16.3369614677883	15.0519199107622	14.2064601150322	12.6069730704876	9.7379899363267	12.4085553147818	12.0945443899305	7.52494644499215	5.49693960308825	11.4507673541995	11.6180344723193	8.15980863746203	10.9853740491619	13.7194875997612	12.7636254254032	11.9024818840442	15.9595297549771	18.0669051583275
552	16.7021186081287	13.4578316604125	10.0074646639396	7.45651875877745	4.01552848327589	1.33270964579686	0	1.33126593887172	4.7910785842021	7.52623006557732	9.23427360435026	5.63439180391282	8.30672372238297	3.44543959459457	8.58445164235899	11.1269361910636	8.10337534611349	7.85823758867089	12.8350800932445	14.8146938881639	13.9533576604343	14.717638975053	17.9771141733038	19.3499326613815	18.1952559476365	15.9396287597924	16.0526566025689	18.2538849015764	17.5897926650657	11.7651413931155	13.4816680718671	12.4803067269999	9.60253591505911	9.30828244092324	8.20366028063084	9.97806203628741	11.8518496868632	11.0098314700998	14.6234324630027	15.6938656805772	18.7341387045148	17.1266478623226	21.6253200207534	19.8674218005256	24.3617905130144	26.561708134079	23.7586552439316	22.7444936193356	18.5781469743352	17.0019741500803	12.5778892505857	10.8717427305837	9.13543808473353	5.62026663068577	6.5179374805225	3.61595035917254	6.34305880470929	6.5509841245419	8.90583033748117	11.0635974709856	12.9111035159664	9.60170370298938	9.29589920341222	11.6702344449458	9.65245709651175	4.30490661919629	7.75108779462599	9.38173896460566	5.69553447887027	3.72813224014385	10.3444114864017	12.3057444715872	8.28643246518066	11.4409921772546	7.97019058743265	4.61166575111423	2.9118662400598	3.48582644433139	2.82385304150198	5.68356525431001	8.60328983587093	11.6617452381708	13.8336916981694	12.0660105668775	13.2543264257374	11.4731910556741	8.33722699702965	10.2009239777581	11.543724095802	8.51016098555133	7.35228467892804	10.1803566735159	10.9780306977162	7.6707289093019	3.94499936628638	6.6127792190576	8.86306707635681	5.73136859746431	4.15858858268043	8.66900565232253	10.8534780139824	9.42217230791286	9.36649881225637	12.822015676172	13.6074855134959	10.4602473202119	9.42152036563102	7.44081077571524	7.17918609593037	7.56498169198049	6.99099392075261	9.18806192839382	7.79128108849886	11.9840486063767	14.3982798278128	16.6436717403342	16.7209905508017	16.7226244949769	20.9656372905762	21.8559294700546	25.0024850164939	23.9321798631048	19.179319304918	22.6390277176384	24.8908899398957	22.9683202259112	18.805469789399	24.1077254007922	25.8718094844562	19.4286304715489	23.6997189856758	19.3025366985793	18.6638695076878	17.6866379224543	14.0608297763681	16.6948855341988	17.0962020636164	18.3753622277222	15.5564490164047	13.5771734171734	15.3815865891656	16.1573482354005	11.7615635015078	13.0212466761059	15.3503261854594	14.6990899378159	9.15371165156517	13.1923084030051	11.3048356467487	13.0754337595355	11.8870602757789	11.9359720173935	11.11582012269	13.0316201602103	11.1710233640432	14.3698999648571	13.4604162639942	16.2522989450724	18.6324277537845	17.886243456914	16.1760046055879	14.918306673346	13.0167101066283	16.1062766957481	15.0237480676428	10.2964994536978	9.8476838393604	15.1418966117194	14.2103110099674	11.2014376309472	14.1684223892429	16.6149831778428	14.2836503737665	14.12137503928	18.3690737926549	20.3343894425183
553	20.2862312172567	17.1041081907242	14.1687951851948	11.094105011221	7.56550342013008	4.62546873300426	1.33126593887172	0	1.33581622987595	3.73238342081839	6.08025295526428	4.38693355317812	7.39737811660321	2.99417200574717	8.65041883379065	11.0633684291901	9.50624626232668	10.1230005433172	14.4294791659297	16.2248160852442	16.2094795104593	17.3224738129402	19.9941472936457	21.0876346231625	18.934661840128	15.6630036072268	15.6670166911253	16.4358697062249	15.5472924009295	8.44742238792402	11.3290248918431	10.0747320559904	8.72069893987861	9.6059026645079	10.9179662025489	12.1840123932964	14.2513644960755	13.0539424696143	17.6239454436287	18.8647779207708	22.0032878225051	20.3679696828133	24.8459385815871	23.1339742586526	27.5177727841481	29.7756651814867	27.1712956076813	26.2654559830969	22.15189822566	20.6337352168724	16.1575190546074	14.4496123823444	12.352133297532	8.63700324186578	7.7597028937969	4.95428995921716	4.68581294974522	3.21434005668349	5.56646467697407	7.92268982101407	10.3598006737582	9.14434147437638	8.55942860242435	12.5617596697278	12.1327845113972	6.00350347713733	10.9282832137532	12.9889902609864	9.66974099963386	6.96406131506609	14.7604759069618	16.5922849842932	12.2274990492741	15.1417997609267	11.3670655843978	8.2767689952058	5.37101135727714	5.30269572953229	3.47762706453697	5.68911539696639	7.74793224028192	11.1677167764946	12.8123997361931	9.96323486624701	11.3246486921229	8.95082063276882	6.63959140309101	8.6573562361728	9.95187881759018	6.97366596561665	6.86984410303465	9.67193264037752	10.7166730378416	6.68883016677804	3.27435092804665	8.32784137697159	10.8066115873571	7.59635030787812	7.55743111116469	11.8159538336945	13.779986465886	12.5683725676796	13.4216332091143	16.3348484535364	17.2261763023603	13.9814154505186	12.6997659820959	10.1235287820009	9.30291835931069	8.47702318033872	7.98433278364573	10.2289888063288	8.46698960670201	10.6450013621418	14.6844448992803	16.7728486548946	15.5260648588108	16.9339576000414	20.7054945606233	20.9787573035202	23.9827069364574	22.0829623465694	17.6190616095183	21.1174723155969	23.1147409892475	20.483783683685	16.6341463562156	21.9675650220956	23.130785395226	16.4519184595597	21.4996056940587	16.7590045647109	17.3181475337289	16.9108649985741	13.0949145090756	16.8173754492192	17.67243189264	18.7448925577076	15.6681815792389	14.2238342931855	16.0704641501109	16.5862167476492	11.8318645191703	14.0442864183269	16.3429755858595	16.0044985550938	10.7012912305011	15.7768568796196	13.3186046566448	15.5721157843114	13.813579043825	12.8652825075861	12.5753777279253	14.2654880743703	12.5832279245033	15.366168976033	14.2090314237108	16.8543518712527	19.343473369589	19.1617151894083	17.5050949440441	16.8119422435363	14.6642816735086	18.4610621037902	17.3580061354984	12.5393820023157	12.68019538493	17.9901620615268	17.0315705969825	14.3578857426851	17.4078695135275	19.7476068929883	17.1002039169128	17.4676477237206	21.636856287363	23.4390719526179
554	23.7374591310865	20.5644286572713	17.7440584421941	14.491100061762	11.107436923071	8.05305333398457	4.7910785842021	1.33581622987595	0	1.33884838574052	3.385422130252	3.25720754635009	5.23881074290721	2.95219867217638	7.91912905564747	9.81382728602862	9.73891564805856	11.3514152862099	13.9814570771433	15.4164146285704	16.6730226113923	17.8686884241681	19.2846765334553	20.4619146953554	17.5045189594002	13.4234235945976	14.0800270951444	14.1663329764622	13.5568051546078	6.49981707434909	10.1023606152226	9.03528953603591	8.84096075095914	10.9738307349804	12.7502449388237	13.3728615486739	15.6240973179253	13.592404827697	19.412195908758	20.9043548333834	24.150302399763	22.770353532609	27.2402606632169	25.9013454090709	30.1478511008662	32.4243889071174	30.0644566223972	29.3098860625558	25.3430403464146	23.9536419360397	19.1961036411038	17.80270881074	15.1399127474368	11.8220797662679	8.54539770870847	6.90205266569301	6.00929297005896	3.82541514087034	5.46937272454529	7.65777643967229	10.3491479842546	9.65844754606039	8.58644839267086	13.6067374487788	14.1076277594782	7.5893010218333	13.3626040501094	15.6805546139159	12.8984204459306	9.76175788472547	18.1202946444035	20.2023845622243	15.8400351641024	18.6174164963885	14.860385627567	11.7637346110833	8.45264680440393	6.95239642137875	4.12887684485745	5.8260928588549	6.73020400879498	10.0883704333257	10.1319825305811	5.90217392153095	7.02018019711745	4.15305357538282	3.33741891287264	5.5878562078851	6.78497288130174	2.53462462704046	5.89635523014006	8.49488763904503	8.40715837842966	5.00662950496639	2.79568614118252	9.06427553641216	10.3879704947598	9.35076151979078	10.3639579312153	14.0952662975908	15.6102699848529	14.9236393014573	16.6636208850298	19.0988012451044	20.1997556668391	16.9971003703573	15.7567217719931	12.3660699496647	11.434353370436	9.63165686681165	8.86618486159633	10.767094176239	7.81260123134414	8.03955402991982	13.7088667657104	14.9751443732606	13.2019297453062	16.4852030014798	19.2434152114431	18.7421107936113	21.468858423307	19.2113026627556	15.2780150870458	18.3625277943969	19.5291979610019	16.6172790492307	12.700822689889	17.8646017307971	18.3838130158028	12.3073760404076	16.6152783605933	11.9027487581651	13.7277838706763	14.2501084206402	10.4180148300912	15.7124409624985	18.0133262058955	18.5081747614399	15.2418186906944	14.7051479761341	16.6319648268026	16.9016693554217	11.2128876298659	14.9355858940987	17.4050312553583	14.9552811742207	12.0676709434754	17.1779245544973	14.9788060271839	17.577536659043	15.4667203375506	13.5940318522505	13.6067507142595	15.0024690634575	12.9911945948015	14.6435467015337	12.8130769918861	15.2087462007885	17.8744136127594	18.4063142426723	17.5407250420272	17.8430816845073	14.894837964879	19.3638548589892	19.1438932821932	14.4882996241795	14.4414215366771	20.3402402640677	19.5861756348706	17.2141553960687	20.3237194922583	22.5964844389564	19.941003660799	20.7812591052612	24.8052501499179	26.3805455212738
555	25.11456416106	22.4096649908025	19.3051216779382	16.4416401249997	13.4066771796743	9.63631677561505	7.52623006557732	3.73238342081839	1.33884838574052	0	1.32764792019571	3.24249101772079	5.67923744881301	4.30564315753175	8.70118641335766	10.1103158209821	11.3574649460168	12.6579120316109	13.8688163157495	15.9275264244013	17.574846258218	18.6766731512869	19.482068499007	20.7932356789414	17.4866851632892	12.7941203292763	13.6032939025811	12.6039808790715	11.8765182608372	4.24075158433031	8.84920052886135	7.04125280046101	7.58946144334366	10.0860061967064	12.2035305547206	13.4063921321137	16.0196407887318	14.0201091650529	20.5091124625129	22.5187190799122	25.711417502736	24.62497021318	29.0872595649711	28.2132934093133	32.5649917703045	34.6670688983075	32.1394748712545	31.1929888276196	27.4265228929954	25.7064862048472	21.0883866144378	19.3871430076739	16.4072270966181	13.0167792099275	9.41529171082872	7.20914287554353	5.73962794961485	3.46276334738602	4.5729409574146	6.83215529682984	9.43798760329764	8.59352064057566	9.42416351725712	13.5907388320135	14.0326383121635	7.55011066144067	14.111430933821	16.360555308424	14.0318405421384	11.5926399064234	19.755577288452	22.3348118639938	18.2751744451318	21.3229726820629	17.502139126404	14.4762977656582	11.4036280630333	10.6205734779248	7.42861124302517	8.22741484307191	7.20705237944057	10.487728495723	10.1880495679988	6.98405118824311	10.4423839232237	8.55741047280075	6.11042306227646	9.32723211890859	11.472881896019	7.19447941132644	10.2269786838538	12.9336855536231	12.9030657597332	8.20309289231812	5.41638569527688	12.7511736322583	14.4887905982522	11.1048863118899	13.3266297690001	17.0365924116297	18.4448264833259	16.7952172060977	19.1301007315696	21.9826114008323	23.3134799847642	20.2780100108467	19.004700734292	15.9496259830756	14.8328618277121	13.1953098106865	11.6841683058744	12.445469416619	8.6677891644871	6.6319856754972	13.9373722415669	14.7386629651404	11.8736481335771	15.7980599125336	18.4897529999727	17.0472582546285	20.0835217529197	17.5291940487862	13.8108765109243	17.3517941723615	18.8086416574935	15.3727075038849	13.1236313191129	18.1561080906675	18.8491116236283	11.5497581359958	18.5792698726295	13.6308712120686	15.4628367384513	15.3549266035367	12.474254566907	17.6479052864639	19.6689683766079	21.319858606473	18.2307898347823	17.3726833275692	19.5635175518106	20.4788533126247	15.3458748528717	18.4410221788273	20.9803246876687	19.4220116620292	15.7423712635676	20.838256956857	18.6356762420901	21.1824025549511	18.9365296979146	16.2364518599354	16.1236464858294	16.6918070022392	14.2483443950517	15.3203252250075	13.253590155124	15.3537936354505	18.0484033088803	18.9578997254443	18.6597586801116	19.5134277357926	16.2228777964947	20.8941498271645	21.3699806738331	16.8323429147579	16.2435875963409	22.6484735467978	22.4611737226709	19.8522814054204	22.9662223493547	25.4036329291698	23.1142664603487	23.574916903353	27.6920892314033	29.4713079451863
556	25.113512637622	22.7023155867414	20.4980563224907	16.9401508257748	14.3962509355735	10.6121331974302	9.23427360435026	6.08025295526428	3.385422130252	1.32764792019571	0	1.33267888105125	3.22719894025763	4.6852566631936	7.54635713440598	7.7509378142261	9.42923003219245	11.5776768395045	12.2617409041294	13.424233348687	15.3349975220083	17.1598722897346	17.3830647182826	17.9553136424848	14.6479764472776	9.15532222262002	11.3724333807677	10.2883268319003	9.71584751835886	3.65312208939148	7.84651521377484	6.91403832792385	7.54911796172242	10.600165753421	12.8486874426923	13.5850777693762	15.8812078256032	13.0142651732628	19.9014687146452	21.2500699763554	24.4898413837248	23.2012092141767	27.4821643252492	26.9658947746964	31.0651858355942	33.0528847303832	30.8717258506874	30.1979298959382	26.5148399768884	25.3612194304611	20.2485024137589	19.5094800033215	16.3050385464126	13.4766604542817	9.22712680090612	7.90457411882512	7.48868660046606	5.92711042583146	6.85781167720432	9.65617905799182	11.9750351147711	10.2869091567876	12.663336606124	16.3462365699264	16.1507227702044	10.4378760770571	16.577230287355	18.4899551648997	15.7185025050098	14.1982439054976	21.7887718791124	23.8911121758699	19.7568297305008	22.6253156000088	18.6164668506137	16.3478361565071	12.5587981510971	11.4101838723134	8.15053059622501	7.54283375131654	5.42997062607156	8.59202246272669	7.96239599618105	7.11002524608738	10.6331276207897	10.2898955291101	7.11001336145018	10.2758830764076	12.9218184865753	9.94085408805501	12.022886383893	15.5183467547287	16.1811623191908	11.7069313229386	8.683528660631	15.6361581278778	17.6343238316642	14.123804798991	15.8617203039267	19.9007180523719	21.5840587703055	19.7615766830483	21.4506361211037	24.6209152957399	25.5471809403699	22.0557351725124	20.5376963654642	17.4560328540021	15.2590550821471	13.7695659699208	10.5658613941316	10.3968199945945	6.24178500110345	2.82344948600112	10.6054247439695	10.7954710411357	8.26303098142564	12.6879857345443	15.4067197352324	13.745103964685	17.2224877122906	15.0926126631541	11.1839117932859	14.9335512856119	16.9668223306546	13.9288348758968	12.2296022012165	17.03186936305	17.8872727378994	11.112458458865	18.5395301450711	13.9242857267438	14.6797624299578	13.9099214232144	11.8849416489943	16.4194707588278	18.0896879464517	20.3525340191338	17.6154259954166	16.7894960913066	18.9099877842372	20.8755364242455	16.6053722331058	18.9243497378378	21.6089933592474	21.3552355407286	17.388341640306	22.5044529149233	19.4726475601034	21.8979714585621	18.7818546741263	14.8944143221545	14.4589679092251	14.3164582212222	11.1069711893027	11.7353431138591	9.99676117550079	11.5773667558733	14.1366255520899	15.3297958890521	15.3858892820662	16.8918380586602	13.7133311051692	18.3782509777182	19.4607980309133	15.2487235859268	14.6769449477744	21.0503646286709	21.3772904036035	19.4098056404488	22.4733072999948	24.9053719907975	23.3965856055964	24.2201370970521	27.9618870965463	29.5718578043382
557	22.7101701666896	19.7227536870489	17.5967753864167	13.4408865035012	11.1613136323642	7.24323719064894	5.63439180391282	4.38693355317812	3.25720754635009	3.24249101772079	1.33267888105125	0	1.326300493855	3.78694784754161	6.47174087861991	6.85022693054763	6.19066547311353	9.52841251206097	11.3903626368962	11.2370469430362	12.8885183787742	15.1425360491564	16.0969144248207	16.3006672562813	13.3275454979527	8.67434896692541	10.997026598131	11.5336249722279	11.6970253483525	6.29969927853703	9.60845471446892	9.25349766304612	9.30573656407702	12.5083199911099	14.2063944053373	14.1066661546944	15.7087781192555	12.6700756903817	18.3231005291135	18.9130704540537	22.1750079819602	20.3584572352622	24.3632046537396	23.7319411131917	27.5963799618718	29.6415428242189	27.8299150016668	27.3361926024822	23.7653183231363	22.5155598420292	17.2468890528118	16.8147002946826	13.7403181913666	11.5340144355727	8.47942904917542	8.18873042662903	8.65370816471182	7.22026093711301	8.91725641663398	11.4880757744715	14.1297177254183	12.5986520310706	13.2369117621898	17.3560183798013	16.7008927905067	10.6947654485734	16.0824708922479	18.0094440780386	14.4304723068928	12.4844648263352	19.8880800732499	21.1356374164585	16.5273128184832	18.8058532377555	14.847999057112	12.1555772384531	8.36790648848324	7.01973475282364	4.01174887050523	4.11342071760232	3.80036366680874	6.35644688485635	7.62618285907176	5.90123351512207	8.59417738937241	7.21572484231487	3.60282625170851	6.53270862659586	9.15868342066697	7.60741145199863	7.91600922182383	11.4817192527949	12.788725268767	10.3490077785264	6.81515766508743	12.3607333520305	14.541224638936	12.9376854962547	12.6803557126762	16.8299489304038	18.9625663611232	18.0975164318201	18.6492907639942	21.3915065855587	21.6008947499866	18.1646197317753	16.2280653190699	13.0731882492374	10.9176584485869	9.69890236057669	6.81214055932495	6.74004829359553	2.60271723396915	3.34441504601328	7.72157063038343	8.80783685135006	8.12465814665454	11.0909128118474	13.8698735394379	13.6458255155194	16.9290231850512	15.8352382362881	11.3971820201311	15.1025943135608	17.4958788576053	15.4920212044781	12.2019653335026	17.4952468973719	19.0567769048179	12.2995137302253	17.7711919127559	13.0473471249906	13.311011118619	12.7737753229028	9.50403356475554	14.242507995434	15.368381079346	17.500366796156	14.8396545108031	13.4093063578994	15.5329316614733	16.9639332113752	12.5431766311409	15.0312479189188	17.7260139061211	17.2613827371969	13.2528284150969	18.2915092050929	15.2030987301931	17.5734801903322	14.6545006397352	11.7182132170395	10.6770933310522	10.5250849402748	7.58067147421651	8.61327934064605	7.58218207378325	9.43748027812509	11.8994535588824	12.5944596152435	11.8932427033169	13.1669395077216	10.3591832206984	14.8280715536445	15.639989034523	11.3985403451495	11.7743266898791	17.5846829655812	17.6621814337867	15.6651706342446	18.7813580179922	21.1242323884207	19.2299686427201	20.2532315693077	24.0032740683433	25.5585623617605
558	20.0093030613262	17.7149564210584	16.5974675779168	12.1962178563684	11.4951280549631	6.76095474027152	8.30672372238297	7.39737811660321	5.23881074290721	5.67923744881301	3.22719894025763	1.326300493855	0	1.32785089524389	3.40930168802938	3.39519233623075	3.0180864798743	5.08762528101275	7.04193858252116	7.68411074881148	8.86033712676894	10.851775062173	12.0498516173437	12.6738943501988	9.97151889132243	7.14205110594989	8.02922648827395	10.0038459604294	10.5383437977701	6.93555945832778	9.39452191439245	9.80501121875952	8.24645875512635	12.4019912110919	13.1986676221504	11.885352077242	13.1000078625931	9.10462399003935	14.3224990486996	14.784568644367	18.0149910074915	16.6425631739825	20.8349007677023	20.6766161883418	24.7503883807911	26.5825760414599	24.3974471820312	23.7967381798431	20.1835502575736	19.431285212255	14.140378424922	14.61018240817	11.0211708089477	10.790050463274	6.8861641717287	8.51998720656316	10.0055651514545	8.92514319212863	10.7026096817552	13.7320546532556	16.1444509661989	13.963953344236	15.7205035860815	19.3908458041417	18.2801481394435	12.872290744075	17.9941328771353	19.321275242592	15.2884082559304	14.9652385881415	20.9252373224296	21.3762846631495	17.0825179935512	18.8694389423745	14.9331674469953	13.072179160339	9.11062088992841	9.5971925061447	6.10976505276594	6.72288940858021	6.11986478608801	8.54837984649723	9.44395139758777	9.10198104810156	12.252318433668	11.8615808811473	8.15164590742263	10.978293401071	13.733539456382	12.1979523281574	11.677013059854	15.6828961929868	17.1926902490564	13.9133931878604	10.5176351904789	15.7577869639109	18.267977282666	15.6854287477263	15.4885055767172	19.9624849405078	22.1097136571237	20.8839050227681	20.4559706198459	23.8461593133989	23.4382922159444	19.430482701158	17.435391879737	15.4153161174204	12.3997037867846	11.9616258510288	7.84096378004643	8.56389940389306	4.68325741338227	4.33313016190375	9.23443739488227	9.43636852819982	9.43295611142127	13.0218552441655	15.7463452585036	15.0829291916391	18.4643878587946	17.2242553685203	13.0343752823064	16.8022113425585	19.1093842914941	16.7846378572789	14.4404425832452	19.4313078818694	20.8976214435997	14.2425425398698	20.8768443496617	16.3299810471415	16.104804407381	14.9083709706997	12.6074275726652	16.5098087208786	17.3466821611512	19.6757356406311	17.6929767139393	15.8978273672851	17.7705326312972	19.9013910569086	16.0478154899662	17.7299489282964	20.3759890802876	21.1771374363959	16.3167655495812	20.8597003094484	17.4961763537065	18.8849084721107	15.8511385395498	13.7091416945044	11.3757973786456	10.869966835276	7.06251669024576	7.69910819510935	5.11474779436875	8.07125851401131	10.8278561590003	10.95331278655	11.0552326976866	11.6430015459932	7.46972375660573	12.2950029686861	13.7021050572531	9.66085239510469	8.23033589837013	14.9051524312903	16.1658142077657	14.0509627072311	16.8979048701311	19.4043666735093	18.9123785389358	19.4541021638111	22.8397548585794	24.4675613006282
