2	3	4	5	6	7	8	9	10	11	12	13	14	15	16	17	18	19	20	21	22	23	24	25	26	27	28	29	30	31	32	33	34	35	36	37	38	39	40	41	42	43	44	45	46	47	48	49	50	51	52	53	54	55	56	57	58	59	60	61	62	63	64	65	66	67	68	69	70	71	72	73	74	75	76	77	78	97	98	99	100	101	102	103	104	105	106	107	108	109	110	111	112	113	114	115	116	117	118	119	120	121	122	123	124	125	126	127	128	129	130	131	132	133	134	135	136	137	138	139	140	141	142	143	144	145	146	147	148	149	150	151	152	153	154	155	156	157	158	159	160	161	162	163	164	165	166	167	168	169	170	171	172	173	174	175	176	177	178	179	180	181	182	183	184	185	186
2	0	1.35256829772104	3.72804546646095	6.46151445096272	9.51524177307125	12.8552116279741	15.9435051980422	18.943812340709	22.5028412650492	21.3928649086559	24.4063113149038	23.577502433464	20.4242962669464	20.1006021302846	16.7300358337931	14.9735549887126	18.0819356541273	16.284536591503	11.4906982381403	14.721446803898	16.4400770679459	13.1383584210509	11.148530889763	8.66327743986074	5.08047487937889	6.80673372477578	7.94211420215046	11.0440528792649	10.0263195640275	14.3607055885148	17.531196907228	20.3868043842089	23.9882866832961	27.598593333719	29.1506044877289	30.5636908929534	30.2171031867716	26.9747109715748	25.7259833631292	27.7603149297698	25.6504918471362	17.8720882383677	23.6764444332336	25.0031151859123	21.4464262057808	18.5247908760126	20.4193883600856	16.100700419547	16.1594511664227	16.4003737152542	19.8833169768024	20.2729990134662	24.9360492059187	24.324831859645	26.7297537960977	23.8917460642792	27.3344385894424	27.1744245569248	22.2784312508758	22.3202817186522	20.1924499999381	19.1129313554986	17.8752971723549	15.9573269378051	14.5649726741934	13.664160896301	11.5483974645836	9.76297347123303	10.5108442096722	6.29993555522594	10.455160543961	13.7113340342944	14.6495401634317	19.1286657663309	22.6493621322986	24.636407794157	28.4874362482832	29.2448796372972	26.1950391295757	24.655221678176	27.3796888587142	24.9999910799984	21.6350464062363	24.3543825214272	25.0346381439796	20.9920377762617	18.5358749726038	22.1292543480344	21.2619122611302	17.338995184266	16.1789078123339	9.00594325987012	12.707772267396	12.7049529318294	10.0649962742169	9.19804267222108	15.0502275398082	17.1271478653044	20.2891184135733	23.0648701058558	26.5067575157732	30.1715637314343	32.7656867317015	34.337655889708	28.044162904248	31.6802116785857	33.9363720365038	32.753200103196	32.8199248018639	29.6049618983035	28.9394420298664	30.2477139962676	27.8819899218115	23.6629506824487	26.2341570476354	26.7803535077489	23.9912703081767	21.5888012172978	24.2249268523147	24.2238169164151	19.9772612987867	19.5778980741039	16.182085032529	19.5621954033794	21.7814661811367	22.9213704651358	25.49285929432	23.1620167299827	28.9330602598481	25.5013287889082	29.9606706366863	29.612179014723	31.8467094061537	29.9020787738913	25.2791153721803	31.1534512694822	28.2380088710235	34.2549575536155	33.161689010061	34.1432125904989	30.097415669788	31.5497718058309	28.4752607538544	26.0804639145856	23.3855659114762	20.6107779571757	19.070269033236	15.8594604574052	13.3343359414708	14.4775603262428	15.8951067627745	19.051975094462	20.263809957656	21.4795205020969	18.6897951032107	20.8053981697059	20.8197222363796	24.9988236123222	27.8930679918864	29.8181995935368	31.126008304953	29.622179139962	30.5509240613111	27.1459889854836	30.9345338901364	27.7226728509356	23.8527714113056
3	1.35256829772104	0	1.32797364431679	3.52143905243297	6.42109009436871	9.85777510394714	12.8651823927996	15.9885111877248	19.4908691699472	18.2837237181051	21.3684908451673	20.2016720595103	17.15946027706	17.2400190545138	14.0237733153385	11.4384267274831	14.9408897325427	13.803369045273	8.74527409518993	11.5342496071483	13.4874977293789	11.2008817956445	9.43108095607285	6.74759520125504	3.52619072087713	4.09298680672196	4.73176679476071	7.89794713833918	6.85817133060993	11.1042251868377	14.292308525917	17.05343475667	20.6981039228235	24.3048783169141	26.0101535174247	27.4624183931423	26.960910407477	23.7302673604829	22.5891004247624	24.3457884653588	22.15402520988	14.662929482201	20.2006690483261	21.4244329213167	17.8189670856646	14.9341773794207	16.845443775692	12.5750203578364	12.7856029580149	13.6238301883134	16.8645104880041	17.0139475431188	21.7071029389	21.5543274077388	23.4972005566621	20.8444365239265	24.2874109159457	24.0633990533341	19.199584214248	19.7325227226526	18.0642817183524	17.291374670627	15.4381135505605	13.4591067311319	12.998591154429	12.0060158254102	8.96932979659015	7.32331905627496	8.24482346687908	4.43350967067853	8.48446427301099	11.6052668215772	12.0440327963685	16.62549815795	20.0383900550918	22.1897488494124	25.7653642706638	26.5845219817848	23.5103846629527	22.4789085144275	25.1011327632838	22.5849667256784	19.2802982601411	22.1557026519133	22.9638239629205	18.6318347459395	16.7747071807528	20.5689410033672	19.5722192149996	15.3518228885042	15.299972875793	7.58969149570653	11.8057240353991	11.395054541335	10.424363817519	8.80379066084605	13.6416465281871	15.2744451617727	18.299786091646	20.839856189523	24.2736100528949	27.9126373709114	30.6475717472037	32.403227323833	26.1489605529551	30.0829303925	32.2770526845312	30.8618824766086	31.1696118198479	27.8618184079934	27.4629809379827	28.9771168165503	26.4537782934688	22.0228697948292	25.3175769970193	25.8822063588095	22.7038738104316	20.401388531176	23.5347226029966	23.693698276124	19.6944218752417	19.6650843883264	15.4401131148706	19.0926031226755	21.1354883312404	22.1098843280556	24.4232174375122	22.0874326710915	27.4191504062398	24.0232640788049	28.2547643062192	27.5503934454664	30.0768009103362	28.6477304860263	23.6239094351464	29.4161983097748	25.9824554651788	31.8967182167696	30.6752386624782	31.9778454715136	27.6078347394358	29.4703032220573	26.3156023301767	24.0586107038624	21.4039343579633	18.9744579105702	17.8840531759442	14.9532626874539	13.9223284690457	14.7935490670765	16.6112212073646	19.8729631912304	20.8292251656177	22.0006461723287	18.611733449628	21.1715690018477	20.4826108443235	24.9901428767424	27.5724715069215	29.4913907098326	30.5481202367674	28.7304782069495	29.2674614717437	26.4583268367446	29.7406104510314	26.7394828110044	22.4918058190088
4	3.72804546646095	1.32797364431679	0	1.3241695510772	3.62614257855369	7.12819009286368	9.90823021533108	13.0105323488318	16.4985445115622	15.1730014499439	18.2139854507464	17.8523758923007	14.7275710828364	14.7769603775607	11.3848756251441	9.90957481428946	13.071508673447	11.5217418821982	6.26688710605193	10.5019423917673	12.7431059793129	8.56919284413649	9.30672719058638	4.36865299606183	2.94398471463423	3.36076910840361	2.98174881571201	5.40652679638231	5.45600806451017	8.79798959990292	11.6548084926351	14.3710270335839	17.9305212974972	21.529425305846	23.1204151779331	24.771880126466	24.3648163752572	21.0896625862056	19.7478855576996	22.4292846296978	20.2720282162392	12.0198300320762	18.6841327601792	20.2620836292816	16.9685825277187	13.5969939692566	16.3142569858391	12.2599387437295	11.0674778066188	12.2154062560359	14.6753335226154	15.1023071416257	19.3919162023767	20.0266527907187	21.3140984796449	18.1505858307659	21.9422012797258	22.1421257787052	17.369910362463	18.1945038129651	16.8497295527258	16.439256370043	14.2329117892299	12.1437662197524	12.4541511151905	11.6570220897106	8.06245130217851	6.56141341480629	6.46689771064921	3.60811765329236	4.32565752227335	8.14157116286531	8.83299462243695	13.1952722594117	16.8111056447814	18.6265269172758	22.7872277822468	24.0624855116839	20.9428774288539	18.822338855732	22.7097789068938	20.3397750725027	16.7098275574585	19.0601107551871	20.9561155513134	16.7075320140349	14.0780240090717	18.101034031237	18.1817827508746	13.5820011044028	14.2354542252785	7.48151194612426	8.9513445358784	8.06409846170048	5.9080877617043	3.49846209069071	8.65181928845026	10.486992037758	13.6077824056677	16.5018327769978	19.9050255463287	23.5739550775851	26.0237412183568	27.5680334626901	21.4685427777481	24.8379873580771	27.1967251521208	26.2727640152307	26.7494247414781	23.5437360883951	22.6822711605342	24.3442667172376	22.2927233419338	17.616952602536	20.4105265488179	21.6512311428242	19.1425142288049	15.9415322350143	18.9238637968043	19.7298000243287	15.6398466744403	15.0809107815145	10.9722566502976	13.61739126999	15.5430192047749	16.4129525680177	18.7640158548217	16.4514464713593	22.083363602495	18.9058279374377	23.63289038607	23.6408440204659	25.8735008841092	24.0927831518071	19.7043230282088	25.758478332386	22.9637059073661	28.9238391815471	27.3547827079653	27.9858046516444	24.1629926540567	24.9227399978413	21.8759914746738	19.3024865237617	16.6685495769728	13.7597908414336	12.2473907833465	9.50609330903079	8.79277231594222	10.24308064012	11.7932263185271	15.2826381884804	15.7719527643219	16.7510414303111	12.9886615553721	15.8350137669659	14.7962135021093	19.4308318401452	21.8162713129444	23.7630084585265	24.8709021348241	23.0057585182493	23.7597861522363	20.7465150326507	24.2803768298599	21.3164255446358	17.6543960531081
5	6.46151445096272	3.52143905243297	1.3241695510772	0	1.33241134789523	3.98850573523469	7.34469645390468	10.1811907947941	13.7323443373664	13.3051486650845	16.4242736825712	17.1385135878232	14.3457426437253	14.5308759543257	11.2045928529331	10.5707711639218	13.3116565836112	12.8928893193109	7.02330591673181	11.8887366023476	14.4992836374767	11.7834393536013	12.3936499063028	8.45632579788645	6.000060166365	5.45270923486664	3.75116981753692	5.63746795999765	3.55557885582644	6.72338285389134	9.5649259798495	11.6356613047991	15.4406655944619	19.0001439468231	21.153276105606	23.058629230724	23.064014416402	19.8402614398097	17.8776299883402	21.3067191984125	19.8253208296865	11.1695794012129	17.9802687688477	20.0124462522701	17.5525662226354	14.0975916737576	15.3739308571361	11.1146718799972	10.3868344070751	6.62938202248143	11.6812795103961	10.3218675635759	15.6608453475539	13.9114437424733	17.4387900096308	14.7614293345868	18.2413498678141	17.3545172505604	12.6693645065567	13.1930088304374	11.9721819648717	10.1630928855344	8.2214316879726	7.76498557629053	7.08529583009771	4.33543365766332	2.93063917942826	3.14899888853585	3.33020675033848	2.67219217123319	3.26725664740313	5.84202199585041	7.84419180030677	11.1457592832431	14.4813898158982	16.2901628291432	19.6913952273576	20.2396810992664	17.1430948489472	16.2482711080287	18.9023223440931	16.4934276001079	12.9557416229253	15.9687568082177	17.2501652455853	12.9735073900623	11.1732038825039	15.4795249281107	15.1821807722079	10.1174586730068	11.6266845661177	4.77689386526433	8.54384421674459	6.60306792332171	7.48989452529206	7.2242102682577	9.3415139565276	10.6056522665982	13.491550096264	15.918970475505	19.3660622223518	22.8843293543857	25.9576179377076	27.2421094264009	20.5506139324352	25.1485422241529	27.1796971469514	25.1373697311393	25.2276964069255	21.8726438502528	21.973932033207	23.4694542757176	20.7851317532509	16.2765567919017	20.1140152381368	20.9261153107785	17.2046462910459	15.1596408928444	18.9455760271363	19.5014244095143	15.9643936308273	16.7963711259307	11.338404164608	16.100641012084	17.650146316674	18.7609297210986	20.9376565307582	19.5441940483613	24.0498480244678	21.6542868273236	25.7250245092206	25.2050616741955	28.2441699116827	27.2912030148911	22.8572979155455	28.9060692934892	25.1360811782585	30.9278496342698	28.1734096268095	29.0345716345187	24.0709894271091	25.7184385801316	22.3892523546455	19.7407222258964	17.7745887434843	14.7608363584182	14.7340197841594	11.6519944215572	12.8820436266922	12.1465125035954	15.3429602749926	18.7749731557731	19.8077963943494	21.1007931841436	17.1977227852992	21.006757698417	19.2401535336909	22.8569500590083	25.4154790236187	26.8910392696154	27.2018761301496	25.433851163361	25.5737576824369	24.4019704942039	27.2196878931409	24.9470904515938	21.0717509001981
6	9.51524177307125	6.42109009436871	3.62614257855369	1.33241134789523	0	1.32758615539632	3.8634022570786	7.06798394169086	10.4580233313949	9.39991648899074	12.6024217117187	13.113018950646	10.0456731979495	9.82688282213643	6.59944641617765	6.92633315687312	9.16605362192476	8.84227487697595	3.69009674669919	8.4542889706941	10.9863354217865	8.28121814710855	10.2860992120434	5.91390268773506	6.44448392037718	3.71245323202865	2.80862421836742	3.29544776927203	2.77056690949704	3.54798167977232	5.68548379647678	8.05939110603277	11.617587916603	15.209147938001	17.1868398782324	19.0732123408722	19.0905853760433	15.8942158976151	13.8675798537452	17.3650353872372	16.2012758448216	7.52066333510549	14.273933795559	16.4901171008577	14.6555489150014	10.9833017804301	13.744042563962	10.4599751911752	7.07214154270119	7.44110509265929	9.69999324742033	9.48832008313379	13.4358870566852	14.313808857184	15.2447953413616	12.0327571653383	16.163965045743	16.7542945240914	12.3590483047846	14.2651660347856	14.0432354178088	13.8933142554252	10.8108203666512	9.59079417983725	11.4249177677566	10.3247317156428	6.68876737523439	6.31803402966461	4.65283461988496	4.9369734655961	3.64561298000762	5.3040230957265	3.63536531864405	7.62511770400956	10.7878558110498	13.2273982702571	16.6627931332055	18.6742067569147	15.5135946833737	14.5698088525553	18.0464273195555	15.71019051444	11.6162673436866	15.4239225555628	17.3294998196717	13.0895820024934	11.9749691440103	16.5602587238243	16.5711120326911	11.275702239772	14.614355066167	8.41595086725202	10.7964408024126	8.17704738888066	9.41755860082644	7.44615269787022	8.73872267554017	8.3386077375063	10.5576769225053	12.3149894437632	15.6407519640201	19.1527629338433	22.1773140168056	24.2029660579029	18.2230715577808	22.3959998660475	24.7269413595778	22.8723809211022	23.9768503769782	20.1704867070678	20.7403344958561	22.6906132354328	20.5996755799697	15.3023524008565	19.2116012867226	21.4199290615072	17.7485144448768	15.3282148340895	19.5960537098672	20.9665302327305	17.4662120106221	18.242192055781	12.5805876651292	16.0295038912625	16.8929360680729	16.7485437575928	18.7570187396612	16.9952811391868	20.6810792271583	17.9781648117932	21.4991776121786	20.4908024733049	23.7230528811112	23.2706263345016	18.7313370051366	24.6862225947997	20.7001842745421	26.3613761590703	23.3463081878056	24.2889773765797	19.2227010068825	21.4355006706165	18.1105608140665	16.0115076117148	13.8002762653506	12.2603904505525	12.5170666292067	11.4039203785365	12.9913974998843	13.5474296824158	16.4678223818451	19.8331461195646	19.9485938852842	20.7206105363718	16.4516676662276	19.8248774271116	17.5463169924631	22.5269164778493	24.0800777407383	25.7847819653376	26.0182703691079	23.4470771099512	22.7107958469095	22.0522028151384	24.0225562544872	21.878890694	17.3484422931859
7	12.8552116279741	9.85777510394714	7.12819009286368	3.98850573523469	1.32758615539632	0	1.33765952319714	3.7584982373283	7.42590358138321	7.66117784678048	10.5719190783887	12.5805777689262	10.4853503518004	10.4234710629425	6.82140344797168	8.2594240719314	10.9426046259563	11.2325904848347	7.1481382191449	11.8248498510552	14.3896422818637	12.3996086228558	14.8924903558807	10.2720628405399	10.7609142269605	8.33366875991601	5.58032848495499	5.2757837332476	4.40870967517708	3.5488913761906	5.20404198676375	4.10694874572352	8.70212985423683	12.0125008220603	14.5033214816469	16.8290577870539	17.942429796435	14.8795483130369	12.2687915460326	16.7806773999145	15.9378231261361	7.91075122854966	14.4888926422967	16.9832037613638	15.654179314164	11.7636046346347	15.4686269591066	12.6637995878014	8.69522317137404	7.50593658379818	9.1116399182584	5.96431764747653	10.5791245384483	10.14942801344	10.3962918389203	7.54548222448374	10.7209707582849	11.5276684980095	7.3474864409538	9.0178255693931	9.46797491547163	10.415538824276	7.4538552441002	3.95752574217781	8.10848493863065	8.90674429856387	3.95697990897098	7.21968323404843	3.52637802851595	5.78985949743169	2.96851915944634	3.55266252267226	3.02084888731627	5.41611032014674	8.24789730779912	10.3120233708036	13.3764732646539	13.0481541989662	10.0010594438789	10.9896869837134	12.5022210026859	9.67074526600717	5.8940560737068	10.0966311708411	11.7915424775557	7.52758427385572	8.18210400813873	12.0534414587702	12.1938503353125	7.27776016367674	11.6915462621503	9.32493447698159	10.1087327593522	7.3357790315685	9.6992738903487	7.25701570895365	8.05169553572414	7.08425147774978	9.32745201006148	10.7316359423901	13.9307377048023	17.227412429033	20.5543086967186	22.1004908769014	15.6349309560356	20.4449107848384	22.6697106730545	20.2100053933689	20.4821132942868	16.5576463001237	18.3040883957656	19.7488189013926	16.7923813975267	12.7573066906773	16.9800336277641	18.0561386237479	13.5671656951627	13.0159306620771	17.414444119753	18.1611125485197	14.3446719725478	17.6287321438611	11.678457346756	15.9695075691143	16.2342310566285	16.4397401743458	18.133768582399	17.3364477330277	20.2961499058319	18.5445584741185	21.7116806581158	20.9782244482225	24.4657501213431	24.2490698584502	20.4002127684983	26.1782189806717	22.1184713305418	27.4124979160966	23.5042195573476	24.1116978663884	18.6905137703596	20.7012626184974	17.3186266776555	14.9379560516156	13.5413514096637	11.5752403430771	12.7532029702346	11.646458131123	13.8041738977745	14.1959417792551	17.3245292576739	20.919137673432	21.4078675958163	22.0658135132154	17.7524040625488	22.028316912556	18.9005734569087	22.7366879514146	24.3046106531251	25.5266472729969	25.3040181394181	22.9287206359186	21.9605279308126	22.0285957337276	24.2320212528794	22.6370147546005	18.6609864958956
8	15.9435051980422	12.8651823927996	9.90823021533108	7.34469645390468	3.8634022570786	1.33765952319714	0	1.32662617191129	4.04138812785904	3.87242327231929	5.84056238730484	5.69841530603027	3.4268945125288	4.26821250642467	3.48932013435282	3.12177353438714	5.45199431401024	7.1840824744709	7.03950523829622	8.78467079633608	11.2217286992691	12.0257181490338	14.060111877222	12.1306795357886	13.3171025001687	10.4726319041586	7.54009960146416	3.87315904656651	6.00737396871545	2.73471424466981	3.18705161552178	2.77073185277825	5.69834440868574	9.05750545128183	11.0661919827915	13.3422994644851	12.7744585012438	9.55001408375925	8.57396530200583	12.1795898945736	10.0507683288393	2.62416805864258	9.33318782624672	11.5917077689183	9.9492960052458	5.77665326984405	10.6009688708155	10.1341781117168	5.54462216927357	6.95417838425216	6.77984129607766	7.29478683718722	9.35585597366697	8.96413710292295	10.3666855358885	6.33407270245613	11.5426950925683	13.2032952326304	9.61280297311871	13.4941113453239	14.2171841093797	14.4693402752164	11.2363092695066	8.42627373160877	12.5363382612308	12.1287142764598	7.58544355987176	10.2130811217771	6.98353971850952	9.12940003505159	5.55493420303067	5.80712613949448	3.5190350950225	5.70960401429032	6.96313937818281	9.06940620989048	11.0483020867462	14.4978577038127	11.2566826374381	11.1996806204463	14.2048885599289	12.760441450044	8.42902260051544	13.2356800731961	15.5660407297424	12.5213268466245	12.0604002006567	16.6255832378897	17.1466430825395	11.9011587671117	16.281208093996	13.0871409788387	13.3177896439312	10.1177692205347	12.5583695597796	9.48838974747559	10.3013651522505	8.1804306732592	10.3407562586109	10.1588705080831	13.2251092623086	16.1949417102995	19.3639777421892	21.7117535680562	15.665692771148	20.5464007796986	22.862692229919	19.9969995249287	21.299804200978	16.6466062907729	18.7603733971369	20.7607472890549	18.9291769762977	14.0915036812968	18.5907414591242	20.845187094387	17.1439273505227	15.4443490636543	20.0694566194504	21.6400505544696	18.2280932903033	20.1642587019707	14.1854881833513	18.2287190169798	18.2535960566678	17.9369432735904	19.3650057061701	18.1517113793714	20.1322829554922	17.7702446522269	19.1013362098048	16.9310973950302	20.8970067952327	21.9999522954028	17.5363376165036	22.6327975071576	17.7294374417239	22.5882565506946	18.3596663096038	19.7223834259453	13.760994949494	18.3041988079238	14.7901698435143	14.4270686211718	12.2988283588316	12.9299679813989	14.3739076106673	13.8925929185304	16.0613843114471	16.6160777862888	19.7821215747958	23.4074051744314	23.6350037444465	24.2784345665037	19.7723861230758	24.0731003611915	20.631278729153	24.8836586940104	26.0220592959128	27.3194902221839	26.9681048833618	24.2636104691779	22.4456198176838	22.1891237772022	23.648482530598	22.635951471056	17.45332223389
9	18.943812340709	15.9885111877248	13.0105323488318	10.1811907947941	7.06798394169086	3.7584982373283	1.32662617191129	0	1.33190390043726	3.12425143034295	5.99877095745454	8.97975445098584	8.42091265837617	8.58893183114175	5.59895159829052	8.3471578995488	11.1310090737543	11.634321681989	10.3666628188632	13.5418451475417	15.8838998359975	14.9430429297382	17.6684583934196	14.1765838268604	16.1226659396019	13.1874345116857	10.7643786629791	7.28962502464976	9.2264481248203	5.11771335656854	5.37798651913521	3.59586137107648	6.01193454721523	8.3584097171651	10.2689358260727	13.0631734658926	13.801191361618	10.3156712820834	9.21514248397712	13.9033729001275	13.8559934324465	8.08619675743795	13.3681552205231	16.0553479563664	15.4193515103587	11.5680041925995	15.8863993088428	14.6943128454515	9.85745205415679	9.06911142284623	8.78368316823871	7.27042625985574	10.1819260948015	7.91174380272769	7.9550001257071	3.85486264346734	8.17306087093447	9.88051349880157	6.52991921848961	9.97307846153834	11.5950159551421	12.4231192137885	9.69372523852415	4.63821237116198	10.8602759633446	12.1493414224805	6.9151839454927	11.195992765271	6.6668831548183	11.1418017393957	7.45189385324294	4.1104031432452	3.04318090162251	3.63877314489376	3.75151116218518	5.60139366586566	7.67137152013901	9.88567792313709	6.69964969233467	7.01771529773045	9.29138165183198	7.93993608286616	3.43188723590972	7.82170064627892	10.1334139360829	8.22607348617796	8.4267150183212	12.2846210767773	12.4579654839785	9.16725482355542	14.3679624860312	12.1850335658134	12.3576097203302	9.20717638584165	12.8235153916545	9.65335449468215	8.37999486873352	7.51711839736477	8.47667582251439	8.2526777472527	10.2685176145342	12.9520607240701	16.5189215749697	18.4359939520493	12.6384419134639	17.5518355450363	19.9095753344967	16.7805402177642	17.0078498641069	12.6605786202685	15.0735758862985	16.7513734959256	14.2452165655704	10.0913914798704	14.4544897523226	16.3104708086554	12.1919058805422	11.6415907418188	16.2581744362644	17.7792018662256	14.4067543187215	17.6752820911011	12.2306268849965	16.8270958278605	16.2249822804218	16.9935268558354	17.3798926636501	16.7806683120786	18.1511001594945	17.5484665426926	19.5312999311362	18.4030035863714	22.3191120119058	23.0746019033915	20.0053773521021	25.0332556612199	20.6804324422871	24.8506740552445	19.9457339047727	20.2650446335556	14.0656190763151	16.959942128439	13.4753835566933	12.3921028481852	11.9036216757758	11.8678125195842	14.1279824461952	13.2393477558375	15.3025054484552	15.9462855235945	19.0127368098336	22.568614622967	23.0293855106905	23.7115684424291	19.3937566757965	24.5680516525019	21.0117775069126	23.4310175835366	24.5838622067404	25.3382400927926	24.6403049899956	22.6471626037347	20.4260689561159	21.0450273461452	23.1884397707133	22.5025321464052	18.6778548286467
10	22.5028412650492	19.4908691699472	16.4985445115622	13.7323443373664	10.4580233313949	7.42590358138321	4.04138812785904	1.33190390043726	0	1.3315111715641	3.32648192539806	6.23000056179773	6.5430281215963	7.06693745550362	6.24580995548216	8.64374276572365	10.831993768462	11.8109897976419	12.7628474879237	14.786177666997	16.5323734533188	16.8981319085868	19.3745454656361	17.416338708236	19.5838472726888	16.5641281690284	14.0399351494229	9.86317889932044	11.7491869505936	7.63269526445278	6.08977331269399	2.82625511941155	3.69749820824839	6.72246561910138	8.28817193354481	11.0451187408737	11.2731410884456	7.62582670928208	7.51022196742546	11.8174965623012	11.5967012982141	7.37072445557423	11.7914125956138	14.3738770343982	13.7059516269393	10.7910735795842	15.6284624003771	15.929802446986	11.3566429458709	10.2585510185406	8.02769425177616	7.77246556763039	9.85730475332887	7.6187626291938	7.65323526359931	3.46367550443168	6.33996490526564	9.44475732880417	9.53627993506902	12.8696831740335	14.3296260244292	16.4401872556246	13.6362424809769	8.63167515607486	15.6324144648228	16.4841821453174	11.02424033664	15.6088129593509	11.3773663912173	14.9749295156939	10.9802231762383	7.31924128581645	5.68797934243787	4.08310188459705	3.50326148039224	3.62428599864857	3.61200193798397	5.85083882874926	2.68107459799238	3.19645506772737	5.82020180062513	6.91275531174075	3.51984743987577	7.86481894260764	10.1375500985199	10.6092746688923	11.8282557040335	14.0974866908964	13.4026488426729	13.3891993039166	18.6677456057233	16.6913769953231	15.9655890276557	13.1575759925603	16.7077392246827	12.844626113671	10.084424277072	8.37014993891985	6.92289347021894	7.48154509443069	8.02082408484315	11.6964780169075	15.3619652714098	16.2103607609455	9.79407172732567	15.4286989082035	17.2786483846393	13.1470181410082	13.7232775239736	8.83010232103796	12.1272488223834	14.3821266160467	12.3271165728243	10.0541185093473	13.8671299842469	15.9893803194495	12.9079246201704	13.0776195846186	17.5085921764144	19.0627677686111	16.8487211977645	20.0680339345936	15.3152526913532	18.4164810156555	16.9550122677632	16.8516122077385	15.9648921700085	16.4457844446533	17.3997275266022	17.058996072454	18.8703048465042	17.2142355043725	21.3452179656241	22.7775558390272	19.7545297590198	24.2842459219964	19.6600828838538	23.1470007992396	18.0015427116678	18.4948551494733	11.7438590335545	15.9671894208092	12.0472743390362	12.1869366946743	12.0749800827993	12.0082069852247	14.448183207587	14.8021944994653	17.4197760031523	18.8969037940082	21.8655456826488	25.2765751437967	25.1000864938749	25.2979370502814	20.5056073550627	25.9382815737666	21.8677052751312	24.3450407680907	24.1590129351346	25.1331282175538	24.0581997248339	21.7850890519181	19.7048166192939	21.0217337296428	22.8974851894264	23.1040431093781	18.968588903764
11	21.3928649086559	18.2837237181051	15.1730014499439	13.3051486650845	9.39991648899074	7.66117784678048	3.87242327231929	3.12425143034295	1.3315111715641	0	1.33451451846729	3.33800434391569	2.86285678999142	4.18014557162786	5.38930691276717	6.435893799621	7.82289824809195	9.6938822976143	10.9436919730044	12.1183796359084	14.1848746910221	15.4789800051554	17.5223520681443	16.359141053246	17.9205179054624	14.7267717440042	11.9627437488228	7.21028959196509	10.0295452538986	6.48890291189505	3.8740312337409	3.09095600098093	3.41806772899544	6.61208839928808	7.42539648773047	9.50564437584324	9.38012926350165	5.93770376492462	4.58398178443152	8.83162804923306	8.45609939629378	3.88482921117518	8.13681362696726	10.8658165822915	10.0804040593619	7.25651727759261	11.9033959020105	12.2179409476393	7.81473902315362	7.18701113120051	4.04551850817667	6.18291023709709	7.73839705623846	8.33902044607159	10.3577807468589	6.12829552159489	11.2707693171318	13.7385043581898	11.2691735721835	16.0066912883331	18.1168050439364	18.2779068002876	14.2131491584378	11.3974367732398	17.2849904252215	16.5873777312751	11.537978549122	16.2458529477525	13.2645030061439	15.5072194154852	11.7328564723174	9.77873299563906	6.48034921898504	6.82354929637062	6.36365877463586	7.81672962305848	8.56704978391044	14.1530958450793	10.20262907294	11.6612907090082	14.5547462361939	14.0122025035324	9.69271690497561	15.0987129915102	17.5242212095146	15.8796983598556	16.1764592850228	20.2520775724369	19.6092318309515	16.7736324628865	21.593093270766	19.1054508975842	19.209938131082	15.9146556356083	18.595175557117	14.6841519332919	13.6469106027701	10.5705214630121	11.5104549866632	9.13517339736909	12.4262717256625	14.6749896081735	18.0336275607544	20.5323428278412	15.5266142478005	20.018756454885	22.4257859839962	19.3976085381678	21.2892687286341	16.4185855054569	19.0030787242489	21.2851663136561	20.2176525343572	15.8126641967759	19.991254687988	22.6231664008379	19.6339949577257	18.2627683005617	22.9630121935255	24.9125364023818	22.1636674537406	24.5408705020828	18.9579493880535	21.8642417430836	21.0087096462396	19.9935441080365	20.6916290320506	19.030979480836	19.985567842821	17.6575792508486	19.0393264849364	16.6212512766037	20.838834324405	22.3902405971888	18.7823393111721	23.1064700246489	18.2123258536629	22.0398707346482	17.1235875329909	18.3312208267753	11.5612120904341	17.1266538471471	13.1417646075403	14.4847502567355	12.8039619649544	15.0635110780986	17.0039055807776	17.8827569462877	20.2813687407926	21.6791060931949	24.8991911916833	28.4619979094933	28.0536289987588	28.1590117191637	23.1217668226284	27.750758854489	23.6420918279242	27.8598519199223	27.9574513144528	29.3961136546993	28.5211550607615	25.5527714543844	22.9756366614725	22.8913024749576	24.0995295182292	23.8025349490343	18.7447955710378
12	24.4063113149038	21.3684908451673	18.2139854507464	16.4242736825712	12.6024217117187	10.5719190783887	5.84056238730484	5.99877095745454	3.32648192539806	1.33451451846729	0	1.34201564819491	3.16222516592352	5.60511070363468	7.58231448833402	8.5353458629396	8.28379888698416	11.5534744990414	13.1548101088537	13.0496152433702	15.9003605305037	17.6024216799848	19.576591863754	18.5823732876078	20.5891154496739	17.4394554100752	14.9886566109175	10.3684934778395	13.3146901203145	9.7602148541925	6.97502293903038	5.29201766814889	2.86337021706939	7.20600180405196	6.38934840183253	8.09637215053754	6.42050029203333	3.43350389543976	4.55329561965836	6.56012576098965	5.57386239514397	3.57876361331676	6.51600890116028	8.69412640809874	8.11563854542574	7.16688035340343	11.2101768942332	12.9271603997166	9.91206154137473	10.2092689748091	6.27177104173932	8.85389722099822	9.98313628074865	10.0067177935625	12.0564428418999	8.66240670945436	12.9609966051998	15.819320529024	13.7204112912114	18.4922895824179	20.8395367750821	21.2051856393666	17.0796237077987	14.2881521198509	20.1220783469303	19.7785961837538	14.6379284736605	19.3669410336274	16.2677196312206	18.4828493744877	14.4491147133657	12.5846360694301	8.93669334821331	9.06510264696434	7.56885526351245	9.41020180442482	9.43114712004855	16.2336230706519	12.1299545753478	14.0049484468883	16.9122282387626	16.6334428486709	12.4684916890537	17.8928556692329	20.33296247476	18.8617217135658	19.1390316630701	23.2123047110794	22.435513388376	19.7767257654041	24.5441090895555	22.0087763857966	22.0646760456618	18.7052287342336	21.2260873926402	17.2078608199857	16.1486273410467	12.6233623888408	13.3272523799919	9.96653645957311	13.3965602301486	14.5040547089426	18.2568388008439	21.101897947815	17.0531327327269	21.1139694515266	23.609946780965	20.7842360696755	23.0706690193414	18.2722061612713	20.8108086580027	23.2194181451646	22.5905910059919	18.0542039979613	22.0544090376505	25.0410612794266	22.4300924206745	20.9010939905068	25.5629123732019	27.6154079093538	25.0821454624599	27.1975124781661	21.6713836198799	24.1037643740558	23.144802116242	21.6252736861294	22.1317302983748	20.0551068807922	20.7154366113775	18.7048788555286	20.0199362886099	17.5417078415986	21.8282203580594	23.6104773776389	20.3966882360838	23.9390379505944	19.1670147388684	22.2677961415134	17.2491778644665	18.4362691724763	11.2473213255424	17.4923499850649	13.2732343458556	15.406867754349	14.2303605716791	16.8501795836128	18.57859512988	19.9879101959159	22.5736351525402	24.1598741925532	27.3974950679802	30.921534939262	30.2416813355342	30.1526995640523	24.9655639031046	29.5460002199959	25.2894045402418	29.4742453847423	29.4999405762113	31.1362035257994	30.0417192916784	26.938067506783	23.9164407469004	24.1424439732186	25.4307324904337	25.3656665199241	20.5472239730821
13	23.577502433464	20.2016720595103	17.8523758923007	17.1385135878232	13.113018950646	12.5805777689262	5.69841530603027	8.97975445098584	6.23000056179773	3.33800434391569	1.34201564819491	0	1.33320178517733	3.69205972324393	6.31347661752223	6.48136721687639	4.14985806986215	8.73653598401564	10.6977887902127	9.64160598655639	12.5109290222589	14.6171700065368	16.54795821242	17.2502149261973	18.9627413629992	15.4871589712252	14.1384007582187	10.2642812217904	13.959562528962	11.6139299119635	8.28951657215305	8.73021729397384	5.88031325696174	9.99078110059469	7.52412666028423	9.36276593747809	6.23599887748547	4.53530704583493	6.24895935336437	7.58186105121955	3.81166013700067	3.9764020168992	6.90913424388324	8.14093299321398	5.29604503379644	4.2367204297664	9.89136542647172	11.9640872614671	9.8650900147946	11.4614724184984	8.46148438514188	11.5945610093699	12.3283414537398	13.204725290592	15.2713485324643	12.2142908512938	16.3182826915089	19.2761555036268	17.0940926345916	21.8982125982921	24.2538879357517	24.3362354319644	20.1696593178963	17.6307057714659	23.1801865825105	22.2700435563112	17.4218473762113	21.2136962832977	18.2521694327003	19.8064422095438	15.8742298710835	14.7960812717422	11.2911941352542	11.2719737845685	9.19585765440071	11.8960694769323	11.9264447762106	19.583986034513	15.4390880883555	16.9989168478465	20.2008923812786	20.1928439304621	15.822787870663	21.2063370953119	23.7178098061351	22.2238627830537	22.1228327752121	26.4689536816248	25.9542663544936	22.8368022936662	27.5852109290467	23.9141466291398	24.382203448417	20.9178717368665	22.7025815712663	18.923161522325	18.0464851425423	14.0308566381387	14.9365797289741	10.4538380511657	14.5881478947809	15.1946578112177	18.5767254918621	21.8673972845421	19.2198678715542	22.4278529288918	25.1891138788168	22.8356523007336	25.5545904682505	20.9226830258454	23.1895288869783	25.6052016980925	25.3794956805686	20.4217181206675	24.2322109804285	27.6661946244871	25.4606896018156	23.5204010382476	28.1278646541112	30.3290499191781	28.0133029291442	29.515310653964	23.8362910285976	25.724146808009	24.9873600846508	22.9057949218096	23.1581906244853	20.3092168485149	20.4549100706896	17.0733797474314	17.5112760528752	14.3675983727274	18.5722572941471	20.5535841399986	17.4840842196553	20.1416826010142	15.5183630580032	18.2886025710003	13.5739315969987	15.5283263747256	9.04443287332048	16.4959506849408	12.2182427950995	16.0402314509486	13.8073839303468	18.3691621202493	19.1928634914126	21.4738452541691	24.0302565529376	25.6978300056639	28.9242009742707	32.3472917104354	31.2932794382436	31.007432415471	25.8338808737673	29.642906824399	25.4514903296448	30.2208376621165	30.5113904140732	32.3746816818328	31.3638535419358	27.8603611606167	24.2911138690674	23.6400126480508	23.8122294210349	24.0217031244664	18.4010457854982
14	20.4242962669464	17.15946027706	14.7275710828364	14.3457426437253	10.0456731979495	10.4853503518004	3.4268945125288	8.42091265837617	6.5430281215963	2.86285678999142	3.16222516592352	1.33320178517733	0	1.33405996866708	3.21504121279961	3.11406149586035	2.95701487990846	5.0301099391564	6.76899298271168	7.27520260886252	9.16567673442611	10.9715640635235	12.9335313816452	13.3772428399876	15.4730323143203	12.3115140417416	11.3817137988969	7.53024501593408	11.9272539169752	9.84566569613249	7.01903754085986	8.89664734605121	7.27313343752196	11.302016147573	9.8133654268044	11.2857259403195	9.15437895217366	6.18313067951826	7.80724656969408	9.15485455919427	6.52505164730518	3.52740442818795	7.70273418988349	9.50758844292284	7.37921926764614	3.8965611762168	10.606430879424	12.145477265221	8.69609280079278	10.3893116711359	8.25073972441259	11.6576467608176	12.9775768539431	13.9546382969964	16.1420233552055	12.5080241045498	17.3205068055181	19.8566261232869	17.1214808062854	21.6346630202552	23.0803341613591	23.0140758015611	19.6416395700563	16.7070080505158	21.5824659851464	20.58262638732	15.8654609450845	18.9980624801583	16.1078243409841	16.8198510397685	12.2778406081851	12.2866578449959	8.12445475093559	10.1201965889996	8.46495044285553	12.1873653838719	13.283684767413	20.3299511804628	16.2598318871998	17.0684706403356	20.5833997434826	20.337212542529	15.6145291955922	20.7849647822651	23.3313631406311	21.188920571846	20.4820003905869	25.205096012513	25.5436138790109	21.068041698269	25.6739554023138	21.3537357153263	21.8824997886439	18.3920735644462	19.5214901582845	16.0225456778878	15.2150626025659	11.2055438957687	13.170284279392	9.92524992128662	13.953066508836	16.1996707991243	19.0488492565824	22.1158132113653	19.2444333249904	22.061196817036	24.9496570317109	23.1812053612404	25.9248323427559	21.3494731316724	22.9254507480224	25.2711791968638	24.8694891986144	19.3871749618143	22.9149396464403	26.5549556392023	24.4075761393875	21.7533023010301	26.2756828645803	28.5763914621843	26.0549521012801	26.7513603953145	21.0695401468566	22.6830551954537	22.4208258099473	20.2475401221976	21.112757541354	18.9574543913469	19.6270259591208	16.7296072279059	17.3853886065282	14.7378603942363	18.7840908483749	20.1363944140951	15.4889816321151	19.9530702649993	14.9549368771653	19.6939268557594	15.5822913911915	17.3996846523148	11.5380577221645	17.1981762405204	13.6609634360099	14.8227534216825	12.0676266515003	15.7955880232424	16.0143287402251	18.4768729497174	20.8542816227268	22.4931280839282	25.284151261215	28.9937658988963	27.8205433088572	27.5327318840685	22.513925934852	25.9101530871587	21.9311478039796	26.9114756377275	27.8625253342191	29.8057713371085	29.4857200183411	25.8747789555776	23.0559913905258	22.1633793000977	22.8536349406391	22.1035935992318	16.2870186651824
15	20.1006021302846	17.2400190545138	14.7769603775607	14.5308759543257	9.82688282213643	10.4234710629425	4.26821250642467	8.58893183114175	7.06693745550362	4.18014557162786	5.60511070363468	3.69205972324393	1.33405996866708	0	1.33244924856446	3.30082065553401	3.29376638515849	2.93263260569748	5.00577806140064	6.96821426191819	7.75224432019528	8.91315600671278	11.2676914228248	11.8440732013949	14.8525062194904	12.3657531109108	12.1309243258706	8.5692943700167	13.0436888187353	11.280152348262	8.99839563477846	10.3689647506393	9.11299676286566	13.4363849676913	12.4106741960298	14.1320725302413	11.8411826267481	9.03060767612014	10.6617492467231	11.9034426112785	8.64410764625245	5.83684212567035	10.2979989318314	11.8893773596434	8.83124685421034	5.76587668962839	12.7090640095957	14.2742846405696	10.7452731002986	12.512581867864	10.64663674594	13.7650486377637	15.3414007509093	15.817976229594	17.8290365695962	13.3842252297247	18.5880192059294	21.2101466520154	18.4502321665609	22.833415688416	24.1279437167779	24.3984860390968	21.0615717599613	17.653021894282	22.5504971342097	21.890980928227	17.2958680325678	19.2704915868797	16.1114792306604	16.1267643685893	10.9031992552645	11.0609978302141	6.94465096315142	8.83915165612629	7.18057191315566	11.6412491168259	13.276239377173	20.8704815708694	16.8804223584601	16.1872740756435	20.6371438188525	21.0788882059752	15.7495892962325	20.0664895285648	23.1216101731692	21.4922698196352	19.5873643198874	24.5979589803707	26.1165443541063	20.792371774283	25.7039050146082	21.3862044084499	21.0896846112027	17.5203486837449	18.0553512843146	14.7114688593628	13.282181748493	8.67450229119804	11.0599919077728	8.24147832612572	12.0857582302477	14.6622752327188	17.1686324149596	20.2628900949494	17.5292179232275	19.9648992985189	23.023226120594	21.6972535358741	24.5957639645529	20.4120583479472	21.1787741146649	23.6290765160215	23.4596189653626	17.6716663617215	20.9171865698999	24.8465829843864	23.2094179160099	19.9535326947385	24.4658496889031	26.8899034211728	24.6370828224447	24.9204928322054	19.5246849398396	20.3399756391201	20.0121089593276	17.4495695075839	18.2859654380074	15.9209864330072	16.7941078060134	13.9284595702468	14.4960880240153	12.2012808344042	15.9596884054796	17.0631120842594	12.3191093833929	17.2737815778711	12.3321010780807	17.4470112913358	13.4777947009145	15.2057645976781	9.81575539630038	14.9670681497747	11.6727398668864	12.5008675698929	9.3103191137576	13.4053243899579	13.1542163962739	16.1351011772471	18.6902238081838	20.6613738894586	23.0485289118416	26.9318159989259	25.3608314926778	24.8327198872778	19.7393477349177	23.0321932303461	18.9019572531524	23.8375481331449	24.7962448366683	26.8452188853062	26.8231036235556	23.0419164350537	20.4201404990269	19.0653649060279	19.6424108754501	18.7375879450905	12.9203727887395
