5	6	7	8	9	10	11	12	13	14	15	16	17	18	19	20	21	22	23	24	25	26	27	28	29	30	31	32	43	44	45	46	47	48	56	57	58	59	60	61	62	63	65	66	67	68	69	70	71	72	73	74	75	76	77	78	79	80	81	82	83	84	85	86	87	88	89	90	91	92	93	94	95	96	97	98	99	100	101	102	103	104	105	106	107	108	109	110	111	112	113	114	115	116	117	118	119	120	121	122	123	124	125	126	127	128	129	130	131	132	135	136	137	138	139	140	141	142	143	144	145	146	147	148	149	150	151	152	153	154	155	156	157	158	159	160	161	162	163	164	165	166	167	168	169	170	171	172	173	174	175	176	177	178	179	180
5	0	1.35078717790776	4.40864264825354	7.62963341190126	10.1367812445569	13.8184008481445	16.7978993031867	19.9828266268814	23.6867656297773	27.1229046379624	29.2868667494493	29.2337807681456	26.0329746859632	23.447026655847	20.8098673950605	21.5116428475372	22.050416005146	19.0050707444092	16.0766930057148	19.7728438773991	19.5993077938993	11.8049178734966	14.9752017014797	18.7200353899238	20.7079942292826	23.28093522606	26.1754772449329	26.6666384270684	12.5420595198715	10.9042640283515	7.49330701359553	7.06186455548391	6.7273378835911	8.89598392534519	5.37358409257732	7.7425296253873	11.136057920108	10.8605609891939	17.4768134681354	20.0872668623683	24.0118212970195	26.4346435572716	32.11166020311	31.8152782951839	27.3283011363678	28.2768254583148	27.1483739107888	24.3776321655734	22.1028117215887	21.2662833142042	19.7628666189903	16.6255656445127	15.8380087763582	14.4262070552172	11.0377423869195	11.9430100477225	9.02159065797157	11.3625228272598	14.9932478469476	14.6300133629467	19.7204171862565	22.3648410233563	25.501534561669	28.6796103355677	28.9062544270267	32.8086465584913	33.3466238770884	34.8853281194258	33.5916677317456	30.3118258935353	31.3437911714585	32.9438192989216	29.8881340668835	27.0947047778713	29.9728121636926	31.9347194914876	28.2833228953035	25.1126785707937	24.655143783803	27.0483141618845	24.453352019713	20.9886526246922	23.8678276766027	24.4713452633892	20.6474176835749	18.6719959832901	18.6650210822276	16.3979680448524	14.6509783291083	13.9073415863708	17.520399139289	15.8110007905888	20.4963195476651	19.9283160854097	24.5703876648294	24.3890355282861	27.6567600597033	27.8077932601636	30.0895540179644	32.9465926311053	31.5162174919517	32.7720237550262	37.0404244306136	40.3601199824778	42.0216060378468	37.1353296605806	37.4725539428526	43.7727459042724	42.7797538679221	40.3264938223	38.9579410390231	36.6203849379004	36.0086850773532	32.3042913712714	32.2940682788651	29.9691095963827	32.4487630734979	31.523960886919	28.077357354281	26.6771864146128	30.4138479972528	27.7844923833422	24.296077461187	27.3864949564562	28.5049558673575	24.4256791307837	21.8633952303845	21.4295295795311	17.8848633766098	18.8407794424753	21.839200305872	19.5590724728961	24.3203717488035	22.5768401243398	25.0006868905636	23.3766416321934	26.998652207101	26.8453983021299	22.6577323887454	23.8866614452502	20.141812927341	17.5534551869425	15.7370529960346	16.7414069301239	15.1148093603591	11.7948780833038	12.8742863491535	13.4872943172454	10.8956814380744	7.72770470450314	11.211767523455	12.0873610850342	8.31175631259724	5.45755384765006	8.81641457736647	11.8416369645417
6	1.35078717790776	0	1.35578648761521	4.2550446531147	7.37440580657181	10.712507222868	13.9732914876918	17.0474616585579	20.7011283508895	24.2537380417947	26.5281964897729	26.9248833980762	23.6275134112754	21.7215518322241	19.0059052402142	20.1848729745817	21.088099606176	17.8930619514939	14.4779203271741	18.9080853076138	19.4491831448007	12.2932660021656	14.7180244258528	18.9330253789509	21.0858891678772	23.4593493942181	25.9779254752954	25.932687635492	11.2701821635677	10.2400111816345	8.142991894875	8.74264868332246	8.91733822393207	11.0453276094464	5.39885108148021	6.35286093032108	9.42501506630095	8.11636137687326	15.0521470229333	16.9827038188858	21.1137917722043	23.4753057701066	28.8829488452963	28.5465605984329	24.2220012798282	24.7004947723725	23.6767978831598	21.0860636677404	18.7336837007568	17.6708731532995	16.4547522922711	13.2984282529929	12.1053273396468	10.99451063031	7.29892875701633	8.06685831039569	5.28016723220013	8.27675993369386	11.6668742600578	12.3207651548108	16.977445891535	19.740435177574	23.0723563165967	26.3949186397685	27.3877068408438	30.8710494476621	30.9070084770429	32.2065784273959	30.7102414350653	27.4894814974746	28.4052431955792	29.6681222526806	26.5140900654727	23.9241476964175	26.6340684274859	28.3637381351612	24.626679353904	21.4833011662547	21.2145149602813	23.2080573292984	20.6088594783894	17.3070374414572	20.0385550377266	20.6762571322761	16.8409559704905	14.773639903558	15.4714169034384	13.5458932891116	10.9214237167139	10.9569125669597	14.3761401634792	13.6547694964067	18.0871559677026	18.0133584597654	22.6870598139115	22.5409309701263	26.1796737565616	27.0232833127287	29.1010829695391	31.8239702897046	30.2622348645965	32.135041932445	36.0326009191676	39.3081277346047	40.8071548750951	35.4718779316799	35.8780803555597	42.2771660474067	41.5457384336829	38.7860274970253	37.013185691048	34.515886747989	34.065683348496	30.2237501643989	30.5150453874806	28.6999556968299	30.4212450928623	29.1953858340663	25.806173679955	25.1807658938325	27.7148932886273	24.8975897829489	22.1032380207064	24.7673027195131	25.423376506672	21.2484292595947	19.156319218472	18.8337196538549	15.4231589825172	17.0993039039605	20.0549175515633	18.5656006905244	23.056434611622	21.3513944509486	24.4167214424869	22.3288468354279	26.299285883841	26.7369932677554	22.8306821185877	23.4003159380381	19.6564286939413	17.1118003728421	15.7792503624222	16.1979390355687	13.9719119307273	11.278775199462	12.6502194447369	12.3360839815559	9.24285616030024	8.04637092110474	10.7635246086029	10.3524894107649	6.40502950812875	5.99476046227037	9.66061462847991	12.9433812043067
7	4.40864264825354	1.35578648761521	0	1.29590971907768	3.6827371614059	7.13978129917157	10.1199053849332	13.3585129037629	17.0134488273248	20.4439902905475	22.6275765162777	22.8489723182466	19.5850238702944	17.642390200877	14.8319737729002	16.0386863863597	17.1046693332552	13.6849098645187	10.3307028318503	14.9244588511611	15.9169420744061	9.28137457492154	11.1577446197697	15.6747878454542	17.8516610431635	20.005753722367	22.2647070045846	21.9456020651063	8.00328495056874	7.93744549587586	7.15272933921031	9.20550492911714	8.07707397514719	9.60338929753449	3.33441719045473	2.97584105758355	5.43616638818202	5.18697888948856	11.0223060200668	13.3454137815206	17.3152869164793	19.666929272258	25.34498297494	25.1926492850593	20.8224221453701	21.9048485500357	21.0904184880244	18.2507440396275	15.7481682109381	15.3129363611294	14.1912896172265	10.5472120012826	10.1824202427517	9.45943306969292	6.4695088685309	6.66270613189566	4.34398308007755	4.20464528824965	8.03157294681434	7.85096325300278	12.6401827913998	15.4379414754688	18.6526865089188	21.9860194214414	22.7601015375591	26.3540105866261	26.4769894625503	27.8411278686766	26.5575597147027	23.2504825326271	24.2008163085463	25.7919645044731	22.8189274726048	19.9311168778872	22.8848504911	24.9495793150907	21.6567484863264	18.4358102073112	17.820042143609	21.0499342991849	18.4242185451649	14.5644313998178	17.9518568120404	19.2332564845374	15.5984219073597	13.3091572235059	14.7412167069072	12.3252460421689	8.91868930953422	8.43015148143852	10.9187366027393	9.12667787313653	13.5807180958887	13.3652614265491	18.0286173901384	18.1852610924342	21.8003399514778	22.5851809158129	24.9156747851628	27.4738110388785	25.5807883576719	27.7664759377203	31.5881915436766	34.8472212665515	36.457633233659	31.1906812686097	31.3203927178444	37.8406724438137	37.3950184115478	34.656220119915	32.5979602582738	29.9519359307541	29.4121826119722	25.5590659844995	25.8242217501322	24.090237213444	25.9934238991326	24.7433580784824	21.3672859062633	20.7380858325931	23.7328679472162	20.9296204934538	17.9836958381752	20.8857276387489	21.9687376514901	17.4776911518656	16.0324552392951	15.170938369132	11.9783899585879	12.7988407678196	15.5984304659155	14.0653111945666	18.4211792510686	16.9468559030872	20.179142424791	18.4544271382235	22.4822700366311	23.0205784679708	19.0836722619102	19.2290776689887	15.4477429742989	13.1210847874709	11.774079539395	11.9029536670526	9.46270009035476	7.10693414912506	8.03843336726753	8.01380221867248	5.13696418130397	3.58877332803285	6.20008233816294	7.41510586573112	3.54344761496484	4.03049786006642	8.03167610153696	10.7129415661619
8	7.62963341190126	4.2550446531147	1.29590971907768	0	1.30740735809464	4.14369496946868	7.52847056180736	9.72916568879367	13.9320610104894	17.4176683284532	19.008802013804	20.1329130778435	17.4854306781389	16.3063705955679	13.5687481368032	15.2105019969756	16.5598015990531	12.9116876511167	9.68958136350586	14.8912999432555	16.5249393039733	10.9889662389144	12.2355036267413	16.8486795921817	18.9587083420786	20.3403120182558	22.2548396983667	21.7286781466338	8.6518369147829	9.41478565873913	9.28566928120962	11.354929502203	11.7657728177965	14.1894008330162	5.02332509399899	3.68190942311187	5.77252085314553	3.19887245760127	8.25994685212926	8.09025005794011	11.9733151633121	14.6901664388121	18.8133384862974	17.974561023847	13.6853690121969	14.4022121217541	12.8574124924108	10.0191563517095	8.0491240517214	7.43176022218155	5.58625822890421	2.45999776422663	4.01990808352629	3.0509090448586	3.84358075237141	3.81318842964782	2.92055662502887	3.2954491347918	5.7383524639046	7.17619237479041	10.8038691217545	13.5034896971116	17.0142793264951	20.4110950955602	22.5563792528854	25.2797337604651	24.7253229301459	25.8365645936142	24.1060086078139	21.0003404496213	22.1869378463996	23.2846577814663	19.94304916506	17.8318039749208	20.4373728497574	21.75565262179	17.4584283943315	13.6481595462538	15.4641064080664	16.6294749466121	12.3476615194943	10.8153079013036	14.5757241329548	14.0019448292014	10.3658509539738	9.50629212679686	12.180889417444	10.9335657038315	6.36052906604474	7.71030699777901	9.86246794671597	9.68692758308846	13.0770703523381	13.0895519403836	17.5690520518325	17.1770057053027	21.2099281941264	23.1389509053457	24.6240984809597	27.0343744333025	25.6308588619266	28.4411658340512	31.6212249130232	34.7844147859354	35.8824707203949	29.9975389990579	30.6920741071698	37.0486065190042	36.45399670818	33.3323137660739	31.2762848497068	28.7195979254585	28.5869461992707	24.7795216055516	25.6429861365637	24.615209160192	25.9321600527222	24.1154895036365	20.9803123427655	21.5545314261294	23.0584764023992	19.8778706354579	18.0359138665054	20.5064012932547	20.7180723282838	16.0129315554648	15.5363523389501	14.7049659979206	12.5403791409989	13.9338444802574	16.2731041292066	15.2750452045158	19.061114290618	17.0389599154408	20.450665734885	17.8647966962963	22.1977985394949	23.6132070460579	20.1515680035078	20.1441620823503	16.8470129399843	14.3709653816297	14.2838337290799	14.166975965251	11.1041303126359	8.89691873628168	12.1216121865039	10.7973766258291	7.77181150054477	8.51260218734553	11.0719005143652	9.33173686941504	6.21229925228977	8.96609552703963	12.4721809239603	15.5581868802248
9	10.1367812445569	7.37440580657181	3.6827371614059	1.30740735809464	0	1.30699846977722	4.17022949008805	7.38491638408994	11.0687823178523	14.5851707566281	16.5868606432923	16.9525988863065	13.4962361049294	12.024091192269	9.81432488763236	11.3359331331832	12.5540779828707	8.07625983980209	6.32661868615456	11.5984026917503	12.8557076818042	7.36901241687107	9.76395688233003	13.9957443174702	15.7824559875832	16.6901814250175	18.0625142491293	18.1790742063506	7.22816913194483	8.66075851181639	8.26446616545799	10.1311788060423	10.4271222300307	13.0995288464891	2.45513075008237	2.94092400445846	3.55965461807743	2.87708602582544	5.65113254135841	7.4886950799188	11.3892444876734	13.5795385046768	19.3708381594602	19.515467788398	15.3519005012409	16.912201542082	16.6773751531828	13.5883461098104	10.8927721907694	11.5903644895232	11.1805790994921	7.11481025748403	8.04056322654079	8.47416432458092	6.63726645540165	5.57163943557011	5.08405035380257	3.46330636819788	4.96115823170356	2.45747126127652	7.43263519890489	9.73858932289477	12.9548607479973	16.1736053185429	17.7711729776062	20.7125469462353	20.8098629019991	22.3918878614555	21.0097769859654	17.7844932736359	19.1925036667966	20.7620754742872	17.8608122435683	15.3809495480611	18.3908225210293	20.415318782718	16.7614939071671	12.5813792964047	14.3166436359923	17.0607741324947	13.1288562335034	9.96913436563075	14.667926676937	16.1606811118839	13.3073656671785	10.8536099524536	13.8505955828621	12.5555153617842	7.75577597665121	7.81381328161865	8.69633813740013	6.81724709835282	9.74559556928154	8.42582340189966	12.9902180120274	12.4060527969213	16.3105753730517	18.1430779637855	19.7547601605284	22.254278644791	20.9997407603046	23.4315787560292	26.6129903994271	29.7908347147239	31.0227473638297	25.3738472250465	25.909859301046	32.2556921798308	31.7817267152054	28.8212792221303	26.7799971620611	24.4167245346299	24.211717018832	20.694026022019	21.49998781395	20.5987171930681	22.4437689125512	20.6654832994537	17.5921555813948	17.9418322642923	20.4991977647907	17.042335197971	15.3707746389048	18.2389103292933	19.2618305204879	13.9004519710691	14.8105617044054	12.6685033449102	11.4970313994526	11.0438130190618	12.8960534273087	10.9877477218946	14.385229021465	12.0244985758243	15.4892341966929	13.3266790311765	17.6051424589522	19.041412395093	15.622521883486	15.2951036936662	12.1626001331952	9.90531468455193	10.1413549883632	10.0908690408706	6.78634518721233	4.63426563761725	8.1032818660096	7.96643797440236	4.41984230487921	5.74629793867321	8.70118273569749	8.57435017945967	6.66426109932677	9.78608869773823	13.2650770446311	15.6616567131322
10	13.8184008481445	10.712507222868	7.13978129917157	4.14369496946868	1.30699846977722	0	1.3296364164688	3.83502516289007	7.40160225897069	10.9778118949087	13.4700233481609	14.2849945747277	11.0357394405631	11.0902520259911	7.52137899590228	10.0781304317815	12.2455179555624	8.67284797514634	6.9583939238879	12.1683092498506	14.142804071329	11.0785362751584	11.8094045573856	16.1299649720636	17.8689399797526	17.6602140700502	18.1507730413886	18.0225710152575	9.40341315693403	10.9679742432229	11.8044175629296	14.322378363945	15.4127267542119	18.090352401211	7.19347489048235	5.3695191591054	5.6968111255333	3.65078375147036	5.5320330801614	3.72613834955172	8.13445271668598	10.079335742002	15.2050342321219	15.2592005688371	11.5270094126794	12.2170518129375	12.2017546688991	9.44640211932564	6.47240426734919	7.59227930202782	7.71334000287813	4.06828280727877	3.94813183670454	6.22525734407823	6.41728205707058	3.76208599051112	5.98694671765166	3.14840785159738	3.28954890524522	2.85746636025693	5.29324153992617	7.28612668020533	10.8438650397356	14.1395058258767	16.7902212611984	19.2608761223367	18.3730761169707	19.5504615290791	17.6741973792305	14.6729728753242	16.2992142448647	17.3685869891595	14.0039318050325	12.4444640302425	15.0124673854766	16.5403204624336	12.923688947046	8.64653213722126	11.295139529904	13.6965597870414	8.69656679385607	6.85860984456763	11.9431787226015	13.0174509793584	9.85218458008172	8.50116168532278	12.0816340782197	12.1993978949783	7.52429677777266	7.26238845008996	7.84611139355031	7.20143881457032	9.39224089341835	8.8168876594862	12.5447797908134	11.6569552628463	16.0073575895586	18.2552719508639	20.0403788636842	21.5264826202517	20.7911790911434	24.314465056834	26.621695475683	29.5912950882519	30.3866224842446	24.0630115114464	24.9360847969363	31.1484976523748	30.650680644971	27.3657924789325	25.0085658925097	22.5982933205143	22.8359427438413	19.2227578146321	20.8520829654977	20.4900214250742	21.8089002703025	19.407663022631	16.7376241444238	18.5618767639482	19.2331933386008	14.9491580030449	15.1639052028163	17.3546320617868	17.3648408861124	11.9000635712588	14.1545302288702	11.9500862339985	12.1991800544135	11.9123362528095	13.6248492835701	12.8009921490484	15.2910663460728	12.9777621337425	16.563915720626	13.8336827706869	18.2880720142939	20.5201029480848	18.017005217294	17.1780788506748	14.7192906758444	12.9577687508305	14.0269914450676	13.3205529164521	9.0129283254667	7.60695195199759	12.3354329068744	11.426967314209	7.95944395042769	10.3295209472657	12.8658941780197	10.5765647069358	9.01493216835268	13.2011435110751	16.6005043598079	18.9048747417167
11	16.7978993031867	13.9732914876918	10.1199053849332	7.52847056180736	4.17022949008805	1.3296364164688	0	1.32088379504028	4.68112956453888	8.06671915960882	9.81824251075517	10.3500950237184	7.01763678170935	6.32142088457967	3.77832304071529	5.99539998665644	8.04680893273849	4.81355876665072	3.82474744264245	8.710763341981	10.518158821771	8.8178789399719	9.44854078680936	12.9341188335348	14.4518263897682	14.0051700096786	13.5556746051239	13.9960256501623	7.80740449829519	10.3143938261053	11.7765066976587	14.5510391725127	15.8192718858992	18.8380420691748	8.77400740824852	7.56400978317717	5.79728091435977	2.94530270091208	4.28080775088067	2.70882742159777	5.95107906181728	7.07179595293869	12.948881766392	13.9934531478117	10.6199898775846	12.4934626505225	13.4418158743527	10.7754328915362	6.44646856813868	9.52519380380263	10.7337223273196	7.45595480136515	6.21965634098863	10.4562337865983	10.935865809345	7.80039107993952	9.43988564549381	5.7971693092405	5.51755607130548	3.3232824135183	5.53742404011107	4.89592534665307	8.11872243644282	10.7194591281463	13.1754538821249	15.5137669184502	15.2374654060313	17.3773478125979	15.5033512183657	12.3649846744749	14.2927705501768	15.8633813545536	12.5922910544507	11.3734755901615	14.2917142778604	15.4671947359565	11.0914987715818	7.06313167086669	11.6753790944877	13.9240933995718	8.86782774979307	7.70393685072768	13.0755950533809	14.869441885962	12.3926998269142	11.3301195933671	14.5291491147968	14.3897173356533	9.91483363450946	9.49370033232564	9.48255603727181	7.81785072766166	9.45765113545641	7.18848781038126	10.0182394161849	7.40737976615213	11.6621140450606	14.143276105627	15.4426427790064	16.8208115440367	17.9527383148087	20.427734627217	22.4541683212717	25.3931605358608	25.8679623279454	19.5467385003228	21.0191221034562	26.845243992186	26.03840033489	22.7724878087573	20.9901798229553	19.3126446143453	19.8107450137545	16.4412479757469	18.8483689745293	19.087126158749	20.9038101311699	18.4169667698022	16.1615179051969	17.8846289589692	19.3281427974857	14.2652958609347	15.9055311762921	18.2583750919955	18.2837044659992	12.6626882217008	15.9944701381446	13.2472710397274	14.0683553054364	12.6166224481832	13.1080835365053	11.2018565425558	12.9196625729932	9.38190838795605	12.5549021899814	9.44322884399187	13.8200864686152	16.213641817926	14.6355545504774	13.7894237007933	12.1938002689892	10.0992342283957	12.0392952451545	11.8034192503698	7.04107960471972	5.09519705212664	11.3823357005493	11.742331667944	8.51161294937687	11.4588364156227	14.1867175202723	12.5264274635668	11.9017698683851	16.0574880351816	19.5625607986276	21.6309948222452
12	19.9828266268814	17.0474616585579	13.3585129037629	9.72916568879367	7.38491638408994	3.83502516289007	1.32088379504028	0	1.32733605390647	4.77138145614035	7.62790882221333	9.17548614515874	5.38605913446928	7.92541159814429	3.57578103356456	8.49042578437619	10.9342970052949	7.72588150310371	7.68767747762613	12.403257757541	14.2255912355164	13.251962647095	13.9678179398215	17.2436672723641	18.5962476053638	17.3705708023657	15.6574845042235	16.9380193942503	11.1608186079696	14.5769523906748	16.184523409727	18.9586707867403	19.952083349866	22.9027190088863	12.550974822698	10.9886526016614	9.40536214082158	5.76449494752142	6.5560284471622	3.69008075792387	7.02992517741121	6.33559689374253	11.5638681244642	13.434984108662	10.1250942217838	10.5248297373402	11.7827413194044	9.84366085356459	5.09506781112872	7.65800659440823	9.2496627506088	7.26619357022644	3.78803933453706	9.77237688589629	11.8063544754509	8.36194558700306	10.9266537421115	7.63230980765325	4.42135296035049	2.78674756660879	3.66845594221874	2.85246489899525	5.56334171159745	8.44149992596103	11.5957313697757	13.7994004579909	12.416043250569	13.7066362029493	11.7326491893349	8.9068702134925	10.6405314246987	12.1251143499763	9.15045031678769	7.63375248485304	10.5944369364304	11.7021467261353	8.44274463666881	4.05518260994496	7.53101918733447	9.79802020818492	6.02918501955281	4.36562320866105	9.41200706544571	11.3949354100846	9.2504587994326	9.25826522627215	11.9822035118754	12.8383701847236	9.85950754348309	8.87813950104412	7.13067353060004	7.25356319335539	7.84102327505792	7.01443226498054	9.18617406758657	7.6972957589013	11.9271566184066	14.4380770880336	16.3859773281913	16.6522155282713	16.8235537862843	20.1792730543001	22.249015393945	24.9253290249096	25.3249891214192	18.6214121107933	19.6703985978932	25.6719307805237	25.0234125170809	21.7268071055091	19.1617226261106	16.8860051818066	17.5849495592111	13.757297336323	16.9168665538273	17.4172234871118	18.6578730031052	15.6961246809523	13.8798352295696	15.86059916901	16.4979297186041	10.9180032515108	13.6358150838151	15.610399642546	14.7600369918236	9.48841093123606	13.3643937011748	11.1466126693269	12.7604420377979	11.8136076200287	11.7042789611321	11.182708214024	13.1795429738667	10.9679679065905	14.1475202774196	12.0971785966811	15.9885519982267	18.3778046567048	17.4103391695854	15.7780014260362	14.6514004108822	13.6279452963387	15.6375992083184	14.6776216397617	9.71960673072733	9.35464365970185	14.795078810199	13.9788769219848	11.1862807939011	14.2426784349012	16.6878545954835	13.3511783000603	13.8533263153656	18.0853443981584	21.5728869417146	22.8263650632333
13	23.6867656297773	20.7011283508895	17.0134488273248	13.9320610104894	11.0687823178523	7.40160225897069	4.68112956453888	1.32733605390647	0	1.30630050141612	3.87907798323261	6.10318253045081	4.38927123791638	7.36470732616035	3.20620991203009	8.7073735420045	11.1279342647232	9.57757761649573	10.2265033613645	14.2921634821324	15.9258315324507	15.844576800912	16.8371966787824	19.5782351860427	20.6531543595645	18.4979525353483	15.6483357901088	16.6537312635938	13.3971203622271	17.7905985003316	19.6226160845082	22.447881548155	23.3958193701353	26.391303605544	16.2200867137016	14.6472871208289	12.7451390341573	8.91690843285945	7.93661193457259	4.78881446706802	5.25513596398799	3.49638170113047	8.40318255186688	10.6075280343726	9.14692084802312	9.22583259115404	12.5370886971418	12.0636018253256	5.99466504485447	10.3352953029897	12.5097225388895	10.809704158764	6.68105246200028	14.1443757373735	16.1930193910833	12.6702734382491	14.8612548931778	11.0484006082328	8.3585303133984	5.32671343325319	4.66621924045581	3.46232306407129	5.73440258440232	7.73619085855565	11.2345618517146	12.8793618630738	10.1637874830203	11.8545972095217	9.28077636838643	6.88989448395257	9.2038158390963	10.4734138655932	7.55233672448468	7.01518645511294	9.95962132814295	10.9578640710679	6.73674676680072	3.36816537598735	8.9186898701547	11.311264120336	7.54727480618004	7.63304401926256	12.2172732637033	13.9688170580046	11.9807400856541	13.120350528854	15.352275336249	16.3703713458186	13.4773699956631	12.3010184131234	9.7601683387122	9.25756323229823	8.71602971541516	8.04641249253355	10.27703935966	8.52597149889677	10.7505306380662	14.8990930596463	16.6656227606411	15.6501901905376	17.1248343057677	20.258346502121	22.0409800371944	24.3602373551655	24.0965290654069	16.9387952936447	18.467419256626	24.0575144393597	22.8767657023452	19.4583839770933	17.1561548722317	15.5021192099661	16.8886266167501	12.9134330834213	17.0980511754995	18.0172639432296	19.0271890987608	15.7818962738956	14.5251639577665	16.5133059076613	16.8421002550157	10.8448576293098	14.3898231399833	16.6840920639992	16.0964071456956	11.0106393547332	15.8223494146729	13.3626990162916	15.5720886845664	13.6677325478662	12.6530339444736	12.7041423559404	14.4370530580171	12.4974839867871	15.3036313991157	13.2454589199469	16.7791456278322	19.2751877293063	19.0586033066434	17.3055474053842	16.6749878560675	15.6789809936743	18.0172888915064	16.9535211976745	12.0588032988353	12.358722264053	17.6903619239404	16.4023577268635	14.3814444337139	17.4762209587771	19.7769416493046	16.2520528241819	17.0953229276314	21.3207051947162	24.7550766712608	25.995429386721
14	27.1229046379624	24.2537380417947	20.4439902905475	17.4176683284532	14.5851707566281	10.9778118949087	8.06671915960882	4.77138145614035	1.30630050141612	0	1.31127533340637	3.35175730028294	3.32759688063323	5.27250538169474	2.87467632960652	7.96648831041633	9.92211373649788	10.5671791410953	11.5571714965211	14.004096722031	14.9369439980205	16.5686032603838	17.7873599502568	19.197422196743	20.2486445225353	17.1616336634949	13.5233306918081	14.9564060188269	13.8439392515281	19.6270480969503	21.8583165179755	24.8189428461407	26.1039234982023	29.2035015023884	19.3983378927165	17.9953811296121	15.4517712576908	11.8591570526745	8.55229261660287	7.07503031795624	6.58327357778788	4.63204069498531	7.72053391936076	10.4418085598233	10.2151762588807	8.65375675646132	13.3428468476559	13.8553665054375	7.72253365159389	12.5660197357795	15.0539633983878	13.8301536506288	9.46123406327103	17.5139775322455	19.8299936712042	16.3156088761652	18.3989583129046	14.6120753488339	11.8443335819285	8.41627049232616	6.25881825906457	4.20764506582958	5.89656221878477	6.70165815302452	10.0722947236466	10.2755089898262	6.15530218592069	7.22113218269822	4.1938384565932	3.2949320175081	5.53325247932895	6.58771143873197	3.53614606598766	5.97391755885533	8.67174959278691	8.41328818001618	4.5020894038213	2.98763485051303	9.30524508006103	10.5915289264582	8.77878214788361	10.3764790271074	14.2898805103472	15.6231848865716	13.931311603722	16.3031924481066	18.1668174978448	19.1866208593384	16.4905850714885	15.4434586152196	12.073105814164	11.4909946044718	9.89812598424571	8.88287036942451	10.7704810013295	7.79433897133041	8.14686258629664	13.8803993458402	14.8962062619984	13.3757022245563	16.260866182341	18.9461738881496	20.3953903860652	22.1772597270267	21.8660919462075	14.5949503596278	15.6433646956146	21.1003791909055	20.0112509354113	16.6557335773601	13.4250522159134	11.9279354877531	13.8406303685923	9.94086646122962	15.5183147925282	17.7417253670549	18.2092303516651	14.6794633416893	14.4408302046662	16.5969799059949	16.4757826217755	10.3759308498081	15.1018192943764	17.6469303279636	14.9307138811244	12.3927082996414	17.2409890957567	15.0837641522267	17.8964172950901	15.3283721575385	13.3713412939765	13.6982164167456	15.0850071594282	12.8539489652013	14.5115688331758	12.1663020675964	15.0638240496894	17.7353158415631	18.0645004912951	17.3253501263322	17.6625999784856	15.5762093270475	18.9555192226433	18.7369757698514	14.0634102194311	14.2590334174515	20.0489201953621	18.6084002805185	17.2836139160767	20.4007861858312	22.62289236592	19.1566567803466	20.4359529750878	24.5432012174451	27.9766440267592	29.0062997467791
15	29.2868667494493	26.5281964897729	22.6275765162777	19.008802013804	16.5868606432923	13.4700233481609	9.81824251075517	7.62790882221333	3.87907798323261	1.31127533340637	0	1.31153955334942	3.19270731511675	5.63357666141147	4.30428228628188	8.80825186969582	10.2760687035461	11.5288391436432	13.0422582017072	14.1121615991314	15.4845914702326	17.6276754281442	18.7668917245238	19.5781075183481	20.8458801205418	17.261907687159	12.9448534947291	14.327330386363	14.6832329546323	21.0328794747652	23.5513770722648	26.6020801630248	28.1082600137397	31.2223549560247	21.3918014435437	19.7376689099802	16.9870648730144	13.3505665048342	9.60376119028373	7.62309084295865	6.47993611079615	4.56447970748036	7.35046644778411	9.68241731180804	9.79029647150688	9.88192496429719	13.6968180611411	13.9472525251391	7.95579574901216	13.3853868080082	15.9864019091226	14.62277377928	11.4402659934112	19.3021586616627	22.0860609661388	18.7648858509718	21.1955377615195	17.3733193719565	14.729323575779	11.3576681145383	9.91317012867226	7.42086120339142	8.16781280392738	6.80134442592051	10.1669128057636	9.21121273231707	7.18237293657187	10.8289860559519	8.81213033267212	6.41763406560393	9.66485866425371	11.7377652898667	7.84145075862879	10.4772380425377	13.0816468764449	12.9081241472183	7.73884881619999	5.91407685103939	13.1390821977793	14.75813064043	10.9982058991455	13.5676913658883	17.3780843593303	18.5554805650514	15.8982688994746	19.0396938000589	21.1161068855033	22.4453883904913	19.8626190619465	18.7690745110141	15.6657255178303	14.8097707274623	13.3701725493727	11.4462850742064	12.0987636558452	8.30736889755114	6.46602721924367	13.7665595556769	14.3486791378161	11.7566180511234	15.2721551196941	18.0832909338981	18.8160946798213	20.7604194803477	19.7407058384446	12.3571034227282	15.1630630480784	19.6447433172337	17.5427373576646	13.9963180158212	12.9917451483625	13.1351828689212	15.1290869519611	12.166974891073	17.6240551519791	19.5610860894788	21.315811080041	18.214114911244	17.4324286604019	19.6836933526206	20.5763923222707	14.3228052070815	18.6660749489549	21.2159363686829	19.554384137579	16.0155710169822	20.858234465074	18.6982597318574	21.4742586367958	18.7283248850505	15.875985512717	15.8246506754494	16.3834765846569	13.7320971814213	14.8860243181314	12.7819599827257	15.0204810175973	17.6858957929758	18.3464151539204	18.2354249470639	19.2241808928235	16.6250458645984	20.4262345526531	20.8837684817659	16.4132620767476	16.1840037382596	22.4020063833577	21.5602458473924	20.0174897027574	23.1564837788469	25.5299355855043	22.4205247708433	23.4177873848064	27.5428618338763	31.0393874134139	32.2929795621277
16	29.2337807681456	26.9248833980762	22.8489723182466	20.1329130778435	16.9525988863065	14.2849945747277	10.3500950237184	9.17548614515874	6.10318253045081	3.35175730028294	1.31153955334942	0	1.33263385819211	3.20858520223478	4.50259225335806	7.64715986494332	8.16567970226607	9.39527993196584	11.6224062912979	12.486687350935	12.6787729295859	15.4626117134202	17.1972753655921	17.5250884163248	18.1909327688274	14.4971147819144	9.41533653142573	11.9774928094322	13.8696636945529	20.2357904960493	22.2557164566769	25.3096035132912	26.6162051014039	29.7359754169928	20.4754272971286	19.7588246867064	16.7730575030315	13.5248053960122	9.3034004535976	8.18437505250095	8.1625105819227	7.0277520588023	10.1559461400699	12.1155616460815	11.6106753033577	13.0784086952503	16.412148122656	16.0353007455426	10.7211421499764	15.9155177735442	18.1248995859287	15.8667589002921	13.9029660504512	21.060446481497	23.4685417953481	20.2149412564074	22.3897125930638	18.4219980729561	16.0849607086869	12.1605846487741	11.2487142820858	8.07831436625241	7.48458208586158	5.30683285962541	8.33820346357655	6.81740544488884	7.43992674695121	11.0247106991522	10.5195114430281	7.45122010143305	10.6527715173095	13.1894807706748	10.9791027411169	12.1564584892147	15.6833145093759	16.051067534591	11.1868918829137	9.00599677992392	16.0142739454525	17.8814018186495	14.1265187502088	15.967750561679	20.2184694524586	21.6843052229026	18.8787915132299	21.3324405307972	23.6635627283805	24.7784692626482	21.6222075422469	20.1761585540955	16.9202337454304	14.9303007672317	13.8477850214393	10.42511649815	10.0694786856123	5.90043549240223	2.87454152866157	10.5248046537691	10.5641282650297	8.32494258238458	12.2601969396907	15.0255328690865	15.8560888620113	18.1001413254151	16.99651496631	9.81826715872001	13.1628528062879	17.495057845003	15.753975276101	12.0820843814302	11.569822859491	12.2704570412027	13.7223805879301	11.6252620185525	16.4078498591375	17.9661300785673	20.1728150985429	17.6440610688129	16.7764508165464	18.9989428390108	20.8823817367656	14.9163595089419	19.0061895707688	21.7331303313628	21.2602455536148	17.3808789478553	22.3637134885958	19.4347941846576	22.2149239476528	18.4453598772157	14.5966252606553	14.0746887709818	14.0249465239622	10.6493617649134	11.3963375257141	9.81424072457977	11.2766165138307	13.8379259645367	14.963362790496	15.0631344015779	16.6150721936439	13.7071284374226	17.9116347104333	18.8826493374209	14.6457029192866	14.6829207584867	20.7440145343181	20.4027336648793	19.4653055973956	22.5041882546338	24.8605835209071	22.6861327026005	23.9914495185264	27.6993847224085	31.2585423364558	32.5849321773117
17	26.0329746859632	23.6275134112754	19.5850238702944	17.4854306781389	13.4962361049294	11.0357394405631	7.01763678170935	5.38605913446928	4.38927123791638	3.32759688063323	3.19270731511675	1.33263385819211	0	1.30402799049714	3.86537372061228	6.58812932477801	6.92504541501354	7.18141009830242	9.54819155652001	11.3709015033989	10.3382769357374	12.8518679576161	15.0982354598145	15.992316436339	16.2633030470443	12.9253512911642	8.58327041400887	11.5130138973251	13.1814145295564	18.4732314985765	19.840138331171	22.9266876369004	23.6455629241513	26.7480647898124	17.4931687809842	17.0414683933046	14.6741824985244	11.4603258679673	8.65916323902027	8.50655999802505	9.25832096008774	7.94361466839876	11.9032844627019	14.2433816911575	13.5581090864471	13.6754513271043	17.3170241669867	16.5429089944907	10.7954319969143	15.4418574659916	17.5865583045689	15.260284171666	12.2037381568108	19.1995455675388	20.7323343114084	17.2333480786526	18.6320208243765	14.6976297748991	11.9077824131952	8.02414369263163	6.88527385076295	3.91715636654959	4.16087010131295	3.75367406683106	6.39242113756595	7.33666116159115	6.13660044324217	9.05002546957742	7.45156902940582	3.89262340844834	6.95734554266209	9.47240734977123	8.14312894408531	8.05730060255915	11.6949887986265	12.9290897204714	10.1737814995212	7.08619679376744	12.8794929636224	14.9350258787857	12.8930345535875	12.4185053045848	17.2912077947146	19.218238134647	17.5070072827997	18.4037140545054	20.5303022140445	20.9759517066568	17.657625519871	15.886958330656	12.5565684404617	10.6604346065252	9.81025550125989	6.74861504310329	6.63157492606394	2.49750555554938	3.59324045952953	7.8651175452119	8.71379762216222	8.31199278151756	10.8465907086052	13.3680563658297	14.9056914633304	17.4739612280673	17.3504884657464	10.7892065046508	12.9944500075994	18.2074569339049	17.3153947976938	14.0952938954816	12.450124256408	11.1867497960757	12.7722177792269	9.24986843149674	14.3571903240154	15.4533622555093	17.6047822480143	14.6756774971379	13.5617649662572	15.7599737943945	17.0099293649327	10.9186883369753	15.16167141182	17.8826573528657	17.1619296409233	13.2666058960082	18.2529663890558	15.1898071745496	17.8897242851867	14.3700347250798	11.5861264450204	10.4321284980583	10.4386708924077	7.28618041225991	8.41215620397054	7.12548622902325	9.24499264466987	11.716675723088	12.3731970403772	11.673614478815	12.9705349157234	10.445907380405	14.4476383191164	15.1557717388459	10.9208943315097	11.8608142216291	17.2828816173693	16.6781930076372	15.7315225264435	18.8195596654119	21.0946353369761	18.508497832077	19.9768911745547	23.7445867725678	27.2680778200444	28.4442498582754
18	23.447026655847	21.7215518322241	17.642390200877	16.3063705955679	12.024091192269	11.0902520259911	6.32142088457967	7.92541159814429	7.36470732616035	5.27250538169474	5.63357666141147	3.20858520223478	1.30402799049714	0	1.32272861918082	3.52431170585123	3.68676443511109	2.96414169701787	5.22254430330658	7.11474047313042	7.04438222983393	8.93616231947473	10.910531288622	12.0271186075469	12.5477251324692	9.66542130483716	7.30397104320656	8.86319569906927	9.43062511183644	14.3860466424936	15.7787663015839	18.8571264247764	20.0907182798426	23.1981162381776	14.3372391345056	14.7450613087908	11.5038791718272	10.1717169150542	6.91018161845259	8.61981351306396	10.511674795198	9.59891290719944	14.1758680862937	16.2158778362443	14.9015080109363	16.2542689161955	19.3418681103972	18.0017340831377	12.9484742730563	17.3073686619313	18.9687406276748	15.557833846651	14.5355682723449	19.91589802143	20.7778640384425	17.676493034536	18.5935355433011	14.7148930339299	12.5990530596549	8.02417416311486	9.31353348627684	5.80805828138802	6.82272460238577	6.21590773741052	8.52906120273504	9.0040955125987	9.46739858672909	12.7643383690656	12.1218807946622	8.54616487086459	11.4265001640922	14.089949467617	12.8194486620915	11.929913662722	15.9531844469999	17.4103359531056	13.7967159135789	10.7001548586925	16.3548431359032	18.7503585299055	15.621072242327	15.1926598724516	20.4507928697153	22.3539959962419	20.250919337156	20.3049237624769	22.9310192315998	22.7535644240633	18.8419706771877	16.9536175785583	14.7754611095559	11.686955035423	11.5329456341387	7.38675909990302	8.49932785577777	4.56882446587741	4.63362687319555	9.40822225502778	9.47356537951789	9.67269026693194	12.8006270940138	15.1987452442628	16.5733485150105	19.2504170084702	18.8214221301155	12.0988142394203	14.8923962477501	19.7215954983363	18.3856089374271	14.9106359689988	14.0523844595855	13.9213711250006	14.9710692002943	12.450338268497	16.6710292723635	17.5928738414166	19.6851375661945	17.7164738308728	16.0319668163329	18.043445929201	20.0906480233964	14.4089707474198	17.9180190032269	20.54751821997	21.1195111212357	16.2683654372528	20.7842876471627	17.2884157168897	19.148088938586	15.4019129331392	13.405213127735	10.9767777603448	10.9383480014123	7.0075925252543	7.82356830353005	4.43074090869687	8.19574682381051	10.9171221940583	10.2952803264408	10.7466545492074	11.342052503846	8.13977063558919	11.8746997435725	13.2549541681592	9.23259216038486	8.34880644164182	14.6762254684234	15.3714845737164	14.060840266499	16.9019057505359	19.3612393198369	18.2886878698282	19.2603401060314	22.5451043244426	26.1096719244038	27.5367891737581
19	20.8098673950605	19.0059052402142	14.8319737729002	13.5687481368032	9.81432488763236	7.52137899590228	3.77832304071529	3.57578103356456	3.20620991203009	2.87467632960652	4.30428228628188	4.50259225335806	3.86537372061228	1.32272861918082	0	1.33599026942564	3.31078404611355	3.33351736158671	3.2842245660125	5.34669299661015	7.11785662963227	8.09584220448991	8.94119203462268	10.8527800125129	11.8673046644973	9.90745986618164	8.98385602066284	9.40828640082773	6.45621537744831	11.360205367862	13.4564270146276	16.4640492285464	18.2899694094878	21.37764760211	12.0620664896194	11.6661656511469	8.3779168055072	7.043641174847	3.87752047061005	3.50840049025193	4.95229381196229	4.31543439296671	9.88787221802547	11.7262886285474	9.51442089672304	11.4048437516697	13.6723483352349	12.0753488148376	7.00175842199658	11.4047148583382	13.3095725701466	10.6465076433542	8.91397739508016	15.076096510702	16.8869639071089	13.5907068984656	15.6402487831876	11.7043426556129	9.80881389363668	6.06426368160224	6.96190570174575	4.30570621385157	6.96381770295576	8.48865001045514	10.539449036833	11.7123539478621	11.6200472890604	14.5759220977611	12.2619377343061	9.17117075405316	12.0441313925081	14.1033074489639	10.976307758076	10.6501968995883	13.9881805107026	14.9757386128364	9.63918808821573	6.50192194662471	12.5873028882283	15.0228708974017	10.1292164060208	10.4627809878636	15.4783896772242	17.1833018072779	14.6351541160317	15.3905171777949	18.0819404102546	18.842686273459	15.1328409427972	13.9856654114132	12.0019889601682	10.0943727393038	10.8105298667549	8.12452552460758	9.3286504918986	5.34116616479959	7.26387011172419	11.2046515340728	11.5719932163824	12.1010954049623	14.9127514563879	17.2409748274278	18.8118934719501	21.5241235129331	21.3143640768379	14.8205534646989	17.4051351330577	22.4038542666212	21.0243197036194	17.5737897449583	16.8434163399234	16.3846854409842	17.3015907361144	14.4816110982169	18.1725873226682	18.7768709320802	20.8288835514533	18.112961933378	16.4824729030567	18.2094944465792	19.6094467285541	13.8729328189824	16.9274754762782	19.2593505601825	19.4537567066107	13.9417993099886	18.4502924909065	15.4410963665149	17.4055743944289	14.5977824685806	13.5496304008633	11.927736960547	12.3961264111012	8.64896629661603	9.91780832643987	6.34668251923791	10.2260974472181	12.9907940480942	11.280534074236	12.5887514075066	12.2252489954193	8.88297129343555	12.0768854428615	13.3769546609084	9.0335495792075	6.81901847775763	13.8840198789832	15.1449676790675	12.6886719951301	15.5058378038724	18.1853586711948	17.0309725793919	17.4478677493842	20.8717304744959	24.4529689403966	26.3341170727253
