21	22	23	24	25	26	27	28	29	30	31	32	33	34	35	36	37	38	39	40	41	42	43	44	45	46	47	48	49	50	51	52	53	54	55	56	57	58	59	60	61	62	63	64	65	66	67	68	69	70	71	72	73	74	75	76	77	78	79	80	81	82	83	84	85	86	87	88	89	90	91	92	93	94	95	96	97	98	99	100	101	102	103	104	105	106	107	108	109	110	111	112	113	114	115	116	117	118	119	120	121	122	123	124	125	126	127	128	129	130	131	132	133	134	135	136	137	138	139	140	141	142	143	144	145	146	147	148	149	150	151	152	153
21	0	1.32743587415739	3.72544507408175	5.66234483231108	3.99677444947798	7.74789655325882	9.75270777784303	11.1117913047357	11.1986728678	13.9050060769494	15.1389475525877	16.8942315895101	18.7938556182599	21.1067970568725	21.4638431321141	20.358023725303	22.5291730207746	26.6431286638788	25.6413314201895	24.7335654728549	28.9566841506413	31.1521635524726	29.6924540750676	31.8376708475981	34.1478144249379	36.8697277044461	38.2666530676515	35.105607543525	32.1543070365387	35.4393274343631	34.5466878441335	32.2176156939026	27.9167280496838	26.4824626687172	22.219256625729	20.7465990224904	15.4086495839188	16.1415827290882	12.8528355237278	12.573057702882	9.78051338120857	8.46404619552612	8.76531402746074	7.73812987743163	7.03691594379242	11.5384912358592	14.0738084397934	12.4611306469357	15.1394600300011	17.6309563552293	17.5530676806079	19.038827327333	21.53665668111	23.4899849936095	21.6775195306105	24.4944312650855	27.2655185353222	28.6846615981434	27.8066953628079	30.8039478151746	33.3769387152267	34.2093147256708	32.0442066370818	37.1946884783298	37.8486869653361	36.6914768577118	38.8665100311309	36.2121092730042	32.8316624769444	31.5886273839178	30.2117085415572	26.7172043821954	25.8680653509303	21.1005474099607	20.5930102219175	17.4257918327977	16.8513784896073	13.8329642159589	17.5714541800046	18.8958860601984	16.0482130157847	12.8579770570646	12.4717564921706	15.8120477484733	16.2941339751458	12.6603841173955	13.7867977790348	16.9309910223826	16.8055342372684	13.4463330689077	12.3401161258718	17.3276371730251	17.8854596250697	17.1154130245227	22.7633783301161	23.1426041749843	22.1955060992085	25.4762609697734	28.5117375128209	27.8240668127432	24.5168842025246	25.2323910083844	20.2138722910777	21.9676666717246	21.2800364896304	21.5360378203605	21.9584846699402	20.8509264302572	22.1002934369659	17.8191117904344	20.4665841067825	26.1525979206655	27.9842047233792	23.3240394657529	24.3404688944153	31.4774362996734	34.2278693610923	33.9282496748653	30.77116309144	26.3339472924209	27.408225097587	22.4656722579138	21.7745472283582	15.6546229274295	15.8781619528206	12.874272794997	9.61824084747309	13.3263687477122	15.8948850263221	12.3477897617347	12.0540690640132	18.657377468444	21.8720945956257
22	1.32743587415739	0	1.33899887976055	3.25711927936328	3.29710676199604	3.26797444910452	5.50800481118163	7.38801732537222	6.89580843701448	9.31218792765696	11.3477104298621	12.516951505858	14.1934718444784	16.5596657574964	17.2514474755019	15.8285976005457	17.894416810838	22.0280703875759	21.2459621810828	20.3882331995688	24.3997210844714	26.6064763544518	25.4908550856969	27.4153875588145	29.6701455001488	32.5369200294066	34.0825941647639	30.9571688789527	28.076937635718	31.5052279312498	30.6792432924934	28.3897447857497	23.8791744204024	22.7355709187168	18.4249310717842	17.1773073850356	11.8951930207122	13.3214469934763	10.1067118292746	9.44758096022469	7.04677216887278	5.60885407191166	6.56926609295133	5.24073363184965	3.22430860805848	7.6815054514073	10.2065826798199	8.05504382359277	11.0291152863682	13.674536408961	13.7013056677092	14.6244290144949	17.2296827887225	19.3671766915057	17.95993763909	19.9543411066364	22.890231824951	24.5539665634699	23.4711845674649	26.2770079917787	29.0214719475081	30.1915479894622	27.5935941297976	32.6927436750114	33.4038189583167	32.4300571384017	34.8574722261956	32.1759295747613	28.957429495727	27.6676296238041	26.338162673201	22.8495994713255	22.0340390532467	17.2682876105305	16.987752529396	13.9286950573268	13.9640798121466	11.5291159244757	15.5689446334683	17.5622492010562	15.072603292066	10.6845175838687	11.775622361472	14.0866822211619	15.2118741120218	11.9277107610807	11.3114080909496	14.9798974963115	15.7817513286707	13.374060340824	9.94376437773945	14.9882415246086	17.2089180659331	14.6207455692246	20.8541949017458	20.432100087852	19.0769599517324	22.3737528590981	25.162633208788	24.3594655113777	20.9768916906199	21.6686620952933	16.9387825713656	18.4254312568254	18.1064259587584	18.6288778781761	19.3344602458926	18.6451139444091	20.1108280038391	15.6322691251142	19.0411824212679	24.048318880953	25.4354081744327	20.6922373367406	21.046414754062	28.1751960064167	31.0861087143438	30.4819850731543	27.2132746651336	22.9437938013747	23.5965977420475	18.3264864608577	18.1852106119231	11.6619369317451	12.8027873918143	9.48114307454539	8.44764990988618	11.4013471572442	14.0722204715532	11.7558414841304	11.4764953274072	17.9626251143868	20.9759993564073
23	3.72544507408175	1.33899887976055	0	1.33328054062151	3.4006497908488	3.2272999550708	3.09970724424098	5.30920803886983	7.01277391621889	7.36563276304215	8.3952687270867	10.9306896854682	12.6488901094128	14.5466457302019	15.5614374014742	15.2299302033857	16.9778392912644	20.9279143012389	20.8868726476704	20.6218866983601	23.6552131040919	26.0002448834622	25.9171900290136	27.3041478350818	29.3727618381384	32.5983015661859	34.4517810715208	31.3945837844683	28.7240876095308	32.2910949489174	32.1489715698652	29.7651715432651	24.6302322563146	24.4999700203898	19.7303342343712	19.4690517745472	13.9632424959248	16.0071072339758	13.1625916141161	12.9601057480254	10.8366794268355	9.65148594776991	10.0935003839104	7.92134483531679	6.00985482353775	10.8183302316023	13.1256408986381	7.90510101137233	12.0724232033176	14.8624290073998	14.3671664916921	14.0882778578505	17.5163353758713	19.8340362760584	17.7631376169865	19.242045447405	22.7077550409546	24.512049159546	22.3883449365959	25.740885862767	28.6793788635668	29.8625709877766	26.2826342857789	31.9893355510864	33.0006455845942	32.5398391821472	34.9958682989864	32.5441757308431	29.4992087521005	28.4396891860653	28.1090202426196	24.1099702405457	24.6629780237505	20.2609096044575	20.1355294194118	17.2288898365507	17.3660545317582	15.0853854441973	19.1716506592416	21.2610658481648	18.7907567968935	14.6307765002409	15.7951943007992	18.2023932767095	18.9307978965494	15.4195679252046	15.3064269507942	18.8463667320786	18.0063335801601	14.1543707383974	13.3601245877424	17.9898347129705	18.1776884118966	16.3395521970463	22.2616900975645	22.4080795473418	21.0192149710687	23.2857649434155	26.4501057464805	26.6259637572051	23.2068257200333	24.8529609905943	20.1258833843387	22.0244609468654	21.9405383252098	22.2904711928662	23.1360120591255	22.096446908949	23.473103182153	18.5364619061999	21.5543047672617	27.1029259490558	28.5982558384248	23.8004651635215	24.1853783307187	31.4127283915294	33.7352494284539	32.5856765159172	29.4002857299041	25.2800450157827	24.7153576749356	18.9439451012718	19.28598198174	12.6362359506302	14.0531785372563	10.4504302303781	8.78284646341948	13.5051897432061	16.143789517954	13.0361823399337	14.1613108503415	20.5255569717365	23.7598747681885
24	5.66234483231108	3.25711927936328	1.33328054062151	0	1.32232711535384	2.95825573607151	3.21256315113026	3.19588751366502	5.27653873291953	6.93495645263905	6.93462976661335	9.16618382970798	11.3202336548324	13.3014886760843	13.4177491778614	13.5971798914334	16.3277008791808	19.4848556063421	19.0810985532804	19.6670292621941	22.6632392212587	24.5861701165513	24.6481017524677	26.2840443805743	28.270039281897	31.370569169207	33.2158050331465	29.9946972646833	27.6219598508144	31.7884546651768	31.8854674420809	29.1438365010511	24.0788076532041	23.5170497724523	18.8853956802605	18.0881738713448	13.0588229944356	14.333885935084	12.3035525357516	13.1476033557451	11.8601884470695	11.5549728255847	12.1237219532617	10.2240132042168	6.76994091554719	11.6482844230384	13.8716216067192	8.75141502843969	11.9459257071187	14.6934704886218	15.3333803839858	14.6232940543504	16.7330865652455	19.8414486366293	18.8772206905572	19.0426102727541	22.5737802771268	24.6642207458497	22.9436643542395	25.1680203035519	28.6276494843709	30.2061517741006	26.5072336165055	31.6477534431751	32.5404713856453	32.0602303641131	35.2881613150926	32.5513395884102	29.8016171708852	28.2146078831516	28.0818601413795	24.0586837129549	24.1681058835814	20.1735804457216	19.6001107649931	17.4838583270398	17.0095208927236	15.2416108400654	19.2452250181701	22.1485116881474	20.2206514484573	16.0557846896376	17.8017714567961	20.0119736407981	21.3581245665438	18.1063353829537	16.9937875119115	20.8411932959704	21.5464206308148	18.6821679684131	15.4199734435569	20.3137932695989	22.3746048903662	18.9269590795775	25.521854360528	24.6406472926342	22.5368419038693	25.1604085022481	27.3667371273961	27.2739641599823	23.8997011487592	25.1995331901208	21.206702266029	22.391122057637	22.6473832704796	22.2484812290637	23.4373654022802	21.5540253549076	22.5473661876504	16.7960527208032	19.0740783787841	25.3836466253373	27.3437243622737	22.5635178329976	23.179006643944	30.0817108057371	32.025573796577	31.013323862495	28.1764947784496	23.7614739231387	23.4599322675919	17.4507511299657	17.2855600429954	11.028556569198	11.702635942385	8.04897074165387	5.08274099281086	11.1432876208056	13.583034307547	9.83681884554148	12.859511577039	18.311303913157	21.8381076790092
25	3.99677444947798	3.29710676199604	3.4006497908488	1.32232711535384	0	1.33018419777112	3.34168011634866	3.59633188123677	3.12762178020297	5.32643849114959	7.36714836283348	7.49956718751155	9.61786961857978	12.1344610510727	12.2886602605817	11.0495824807999	13.8800637606605	17.3453858417736	16.4642607486641	16.4625640165802	20.0236075171284	22.0384486522986	21.4299862342466	23.3161216543404	25.4446290010289	28.359346713209	30.0499986356073	26.8273638287477	24.2856742134123	28.3563790354128	28.3188807335318	25.5633265832129	20.6391490134647	19.9098344543595	15.2648614143726	14.5454317914595	9.39504326759595	10.9289547533147	8.63678493422176	9.54202101234324	7.97481517027197	8.64996815023038	10.0158803906596	7.78502074499484	4.50480510122247	8.78732729560018	10.6957535498907	6.18603976708847	8.40584719109264	11.1168490589735	12.3175607163107	11.7575400063108	13.569248394808	16.5619984905204	16.3029978531557	16.4496875958177	19.6295038653553	21.6818403508558	20.774796701773	22.4459896195289	25.8040819445296	27.4766675381131	24.4604287370438	29.0588428881812	29.739856522855	28.9302830438971	32.216202833357	29.3368898658327	26.5564842552624	24.7920934573908	24.478183980843	20.5715081119494	20.4713572583744	16.5081152770387	16.0092826510122	14.0807393626897	13.3633288517495	11.2479159402976	14.939710874043	17.585982031152	15.8622726618855	12.0747634759444	14.4290907890969	16.3012020722399	18.3404415432126	15.4586816061396	13.5484970753217	17.9528433402623	19.5205201006531	17.3363721118347	13.1750711952536	17.9273375881641	20.6365344474308	16.7163694024749	23.4609138355692	21.6919752212656	19.376622564317	21.9346914726421	24.1518113813436	23.7943513464856	20.4887191644573	21.6023936173749	17.9874735302099	19.0718147537144	19.2657341412156	18.6046838188667	19.6773506600863	17.5168315342701	18.3065612827751	13.1027992810697	15.3077858947661	21.6358619426174	23.8106286141294	19.0213491635057	19.7423975494366	26.7045219204538	28.6586915437533	27.5694049446121	24.5988114753538	20.2921934989789	19.9766008620085	14.1563196135154	14.1017144347771	7.56774537098071	8.79943805023934	5.20814947942165	3.83590054615601	7.79643187618541	10.3634581101098	6.91059548808929	8.02343903821796	14.1623629384365	17.4956364845638
26	7.74789655325882	3.26797444910452	3.2272999550708	2.95825573607151	1.33018419777112	0	1.33054725583123	3.32995990966859	3.47615779273611	3.27046189398378	5.47891494732305	7.16775585521717	8.29752842718842	10.4900534317038	11.862648481684	10.7256653406677	12.1994005590439	16.3575821562968	16.3956075215284	15.9227476900188	18.9171948766195	21.3005934424372	21.2994853928446	22.5010225100994	24.5799420056273	27.8517415254415	29.7402652812647	26.7835873997491	23.8500046331232	26.4485953124169	25.9274423343299	24.3213615983974	19.2474094360774	20.1493360188369	15.584338869519	16.0296635647789	10.5424555488748	12.9485074815594	10.9118131398957	11.3557623698279	10.3151787672342	9.18706052010108	7.78835374132428	4.36653226256259	3.31510889715556	7.7503983768578	7.68500553025175	2.8514599769241	7.52510073022282	10.020953497547	7.09472184091808	8.17593823362188	11.902181396702	13.73170688589	10.1034149672277	14.2415374170066	16.8981211381621	17.7918149720595	16.3107172129248	20.4115296340083	22.55548423333	22.7104503037698	20.8111998693011	26.181808073546	27.4223281652014	26.6068097110495	27.8848330997336	25.8102465311744	22.4031024190847	22.0434199479119	21.6491130072343	17.8112133780942	19.4060659073394	14.5319360375691	17.0193439650299	13.6107152273494	15.3302445512131	13.9400810614573	18.0763468931087	21.1824886403841	19.374463889357	14.673503228609	15.6574708366326	17.2513072258307	17.7050398756964	14.498165987462	12.9361007262621	16.1216286398118	15.5856201994018	12.4721793604807	9.07582574755598	13.6067929358832	14.9893324067485	10.4660939227584	16.9502809416245	15.7957256560121	13.652740603996	15.7023275663196	18.6140648166917	19.3184584529926	15.9076932645811	19.1816219595737	14.4058765092583	18.7259837124782	19.3908704807185	20.3810084882962	21.7957272418243	20.3368819143939	21.6055425527803	15.9975700029723	19.1407628374629	24.4727090041131	25.9514382838408	21.1361847550593	21.2265343850568	28.3281571232581	30.2226408343149	28.8264052042567	25.5432632214445	21.8134120439696	20.4413286260947	14.5954612465657	15.5211047287234	8.97398562512777	10.905479173333	7.34919498992917	7.36335589252618	10.9013571173501	13.5039787099951	11.5000401303648	13.2521824240387	19.0545879252216	22.1628355812157
27	9.75270777784303	5.50800481118163	3.09970724424098	3.21256315113026	3.34168011634866	1.33054725583123	0	1.32937805006702	3.18076688866066	3.03679370389231	2.80964837657668	4.85164394818911	6.86488419421624	8.41232987940915	9.42155613473698	10.1946343730415	12.1020583786396	15.2258664449679	15.7777435965983	16.4261418476768	18.3107036729886	20.6569517596377	21.5772633575252	22.7573691361721	24.4462216712522	27.786321634934	29.9284922106009	27.0619354998862	24.8591329494816	28.944146817621	29.5460522066824	26.9460254768676	21.3992613657575	22.1049718615519	17.2807898256995	17.5137494843337	12.2647346485768	14.7994145154462	13.2063300731127	13.6096461746807	12.9686041268904	12.4305263364027	12.3652177498013	9.82064244334351	5.86513861728774	10.9491645800033	12.1401906904299	5.91430545372827	10.1414693708555	12.8441140216054	12.7226277160027	11.0404870816464	13.6557624832889	16.9799464369002	15.714891536374	14.9145324097003	18.8578592899618	21.0629336513222	18.5650169135393	21.0480669183657	24.6201214050622	26.1337285514333	21.8060089195616	27.2778739090861	28.4249781178456	28.4826509651051	31.6824274638166	29.194463653234	26.7216303956177	25.4055542942877	26.0410079682028	21.6218759824396	22.8216787726057	18.8095947324763	18.9364016909232	16.6209858010889	17.5682366218127	16.4865203727166	20.5930066041848	23.8530483167246	22.1146554348016	17.3503863069385	19.1787170321688	20.5206786924799	22.1946929016826	19.379484023059	17.0108417487201	20.8425394326123	21.6013966446617	18.7047508403614	15.104418591922	19.5582529127732	21.6675622994374	17.4092689105545	24.1609525888364	22.6135519324143	20.2274667716944	22.558803359221	24.8003584449903	25.0785051588008	21.6433371964676	23.7240466615626	19.7237236342431	21.7917578914598	22.4539518570785	22.6994006528807	24.1649809021236	22.642006845684	23.7425983834963	17.9949927479841	20.7586152958236	26.2866405232772	27.8244784497392	23.0474764345253	22.9566913339009	29.7076933806716	31.3745393272953	29.9833983730997	27.0237924984633	23.1633557154399	21.5221068903581	15.1012227650611	16.078853597194	9.95381590145207	11.7386709213607	7.69878126718768	7.91099608140466	12.7450420556387	15.0978573976575	13.1053403237001	15.5353759207816	21.043696372073	24.1909628787281
28	11.1117913047357	7.38801732537222	5.30920803886983	3.19588751366502	3.59633188123677	3.32995990966859	1.32937805006702	0	1.32475695884189	3.10684228759685	3.58410058452605	3.07971135011059	5.27343284777573	7.45492287015768	7.20974319931022	7.52275182363475	10.7355434888039	13.1578636563843	12.9548060579848	14.0892460053759	16.5692156120922	18.3488491464724	18.8838391488595	20.408415445595	22.2650174713608	25.4798120872192	27.5213832864556	24.3505354766584	22.321224563182	26.7390097236229	27.5922449249785	24.6821123893398	19.3387539929541	19.4686632823109	14.9116343839299	14.9070305560833	10.7543402401077	12.0232938082707	11.6378509184471	12.9918896624009	13.2183410835097	13.9382435048323	14.1605305338465	11.5208596033456	7.51815895016859	11.7041005207577	12.3261003565605	6.88831133152386	8.51873470651599	11.6115374950951	12.9020138738106	10.6584488552509	11.5737652473169	15.6228141511061	15.4384536466578	13.8795528025942	17.5675449053076	19.9820405614642	18.4899858842564	19.474288690476	23.4412514384365	25.2517669282765	21.4851137767525	25.9964110984574	26.8730024373906	26.6421551117773	30.3638227830423	27.7456227358479	25.5151597682633	23.6226826165023	24.1700646461692	20.0133204641309	20.9133059557785	17.7764348506668	17.4340345588736	16.0729241583478	16.1184404332429	15.5717799881709	19.1353200391318	22.6553105474191	21.9147933825533	17.4898421662404	20.0963657162184	20.3441647899342	23.6119205910913	21.0297121235646	17.7697616472478	22.0669150539898	23.4514840468572	20.7717223407208	16.8890863577637	20.7612110677581	23.3609346131528	18.8262791331691	25.5204791882911	23.2526854578133	20.5547457780436	22.0569162395835	24.3158345733804	24.256181768778	21.1712621021988	22.887757295113	19.8601584585823	21.0318953496826	22.0220897282706	21.2739283161338	22.9611651707835	20.3512608454611	20.6139419810962	14.5338153972039	16.3126115015346	22.5250102108745	24.6250729339021	20.0773019601738	20.6933126637569	26.7440388311115	28.2384064883272	26.9264186070112	24.2150850917357	20.2875006099815	18.7661129166378	12.2357890632358	12.8359188997126	7.0320092434524	8.00357707528327	4.49299343422623	3.81369125651251	9.02641961134092	10.8433550619723	9.32174908480163	13.0155603029605	17.1227830973823	20.1616875533771
29	11.1986728678	6.89580843701448	7.01277391621889	5.27653873291953	3.12762178020297	3.47615779273611	3.18076688866066	1.32475695884189	0	1.33677410208307	3.52458068428004	3.23939160954646	3.5546063073145	6.28525743307305	7.49452500162619	5.68319074112421	7.6586916637243	11.2913950422435	11.369845997198	11.426655941263	14.080836267779	16.2632741168561	16.6687852586804	17.9281596936217	19.7710328764079	23.0998984846254	25.0805671985304	22.157630243327	19.4874938871062	23.3537638508229	23.5416902536755	20.8954934854384	15.6526722958094	15.8191643900681	10.9578695009568	11.5270013880454	6.15749145350605	9.17937018536675	8.01628548643323	8.04108102185272	8.5577379020393	9.31099747610319	9.1495667110525	6.84494923282854	4.09954216955992	6.23569771557281	7.631524487283	3.70796574957213	3.80557919376276	6.74549664591126	8.14434319021491	6.7724720006804	8.43094407525041	11.4629051291547	11.6867101872169	10.5221697382242	14.1723147721182	16.4804619777481	15.1085534714611	16.4913478527378	20.1260162227898	21.845409700896	18.3773822945489	22.9914761596553	23.8771282611624	23.6065833402464	27.0139058449533	24.1492639432344	21.4929970455495	19.7560430754744	19.8556426488794	15.701617368921	16.5921255419551	13.1338166197035	12.8400731306329	10.891609063862	11.8808249292715	11.6272914730818	15.5675334590936	18.9462423451195	18.257040943154	13.2008347463333	15.12988532673	15.1365508290363	18.2639878175605	16.0424911095503	12.2589794844432	16.5911946224496	18.4027708239819	16.3185562167736	11.7474711321203	15.5039644607436	18.4073594249691	14.2457995563605	20.8894994913713	18.4664076365708	15.7232537345169	17.3811802245993	19.6381918465016	19.4418956380287	16.2610755179355	18.1407151457709	14.8595809160286	15.9471516265445	16.7577144921376	16.8890808808532	18.5821797698763	17.1978681527682	18.3659363768908	12.9921033324093	16.965306864304	20.6985314696478	21.9749363139009	17.2202399809062	16.8427398602484	23.8607620582411	25.6300091494326	24.1386664710377	20.8801176720822	17.3044810670531	15.6694283877875	9.83494529725509	10.9864573908062	4.69044155703916	6.90906115184979	3.57868439513741	6.55309613846768	9.00853239989733	11.2798370998876	11.525403290124	12.8489319400486	17.9014532929592	20.4963708494943
30	13.9050060769494	9.31218792765696	7.36563276304215	6.93495645263905	5.32643849114959	3.27046189398378	3.03679370389231	3.10684228759685	1.33677410208307	0	1.32382551720383	3.10722528954693	3.07082822704234	4.27121961505142	6.8927983431985	7.12973835424554	7.64790925678384	11.0048482951834	12.403722747627	12.7173673769377	13.7474591106866	16.4766607357195	17.8667522790237	18.5371587359012	20.0156724843309	23.4780774553625	25.8184947082513	23.4478262531946	21.3409730331117	25.2194001911227	26.2200909609406	23.7962899209099	17.9754279503994	19.2583055589011	14.412029593364	15.2545527958049	10.7129352186971	14.0293544755274	13.5233114657616	13.6789938957513	14.2449256930319	14.2404411448522	13.6512754349182	10.9535496529664	7.60511446330691	11.1901870404386	10.8219836906179	4.50550285761756	7.46055708375722	10.241434176911	10.503027849149	7.4594405956479	10.2625274664675	13.6031358149509	12.1793650491313	10.4669992834623	14.6400248633669	16.9282375042412	14.1391100851503	16.5017753590333	20.1228096199313	21.631273494642	17.1012551001381	22.5596928613844	23.8284255040068	24.1534372916155	27.3340377185662	25.0935923494425	22.9040618668392	21.7705993945964	22.9911242874288	18.202386931389	20.2145556221254	16.733230769938	17.3269157093812	15.5316283112879	17.3512737572779	17.3088982029475	21.1871090052418	24.6199542850916	23.8822028715946	18.8408043352719	20.4704848501446	20.6578566409974	23.3754264560029	20.6767740714068	17.5296479713655	21.3318313559807	22.2698146377557	19.7085813035845	15.5645897472436	19.5085669386554	21.7540221798177	16.9422089763997	23.5557404680897	21.2556892619364	18.4517788031398	19.6361007330885	21.8443936285721	22.4807532569529	19.2024792670113	21.7590120409912	18.5071973837207	20.6540500870895	21.8596382632467	22.1389269387656	24.0149110970663	22.5447363923378	23.3435804665865	17.7182964474579	20.8377637235861	25.0956154537003	26.5455464438011	21.9554402142157	21.2649798024828	27.4682317596164	28.9888104274736	27.4621582910011	24.3278524535151	20.8204616183215	18.7690311151109	12.3154105899885	13.891765366576	7.72448166545821	10.6128437753507	6.86703291094487	9.4632734822576	13.129930921372	15.1541603528536	14.6354766919291	17.2746942664697	21.9798521378102	24.7772986421038
31	15.1389475525877	11.3477104298621	8.3952687270867	6.93462976661335	7.36714836283348	5.47891494732305	2.80964837657668	3.58410058452605	3.52458068428004	1.32382551720383	0	1.32747316357055	3.20211102243504	3.28803360688421	3.91451670069243	6.98899434825926	8.48698491809665	10.2384599427844	11.5279054905911	13.121102545137	13.7825643477547	15.9561792732471	17.4630290900519	18.8385112203698	19.7164243462145	23.4538561648186	25.9126344666072	23.3921303860935	21.8416453134831	26.196528491386	27.6189850284184	24.8618536316181	19.2213735981589	20.506455837126	16.0168969841227	16.9324969511292	13.1376083439871	16.069223596677	15.8276392743833	16.2242426633726	16.8920396636996	16.9503096136914	16.4393939365172	13.7201279148556	10.2406313281946	13.9956674010209	13.4254815556091	7.01598660203966	9.75199835931077	12.5421448723893	12.7375004219823	9.4155482580676	11.3861786829471	15.43850604819	14.2327913636082	12.2534813828561	16.3764916877822	18.8765961444324	16.3390175347234	17.3106228079755	21.5558210003702	23.2890038644851	18.5178420449036	23.3302081002292	24.5664088950746	25.1514703148742	28.7051916907029	26.7121555288973	24.86154015744	23.2780804406205	24.5554165918642	19.9326251407084	22.2159793617117	19.0405811886087	19.6701615651728	18.1489957297918	19.7536218704318	19.7381270894682	23.5407514748361	27.0292703009164	26.376033022424	21.4385912783466	23.2390745512811	23.3176551351117	26.1819583301173	23.462635273984	20.3187013856693	24.1420213942412	24.9996885580601	22.3628428648953	18.2776162012446	22.2530583965441	24.4000564958362	19.4964438039351	26.0259215590918	23.6329539837914	20.7212050083966	21.5940354033238	23.8050195967153	24.4671046713746	21.2928348981529	24.1143547498165	21.0972590399796	23.1950600990814	24.4837260440481	24.6504387587726	26.504399238617	24.7383652451006	25.1202979480738	19.3870972814395	21.5633238857093	26.2342190850042	27.989145110203	23.6710314730896	23.1542746377424	28.3924187768496	29.5383430476389	27.974273788608	25.2883302928446	21.9550335458637	19.3071509291247	12.4363802209485	14.22401395528	9.17887079111587	11.8445327050078	8.43246257032902	8.98112531924591	14.6923772753084	16.2622672466049	15.0743471168738	18.9073851708797	23.058041503996	25.8739462780613
32	16.8942315895101	12.516951505858	10.9306896854682	9.16618382970798	7.49956718751155	7.16775585521717	4.85164394818911	3.07971135011059	3.23939160954646	3.10722528954693	1.32747316357055	0	1.32329361821177	3.46688736476973	3.64383493039957	2.59474661576039	5.4089278974673	7.49991366616976	7.66830626670584	9.18445316826211	11.044414199042	12.6999170076028	13.7188525030339	15.0540888133424	16.7502445952291	20.0550969581301	22.2039577102822	19.30224880681	17.5979540572193	22.0485551000513	23.5858968453608	20.6348075348427	15.2383406905083	16.2656917467411	11.899086435521	12.297514952217	9.34016520196511	11.716001194947	12.5048473001473	13.0307060821738	14.3874235010998	15.9927572044348	15.520793600844	13.2148363970198	10.1637903362869	11.8691685471224	11.5867465666597	8.07369029626478	6.58271942285253	9.57942320810601	11.1077065139479	8.39294811136111	7.55346073002302	12.3394335769516	12.5361036211416	9.61214466183276	13.1922101635776	15.8619462235881	14.8982234175757	14.2716922962906	18.6853621318935	20.7142143466751	17.1725120177567	20.784040151039	21.6000203009164	21.5913442379116	25.5472311415543	23.2562708962551	21.5972789721298	19.4790333692409	20.7594515341808	16.3998922252556	18.0947344827162	15.6928233916017	15.3945391291847	14.855053180652	15.8772503286936	16.6436222619957	19.9725185943085	23.5326688244236	23.9507563346129	19.0096349780841	21.3176713784597	20.0369102907609	24.235563991787	22.2891659332511	18.020171281095	21.8360147920815	24.0819602815053	22.1348616891997	17.6678920361202	20.6715323815144	23.4883427682755	18.7501617593022	24.941869296426	22.1393917034773	19.2004795252619	19.5068497969303	21.6278496619521	21.6822410972667	19.0157496039467	20.6716724529004	18.6615165514489	19.4412192518885	20.8995077932472	20.4956568082118	22.5121153159804	20.4995009695358	20.6950647739987	15.1888908745833	17.5561200155387	21.6917609243694	23.3421913924122	19.0439139884636	18.4864227204725	23.8313404364924	25.115933846863	23.6579547087232	20.9839332347394	17.3696149928546	14.9784574973527	8.04921219747622	9.72041305706707	4.56142631202128	7.53772604967838	4.83271290270796	8.52451441432297	11.346229726213	12.3979864090908	13.2484079420887	16.2527296476623	19.6469829490433	22.0869491555534
33	18.7938556182599	14.1934718444784	12.6488901094128	11.3202336548324	9.61786961857978	8.29752842718842	6.86488419421624	5.27343284777573	3.5546063073145	3.07082822704234	3.20211102243504	1.32329361821177	0	1.35311122972208	3.30116706635699	2.96852690740711	2.80866338317713	5.10611026124583	6.55500518687819	7.42097176924963	8.07039119250114	10.476072403339	11.9399899916206	12.9417236487262	14.1677753723017	17.6389143940323	20.0384966252461	17.7931128811122	16.091959047922	20.2652542791844	21.8036802856765	19.3378211026992	13.6458263949092	16.1259564057454	11.8038887659957	14.4754265567547	11.9281587011575	15.1128239584798	15.8018988099532	15.9896396769909	17.1725889428473	18.1458820397356	16.7567398082085	14.3871979203735	12.0390033225346	13.4812131130696	10.9384472846926	7.42604834350006	7.66211485165813	9.61381953231909	7.75556509868881	3.49649796224737	6.42767920792567	9.31770196990652	6.488552535042	5.03845452495108	9.1855591555441	10.999377073271	6.88355162688565	10.9750728926964	13.8029619285138	14.8750710250405	10.12975907907	16.4109527755094	17.8771708332163	18.5309317628661	20.9937118680809	19.2835761724842	17.0468458666112	17.0103455873183	18.887894588863	13.654571102748	18.1704206335462	15.2238605156511	17.5355567063039	16.4179869046117	19.0033853299879	19.8493035142294	23.2820771195355	26.8002224990764	27.02745531862	21.8422122048111	23.57701609619	22.7509971210055	25.7920095766111	23.1928627814679	19.5586049349129	23.1221396285032	23.5780649121169	21.4052309961841	17.3110394257537	20.3929312753218	21.9413864192762	16.2653986425172	22.1141904667569	19.0511112799228	15.8350335017012	14.955545927849	16.9615084824434	18.4942173124466	15.7754391697981	20.029548097748	18.0819339120571	21.0822460615562	22.9574987531307	22.9251767714013	25.4174781597231	23.8429902487083	24.1204595727362	18.7576996990569	21.514918684485	24.9008573346381	26.1748072199205	22.2041169155632	20.7417755025938	24.9220508987523	25.6380180786269	23.6728701470692	20.8700877813199	17.9511557845171	14.4790206851154	7.98179403392496	11.5749643627961	7.59450551385671	10.8619414470895	8.33504277133597	11.8095296265347	14.9435555675348	16.285429899146	16.9456862062296	19.7889259183009	23.5494588260537	25.9783709073529
34	21.1067970568725	16.5596657574964	14.5466457302019	13.3014886760843	12.1344610510727	10.4900534317038	8.41232987940915	7.45492287015768	6.28525743307305	4.27121961505142	3.28803360688421	3.46688736476973	1.35311122972208	0	1.33476215109659	3.10503043463345	3.01288914499024	3.07642015986113	4.9589293199238	6.97089614038253	6.93480360212169	8.84562581166534	10.7401702034931	12.2421136246973	12.4981048963433	16.3947322637486	19.0513335491246	17.0764029291886	16.1049158644185	20.3009292890744	22.649061216748	19.9865954579563	14.7627218018901	17.3946116656854	13.6292313429628	16.1931928908415	14.1452197579253	17.1570529520661	18.3743504374985	18.4976970188183	19.8017586340204	20.875849228235	19.8263789936539	17.4132433796809	14.6447551020835	16.118459169536	14.3110673955509	10.4647544643914	10.2732151247796	12.3806805547999	12.1735963872637	8.21122390390129	8.56075423079065	12.7204669725604	11.8629849953542	8.35831693584301	11.6973552993828	14.4133770505042	12.6636844559551	11.055163906519	15.8980550382743	17.9497179922137	13.8810461061117	16.8925568520577	17.961801162467	18.8234096273762	22.7056180492846	21.1961257780756	20.3597452587207	18.4435442635086	20.7864736788133	16.1774952634825	19.9479397181764	18.1676173726771	19.4822807956358	18.9158228739857	21.2403306471439	22.422612604244	25.6963600729753	29.202903143352	29.6585691664315	24.3975298339811	26.2687860587428	25.0224069985283	28.9653160348718	26.4935341734545	22.669868680696	25.9585769255558	27.3863016305598	25.2924203270466	20.9253385874638	23.9691217402724	26.1798015653289	20.7716555671425	26.8845737552225	23.6472779194562	20.4222278412518	19.6044650016265	21.6414983076496	22.3606093611064	19.8922711373036	23.0965372729334	21.4544526380889	23.3502290781054	25.2373867109889	24.8116903092071	27.4634800052725	25.977921279425	25.9546877846758	20.9170176172417	23.2902290671432	25.8347574016092	27.3002477644435	23.6734602033585	22.2627417448975	25.6087230450876	25.9818667920533	23.8752632865064	21.6715288108615	18.4101952732718	15.2599089446825	9.01538113448344	12.6095873842089	9.76701510186198	12.7454083496764	10.9612627922151	13.9106457434585	17.4289475012119	17.7799240999505	19.1904261026169	22.3564382002143	25.8092069812306	28.0402155662185
35	21.4638431321141	17.2514474755019	15.5614374014742	13.4177491778614	12.2886602605817	11.862648481684	9.42155613473698	7.20974319931022	7.49452500162619	6.8927983431985	3.91451670069243	3.64383493039957	3.30116706635699	1.33476215109659	0	1.33414466981658	3.37993283956945	3.72171640510128	3.20611977318378	5.51379841851332	7.287071085148	7.76774909481505	9.13296096564526	11.0688963316132	12.383484566147	15.6893205079124	17.9091533579899	15.0959034509366	14.2724176998853	18.8094285399637	21.3474763379656	18.1974132777162	13.331689502835	15.0035580780027	12.1974979811435	13.7340911967265	13.3885536186699	15.1784400384229	17.2100550551124	17.854122353115	19.6192149180338	21.5435750050914	20.8994716201152	18.6266863934517	15.2677602155653	16.083612280828	15.0944069774205	12.5161875984662	10.4986677726272	12.3746984205677	13.3046802667332	9.3533780528748	7.59535555454779	12.5712316818997	13.303913484385	9.35679186473655	11.8408137389286	14.9780628253456	14.5608630238733	11.5708629323832	16.6279147820766	18.9970235563364	15.8510770611968	17.7842027934906	18.3027342492864	18.2998920488619	22.9361343517167	21.0950470964158	20.3702489675507	17.6628950345067	19.5533254460718	15.606362836997	18.0548436437428	17.5263145298719	17.6615862254782	18.1997870591939	19.6677647433561	21.3381203717666	24.016157186361	27.5256320363402	28.8090906833242	23.9048337371336	26.3642585899926	24.013321844343	28.8973276619137	27.2382066957427	22.6734629247497	25.4220861850478	28.3727384825646	26.8119320452667	22.2767625340847	24.3345645533262	27.2259750238628	21.8625808403308	27.3957140078517	24.2728940796107	21.1044814198312	19.9506918677022	21.6458999581907	21.7035496405542	19.8429214834913	21.8261225369968	21.3643279791338	21.9467902892428	23.9525936382681	22.5163410215781	25.6288812670393	23.5053734494902	22.7948154412358	17.9186065585469	19.31963056065	22.3940880814558	24.0362995488074	20.8411044572978	19.3618833278171	22.4803179692815	22.8418635404382	20.6635041800756	19.013420128951	15.438527455687	12.7172331503358	6.54426901953152	9.59815008217729	8.3212870398755	10.5584650873126	9.83173357043406	12.197625547622	15.2448791402228	13.8914403140927	16.7118239878237	19.2472384772465	22.3089175443364	24.1567220872369
36	20.358023725303	15.8285976005457	15.2299302033857	13.5971798914334	11.0495824807999	10.7256653406677	10.1946343730415	7.52275182363475	5.68319074112421	7.12973835424554	6.98899434825926	2.59474661576039	2.96852690740711	3.10503043463345	1.33414466981658	0	1.32882241100909	3.34685210309628	3.28853052289317	2.94160993335283	4.79043390519064	6.79173865810516	7.63317902318556	8.61971646865488	10.3763724875315	13.6971670793635	15.7872177409447	13.2262194522849	11.5941030269702	15.9072970676982	17.9410639037934	15.1401340152589	9.91687677648563	11.6249360428348	7.75850462395944	9.83627866624365	9.24764975547842	11.4447299662334	14.2446752858744	13.9795622964383	15.8471866588363	18.078930775906	16.9744090324229	15.0944983354863	11.3503211408312	11.700183331897	10.7346484805046	9.04180485301469	6.17058384595818	7.79522886129714	8.9132966965091	6.18729351170607	3.33733126914306	8.61519436809176	9.66509953388996	6.00288672223623	7.8985323953251	11.0148200166866	11.6679863301257	8.37794992823424	13.1248901709691	15.4987876300051	13.497973588654	15.0697931969885	15.4881902428915	15.2601020311137	19.5547378657961	17.4141971391161	16.4059874740901	13.9089943202232	15.9270144722732	11.6495216639998	13.9280243394388	12.8010926486765	13.2623930344414	13.5829057642317	15.4812292793563	18.0369494649178	20.720092301918	24.0775362942308	25.2592486230291	19.9318948923578	22.187333526136	19.725459132806	24.5229562247295	22.9355906398767	18.3482302961348	20.7753983836652	23.9232689446907	22.638299980343	18.1027187184688	19.6808086724098	22.7487717031052	17.4767224902154	22.784632759823	19.788828186631	16.7065301603894	16.0290612950353	17.6025755785908	17.52879123043	15.4530376625439	17.2382632535879	16.6079882586664	17.3422072989571	19.4219069609552	18.4293297219405	21.533969118581	20.4244200407258	20.4929879227018	16.0977785734554	19.3791419056676	20.4036665822592	21.4960402167469	17.8056607291052	16.0220346710398	20.1769544034773	21.0280502900293	19.1477167568355	16.3218220796577	13.4339595801089	10.1031048692964	3.3598958317186	7.02264451613493	4.80815203586576	7.63087635858425	7.83281207485537	11.5513778398943	13.8033432906669	13.8048428459001	16.4566907365971	18.8241606452984	22.0769031795676	24.0192163485822
37	22.5291730207746	17.894416810838	16.9778392912644	16.3277008791808	13.8800637606605	12.1994005590439	12.1020583786396	10.7355434888039	7.6586916637243	7.64790925678384	8.48698491809665	5.4089278974673	2.80866338317713	3.01288914499024	3.37993283956945	1.32882241100909	0	1.3299541345475	3.14797982839789	3.34531089736066	2.36513530268354	4.58189589580558	6.55621887981175	7.44829013935413	8.04669509798899	11.6074791406231	14.2370178759458	12.739489039989	11.7114136209085	15.5570200874075	17.9548880252704	15.7503860270153	10.7784667276937	14.5173967707713	9.69696168910654	13.6332493925696	12.4579151546316	15.6979967511782	17.9105358378805	17.0758777812445	18.6516929258446	19.8053604107575	18.172077371616	16.1532976509442	13.1873243684987	13.8230742600913	11.2544146893563	8.80234315395622	7.02174543827957	9.24954761055912	8.08281120650483	3.66121113840762	4.70475822970745	7.77624510930564	6.67925272766348	2.44524456854524	6.17496728736274	8.74763819553598	7.64172473987385	6.23949829713896	10.9677982293622	12.8112091544865	9.49305646248878	12.3712423385851	13.1032757354793	13.7672854986014	17.8171242629107	16.3189976407866	14.9629166608653	13.878655446404	16.4851096447673	11.2137253845455	16.3051018396084	14.0139866205159	16.7070764947073	16.0660597222841	19.1027805829413	21.5758366697563	24.6391843412074	27.9382465448353	28.5226285079058	22.8953392200247	24.4014174383375	22.8274110665226	26.4335829013019	24.1608517440921	20.0386045921366	22.9185474234298	24.4020622284265	22.7146551371576	18.3967721897076	20.5128465601437	22.7836752522502	16.9948628414589	22.7040660675571	19.3326951302709	16.0553240390844	14.3734614133131	16.0486039579772	17.3507111957983	15.1323104316558	18.8236211447213	17.6420722705696	20.1396978626791	22.2201089556285	22.0317555360439	25.21943912937	24.7039031329059	24.6542106748523	20.2290677244405	23.1712927131828	24.2926459242298	25.4166339431483	21.9404769774953	20.031172132454	23.3036307471604	23.3358419175311	21.035177489149	18.5661616119218	15.5841274699612	12.1918422315908	6.66289501643242	10.8547072738052	8.91173709217232	11.75229569063	12.1133878828344	15.8436610352532	18.0578947554802	17.421314560044	20.6681938011041	23.0275010802301	26.1381603981612	27.9018216788797
