145	146	147	148	149	150	151	152	153	154	155	156	157	158	159	160	161	162	163	164	165	166	167	168	169	170	171	172	173	174	175	176	177	178	179	180	181	182	183	184	185	186	187	188	189	190	191	192	193	194	195	196	197	198	199	200	201	202	203	204	205	206	207	208	209	210	211	212	213	214	215	216	217	218	219	220	221	222	223	224	225	226	227	228	229	230	231	232	233	234	235	236	237	238	239	240	241	242	243	244	245	246	247	248	249	250
145	0	1.34102386257665	3.27197279939794	6.49098220610718	9.60408845232071	12.6279677303991	16.618833593246	18.7417703806231	21.5616313390244	19.6835211788948	23.3881550576355	23.7589372868401	23.7140382263334	23.717312200163	19.9410501729473	17.9058416724822	17.6883923803154	15.8015726116105	13.1978460742653	13.3690615227846	14.0171735381995	15.0028216346126	11.079987725625	12.8827656192294	12.3129141148633	11.0709720440438	11.593734083547	13.5951090102286	12.6163998034305	14.9040404588823	16.6812376938883	19.9832722295424	21.4015435658272	23.0681708637681	26.042770455541	25.2255532942292	25.0639473946144	31.3147143368736	30.9278270979388	27.1658224981317	30.8146232980382	28.9911574622332	28.9417008138775	25.7561999914584	29.5550073929952	30.1382966671974	29.909959779311	26.7307280297414	25.648836172427	27.2145078404883	25.7910694233489	21.2235754292249	22.3823276046081	25.0351566801568	22.6564329496062	18.366769721429	21.9695423939599	22.8106515908687	18.7188699178129	16.2490362483441	16.7010197892225	20.8140991397658	15.9214072556417	17.0402740001445	15.8443931092358	17.8708665990209	16.6971498765508	18.869931054458	18.3858796362861	22.3142286669291	24.6143368588309	27.26622742515	29.5018206556816	28.9593763054386	23.8485536878025	28.4434205221524	26.2353515890296	30.8622225382424	31.9821430957964	27.2154409481089	27.1826730657601	26.5883682086735	22.007842465812	22.4725881242014	24.9936801811978	21.2319425630346	25.806639727016	23.6582909568718	26.6811785534298	26.7583162960602	21.2342329741387	22.6726131489072	20.7702070764834	20.8042273588807	19.6261549214307	20.6793259077756	22.2694339622721	21.0393743490628	23.6746974637481	25.9699059297488	24.5438676047603	26.0284994573256	29.5838714336038	31.2125014377252	32.0970351590299	33.673920086619
146	1.34102386257665	0	1.32525469250254	4.6154681236035	8.08134920666098	10.3030979321755	15.0429231866682	16.6689766032591	19.4860149594523	18.3599892701494	21.691103545002	21.1603134428581	20.8701334926253	21.0771903962554	17.4182254262597	15.0985240007095	14.9265339580225	13.2722626179563	10.5615729889065	10.4616202855963	11.0537266114193	12.0342367020098	8.32966193791801	11.8027898820575	11.107859244697	11.6714632330312	11.6957261424847	13.8671885038028	13.8318575397522	16.0429222400409	17.9705223908488	21.0467792547934	21.5944801048787	24.3928997456227	26.2742407882702	24.8775231886134	26.676475085738	31.8265279601781	31.8408253818898	28.0206913547828	32.4730293782394	30.4074042792212	29.934869533706	26.2889892160197	29.7851223599971	30.1077735144929	29.3659206904875	26.2464659906815	25.4016978369557	26.5179114750766	24.6153225857392	20.4704230049113	22.425242585087	23.4748475181416	20.7473172723608	17.0705852858067	20.6232613570211	20.8617717847742	16.7776649448009	14.9619799826093	15.9398321509356	20.307612685887	16.3562823098649	16.773387672143	16.4232149410522	18.3591684179867	17.9370373529187	20.1644443017902	20.4527628940444	24.1369879023875	26.8319707438719	29.3041016583003	31.7574578642561	30.6051307463307	25.4182884750331	29.0623746276866	26.9836680419842	31.4234870757527	32.1733232507927	27.3891272223121	27.9262431952456	27.8864859743927	23.1337316920552	24.9788192274975	27.3300231613513	24.3386678559037	28.7118612075219	27.1059160147743	30.0293429332045	29.4652943477577	23.868307732221	24.8823242282549	23.1066851365573	22.2878579500139	21.4949419399076	21.2046230808284	22.5163817031067	20.4626374888478	23.3294305545592	25.7627367335072	24.2256768945679	24.8433635806426	28.8589917530048	30.5767002961405	31.0518767548759	32.6517179639908
147	3.27197279939794	1.32525469250254	0	1.31279434794639	4.52229963624703	7.23994765174445	11.5541637949269	13.7790843672575	16.7296230979661	16.9756661135874	19.7801499235976	19.0321772007303	19.1047708701256	18.6808982921058	14.8693890594066	13.2213282615628	12.9959445212728	10.6506328450473	8.33916458645589	9.39236077884575	9.48956695534627	12.0356840686352	8.80012397639942	12.5692993440366	11.4799425956753	13.50754592811	12.4839949935908	14.2655146419609	13.3172467499855	15.3187277866016	16.8552176194791	19.7581223045106	19.9768212936893	22.3601240604787	24.1492641916892	23.0232419524271	25.0701406657402	30.1685773612214	29.9580794611404	25.5527995726496	30.8154330652678	28.8821511837328	28.5959522660114	24.9512602086548	28.8790008829945	29.4952333437117	28.3651592274748	25.2216865613702	24.8760460483574	25.9145607525962	23.5695307971966	19.4797071846576	22.1624905188925	22.8265228626701	19.8365686044739	16.3389602484369	20.3810931257379	20.337780606546	16.5597848114038	15.283059903043	16.7263252389758	21.2632543134864	17.9429265728866	17.6966747441433	17.2914518765776	18.8946468080247	17.88175721231	20.1133257816802	19.704527753793	23.2696460007453	25.4158239095253	28.3140118316003	31.1624854592826	30.1903394813639	24.9299647211945	28.7682828302282	27.0411528045681	31.535350338945	32.4474926612211	27.7957743011415	28.6232906913234	28.7514059656219	24.290007554548	26.2158573386414	27.8618249940667	24.6500927584462	28.7237779200439	27.031462428067	29.4789972183587	28.5130626380261	22.6211603592742	24.3790217400125	23.0561338042613	22.5327285076619	22.2497464479935	21.9768229960565	23.3340658694536	21.0881884001448	24.0830847484287	26.4967651799234	24.506453721418	25.0512260378609	29.2647540567147	30.8812920066502	30.7217333495361	32.0146616724275
148	6.49098220610718	4.6154681236035	1.31279434794639	0	1.3210836461027	4.18383245362431	8.07707044664091	10.1340998613592	13.00825480224	13.3475265124292	16.0633776336112	15.7267506179757	16.1680982802555	15.50409703917	11.7721821681454	10.2459434411869	9.91818622531358	7.39848511521109	5.31235973932489	6.94461669208604	6.75759343257642	9.56036782765182	7.45386812333033	11.1514324192007	10.1830347637627	13.4460177747912	11.5981879619189	12.4262677019288	11.7003287560649	12.6527349217472	14.8780372697476	17.3191733347755	16.5456704910983	19.4224830544398	20.8554119834637	19.1303559297782	22.9599806837898	26.8644795966719	27.0568850572271	23.0346726914015	28.5831009339435	26.4262173040335	25.6578945745749	21.7916198112944	25.4609289696979	26.0192091347912	24.7745510151042	21.607195213632	21.5156199306457	22.632935315597	20.1587185108578	15.9596930421609	19.2567810913455	19.930788845402	16.9270076209589	13.2206846267506	17.7274493089107	17.9129465471206	14.3232248114731	13.4627683260168	15.40267915007	20.023533978796	17.9598730786161	16.6613180150911	16.1518324347425	16.8105632862198	16.1037402177258	17.6039912803887	18.3626412588168	21.4476661900543	23.7652257300451	26.5034543786277	29.3735220904814	28.0744558985566	22.8891089603768	25.8853340909481	24.4987216197091	28.8065029810979	29.8961852248744	25.5180393055579	26.805515421271	27.0443346747521	23.3716152629637	25.2012545322649	26.8228037311538	24.5124262569008	28.0802207612405	27.013752590116	29.2026773601326	27.2867080828743	21.7763812879918	22.9820273474731	22.0120704614536	20.8842515307588	21.3006687453704	20.4493430212318	21.7402619349446	19.4132179970246	22.5275747474068	24.8106619419958	22.1119256737173	22.9356299673674	27.0498866725907	28.3251674311027	27.8205054950481	28.9829423972101
149	9.60408845232071	8.08134920666098	4.52229963624703	1.3210836461027	0	1.33518949965913	4.70097457980789	7.46750540676068	10.8707678661629	12.3885208156583	15.0514343502538	14.4559304785268	15.5417111348783	14.4508662024115	10.4357458765533	10.5313249878636	11.1423448609348	7.85436712918361	6.62559619958838	8.89241390174794	9.1404831929171	12.1221490256472	10.4369985148988	13.733617622462	11.8815947161987	15.4008749751435	13.7078384145714	13.9861293430313	12.5610726054744	12.1459256131429	13.7274087139562	15.7148874956202	14.1596137306072	16.3857012666532	17.6452163772508	17.1926941751431	20.4978930868516	24.4178943809658	24.0582365729494	18.9295766989122	25.424538166897	24.0421896881295	23.7767154586162	20.1475478905002	24.4276578083123	25.6561478597236	24.2384443601482	21.0334893443765	21.6095218364498	22.9446566328633	20.0584204014175	15.9216842387984	19.9583603284438	20.3138123699122	16.51425366161	13.9031359412184	18.6225932673191	18.429852820899	15.1867788223836	15.058441619238	17.3243006496655	21.9065777564639	20.0732687173764	18.4987165500745	18.0750618256204	18.0764726924254	17.1297460868514	18.1900645958171	17.7720878345793	20.4585055905851	21.6211151655043	25.011468489475	28.2557801874236	27.6549956789004	22.5725997838087	25.9935957881937	25.1901755849379	29.4408423962359	30.59973150209	26.6922762049249	28.2295894054448	28.4874641377572	25.2724747304256	26.5617929741198	27.7639665393834	25.1413551544065	28.1111261247215	26.096362677584	28.0140525451067	25.6346983598403	19.6067276718987	22.4982053728736	22.3395887607628	21.9634027873643	23.0514894529616	22.1137121488003	23.3434751911535	20.9674824907522	24.0908296868331	26.3000600949884	23.2530047520745	23.8006189205239	28.1696465366536	29.2207295767919	28.2390632103829	29.0277924238134
150	12.6279677303991	10.3030979321755	7.23994765174445	4.18383245362431	1.33518949965913	0	1.32220006050522	3.68070400874615	7.04660748161837	8.67934853546048	11.3927676619863	11.3241835467287	12.4540284245701	10.5257985445286	7.10517339689891	7.51347715774794	7.09799675964987	3.53619201967314	3.92105419498379	5.67487074742677	4.53841392999801	7.98564731252264	8.38802849303697	11.6172101211952	11.116747860773	15.2398751963394	14.3901022234034	13.2123804062705	12.9788545334324	11.7059337517346	13.7838561368	15.2290902223344	12.8587693812433	16.052792467356	16.6929444077431	14.2713941155025	19.3561471631107	22.8653002167039	23.4133519812948	19.5896242434611	25.4138959036193	23.7786523798133	22.5596989784882	18.6196621344212	22.1178074410643	22.8458431667557	21.0030827737263	18.0031371988329	18.8599213943219	19.8124537349618	16.7883778251504	13.0982487379039	17.0933441432623	17.546862825018	13.4171510016098	11.6934526124665	16.5186105045188	16.0118642887079	12.9456631348108	14.1171065378143	15.7008191187594	20.1428786671617	19.2184522269615	17.9464665045797	17.9986150856114	16.6998012563024	16.6358279926188	16.7971898542584	18.356893582521	20.5860244583552	22.359927414909	25.1555815078881	28.1347635142007	26.7623329700533	21.9532574576075	23.8329201106369	23.2876289261058	27.1437324257369	27.7690749035685	24.4452824487671	26.7743968186027	27.1625582373973	24.8885829648857	25.9683662558891	26.7592089756031	26.1276170555219	28.813769000254	27.6616707557588	29.519615241395	26.5505801066568	21.7529322161404	22.8081479519929	22.68022729163	21.2056097766605	22.4755631075175	21.0363324987984	22.3049583052737	19.9675692311308	23.0077476081428	24.9754683239374	21.091053506167	21.6483235840561	26.1676724796074	26.7578003580264	25.3655870028667	25.9430828160417
151	16.618833593246	15.0429231866682	11.5541637949269	8.07707044664091	4.70097457980789	1.32220006050522	0	1.31689976839545	4.68863690212838	7.34715196521754	9.88435217907577	9.04097478151555	10.9967037788603	9.2743315122978	5.89350583269415	7.83651619024679	9.27423258280706	6.87749903671386	4.79851487441688	8.92355769858636	10.7651936350444	13.5661308780359	14.578283918212	16.5029382535353	14.1740428601017	18.5743366234167	16.4469508724262	14.5181271863832	15.06193732559	13.1771810338934	14.9577232224694	15.9407772081539	12.8427857569921	15.7072955660737	15.4309676948661	12.9368582739396	18.3620186526427	21.6631832840882	22.3533380728696	18.4655776243258	24.533630571116	23.6763833597955	22.2820056996672	18.5766234283844	21.4355369888417	22.1191197157572	19.8811046222286	17.1679153655882	18.4214155265007	19.0034845752036	15.7044302348095	12.8679058513808	16.6809468855938	16.6641301603174	12.1106938694693	11.9088199667305	16.277584894572	14.7403519632334	12.9249640618456	15.3676063848603	18.2857513107884	22.1394864664924	22.7860587640777	19.5202224628717	19.4498535212993	17.5061429504046	18.0865945384973	17.6234107368579	19.4671516406484	21.2937666700845	23.3053666351765	25.8081340278603	28.8713141543644	27.2697834791551	22.713408506871	23.7415936280613	23.5304986347506	26.7367245002076	27.1188864446902	24.1805682935699	27.2037187899008	27.7966323679686	26.0092826698469	27.1227608292371	27.3973714432608	27.8337894293968	30.3022491739475	29.2174641096725	30.8941738520388	27.6646412953431	23.1371414829058	24.0928910676988	24.184750009045	22.3346911104676	23.607860555332	21.5491838824583	22.8415776162681	20.3919235483071	23.2885536906009	25.0191503053161	20.7315914729188	20.8463755602743	25.7051453798651	26.1881862869501	24.2708150048572	24.4493585396427
152	18.7417703806231	16.6689766032591	13.7790843672575	10.1340998613592	7.46750540676068	3.68070400874615	1.31689976839545	0	1.32764151788048	3.40351832667314	6.07908488178936	6.49226555217822	8.58114287260153	7.62202637098561	4.22490733626194	5.11521162807562	7.48005354258912	6.79136164550232	3.27136210163289	7.73840364674782	10.0943850233682	12.7676687770321	12.9475777271272	14.8699334901001	12.1264219784733	16.5475292717674	14.6573203894846	11.7395622575972	12.7265078085074	10.1654141578196	11.8755593552472	12.2751222397172	9.38080199130117	13.2740140876827	13.3583706716051	9.3473766373245	15.2880409143879	18.5963628164219	19.8601624615712	17.45507298753	22.3174869777043	20.5073138416517	18.5791953539436	14.6138240033196	17.365004635761	17.9567363961272	15.8101776081105	13.0108586572908	14.3462728609211	15.1226380304496	11.9336756282379	8.89047276583197	12.8184240060937	13.4007488223606	8.88432968771421	8.89489449066148	13.2766680307975	11.9090206566283	10.2393361601229	12.7782645926589	15.8637757800594	19.5071059360429	20.4963458450525	16.9766164178849	16.9670320622082	14.2342817170379	14.9699414494513	13.983547511272	15.9609613745539	17.4107327243858	19.8076576101264	21.9489333909418	25.057449710615	23.2639208432285	18.7138700166481	19.6191950140672	19.5875738926494	22.696242023736	23.2181488710879	20.4720164615018	23.6641915348909	24.1851211698432	23.0587868284522	23.6743580694388	23.5038991871562	24.6726670427013	26.9162306053429	26.2624840218895	27.8668228185418	24.3673083043655	20.6509202216269	20.6134539803498	20.8877497112542	18.8778987707848	20.2934971111438	18.1106181838169	19.9175383268114	17.5366143824856	20.3665161723845	21.8215159189274	17.3503852983154	17.8796927546309	22.6580745430851	22.6600676521497	20.8662863490368	20.8988907121885
153	21.5616313390244	19.4860149594523	16.7296230979661	13.00825480224	10.8707678661629	7.04660748161837	4.68863690212838	1.32764151788048	0	1.33008608743946	3.0453605697848	2.9949828046251	5.14181786919763	6.50560911829169	3.98321553521775	4.16071892826228	8.54922973138516	9.57266013185468	6.42071257727676	10.6463865700997	13.1532952905346	15.4017400964956	14.7240467603169	16.3522129389266	13.4795598592832	17.4366243579427	15.280088154196	11.6738385289501	13.7184580401735	11.0036508032562	12.4866849083334	11.2203507075314	8.53968922151152	12.4614230327038	10.8332403739601	5.9151305987273	12.6089118087169	15.4279439978242	17.4143537634906	16.5220837366235	20.3706306971581	18.5943070051024	15.9416003588096	11.6948533124619	13.8388516864659	14.2869396303057	11.6938738662601	9.42435658281243	11.4132916811935	11.8901704781723	8.79756153715335	7.28549284537429	10.5386033704661	10.1169039730542	5.39246455713897	7.73370978250412	10.8917889256081	9.38706242655283	9.50379276920535	12.3917094058891	15.90843254378	18.7134274252474	19.9485231032275	16.4938536734142	16.6362593451773	13.3011485970197	14.925162009171	13.2960001880265	15.5999555768598	15.5956106004222	18.8719168607749	20.2400297183576	23.3528710012281	21.0175464552835	16.8345685124389	16.9052644167431	17.6061767854353	19.4653406340603	19.9822712172566	17.9121289912729	21.8471596780909	22.7040791048657	22.0398428533418	22.8452213821622	21.8259226380009	24.3365962698155	26.5098081094526	26.268930031503	27.5285359944912	23.5969653557401	21.1366265520305	20.1553530606636	20.5639018427924	18.1767190108666	19.4829181335856	16.5847043989334	18.1204480628929	15.9764891011761	18.4427470025482	19.2395432897977	14.5796664227958	15.0567506786823	19.6102327880115	19.6015236397582	17.3111343649109	17.0177983299838
154	19.6835211788948	18.3599892701494	16.9756661135874	13.3475265124292	12.3885208156583	8.67934853546048	7.34715196521754	3.40351832667314	1.33008608743946	0	1.33085949671631	3.20869272445961	4.81975580294272	7.1543270123751	5.96835974116842	4.12223264748607	9.3771248258728	11.0101771557046	7.44195606006915	9.6142403756095	13.5342570169182	15.6682410946475	13.5286252812324	13.9773326139146	10.820403458282	13.8625488998236	11.2267139448727	6.99137554419729	9.73881558506988	7.02607956117777	9.04369023131598	7.42163304131914	6.40948804507817	10.8862342892297	10.7210964924302	5.93970849453069	11.598241504642	14.650011092146	16.5335185607904	16.0864906676379	19.1746353550726	16.5235163933105	13.9896978166078	9.65435844580053	12.001336467244	12.4399855707312	10.5104057961622	7.57500165016484	8.72767208366584	8.7607719408737	5.41933335383606	3.15140730468151	6.84037879068111	6.72831576250699	2.65861185583756	3.52814257081541	7.6525606825428	7.31612370043044	8.03644884261699	8.79363434536597	13.2483566150674	15.916625301866	16.0740578884114	12.651820422374	11.9151663437822	8.38064663376282	10.1871594176198	8.6168696752359	11.818778151738	12.680169438931	15.7508317558153	17.026890673285	20.2030731573194	17.9116225395691	13.2935804808186	13.9470651393044	13.7070965926413	16.7416251899271	16.866434863361	14.1867775058327	17.4597149174893	18.0792305699109	17.244696981971	18.0154997155227	17.9883815002907	20.1584194816955	22.317621826709	22.5080875686941	24.0297281507719	20.3622080089562	17.695688599204	16.2114695817498	16.1628079553028	13.4006673714409	14.5697794423938	11.9516205177373	14.0030849815317	12.4241945010532	15.0266432046549	15.6380045082485	10.9363724333071	12.0459307652003	16.2351442555956	16.0292181343945	14.1076313391015	14.4563478790461
155	23.3881550576355	21.691103545002	19.7801499235976	16.0633776336112	15.0514343502538	11.3927676619863	9.88435217907577	6.07908488178936	3.0453605697848	1.33085949671631	0	1.3292889076495	3.32757659566238	6.40935792416058	6.74976392179756	5.66889107321705	10.5884824219526	12.4200871575042	9.5852460583962	12.2488414554194	15.4298787098279	17.4925741959267	16.0965861287417	17.1665849836244	14.2180241946622	17.6155473091244	15.2752750875393	11.0425918606095	13.1003925895372	9.20345033126164	9.79647681567205	6.8256502986895	5.86443603426621	9.72668484119846	8.10078273995791	2.86718154290934	8.48489911548747	10.9095923846861	13.352790382538	14.473786132177	16.4861560710798	13.845060418792	10.6583033358973	5.97353747791039	7.81821571715695	8.04372705901935	5.7348146439096	3.21355255130518	5.20861344313436	6.39815731285188	4.29502654240925	3.76910360696015	6.2863866409886	7.33850373032541	3.679306864071	6.8564700101437	9.6620800038087	8.02731499319667	10.0775853258606	11.9403622223113	15.9989344645198	18.3976594707044	19.2550003375747	15.9805137276622	15.7142835025972	11.3080911740223	12.5383050289902	9.5730218322116	11.3882600075692	10.3517193740943	14.2501976828394	14.7461556006981	17.839716421513	15.1729120804149	11.2505308763631	10.8830263254299	12.1055089938424	13.4588748786814	14.3183150545028	13.0923590311296	17.2545026297486	17.8719513484118	18.9830602380122	18.4649547521785	16.3036705376427	19.4018263057888	21.3695381559827	21.8721872020153	22.8480171130888	18.8805022178966	17.6434708603494	15.4572537340887	15.9107326355514	13.1526474901443	15.9677892646415	13.1574693615452	15.9895481174422	14.9983385079815	17.0552258560243	16.3973891214425	11.6870150594581	12.5457427839088	16.6463911103879	15.3579539327347	13.0773953828735	12.3642712684574
156	23.7589372868401	21.1603134428581	19.0321772007303	15.7267506179757	14.4559304785268	11.3241835467287	9.04097478151555	6.49226555217822	2.9949828046251	3.20869272445961	1.3292889076495	0	1.33469921705229	3.11737485715145	3.00194370366934	3.69395506198979	6.64188384421167	8.4543199016834	7.72424533530623	9.92509269478124	12.3164701517927	14.1346721928738	13.614359074154	15.2780735696618	13.209246988379	17.1443090557771	15.9759303015505	12.5977441631429	15.8497926800321	12.97543821996	14.9755059013043	12.7934584456276	11.7089205736481	15.9336746860227	14.2989386319405	8.97858357426159	15.5238821819801	18.0131572190996	20.2889444279391	20.4034456403814	23.5712111271356	21.2345667250359	18.1141617802205	13.3766690547386	14.676590646332	14.1156295290008	11.2572656093742	9.55425318902529	11.0133350988699	10.3680178433488	6.82826222402157	7.50980319316026	9.36135251980182	8.16100980271437	3.72515811744951	7.21323034430483	9.55194236791659	6.57382734790016	7.61804837212261	10.7999430554054	14.3894753900203	17.0386161996801	18.8642739059843	15.7996230651241	16.950012448373	13.1421636726986	16.116719331179	13.9438206385481	17.444609855196	17.5398691842328	21.1508602425528	21.7611799771979	24.9193916659296	21.9337707200563	17.4457647009238	16.8365608127076	17.1591266094752	18.3577919423878	18.2958681127734	16.2755405132979	20.7552909158123	21.9071150770703	21.7820018593333	22.8839654561879	21.8671624588102	25.2837023594251	27.5150364891635	28.1351407673749	29.5616115088471	25.7823712834952	23.5750815269004	21.5541416901718	21.4225046621538	18.3076031473265	19.4736577457857	15.9505481410515	17.0793366967222	14.8159725971669	16.9186044341725	17.5760114075976	13.00961321485	12.4534795940733	17.2640849453425	17.5933156909094	14.814384158648	14.4997225145863
157	23.7140382263334	20.8701334926253	19.1047708701256	16.1680982802555	15.5417111348783	12.4540284245701	10.9967037788603	8.58114287260153	5.14181786919763	4.81975580294272	3.32757659566238	1.33469921705229	0	1.32654513681216	3.20763744834107	3.40902508057655	4.6375732878306	7.10742541290445	8.39187642902349	8.09194370964109	10.7555183975483	11.9452027609413	11.4584128045729	13.0847315983172	11.715322146659	15.7731838891202	15.6045331234228	12.4161175091089	16.1693638093773	14.567173782172	17.2873548583929	14.8446081120385	14.5484626679247	18.8917804878206	17.4261946218903	12.0554016938466	18.3135434856283	20.4619261556678	22.891416841253	23.5735381519194	26.4272003057456	23.7164335851747	20.3540932492705	15.4612139885586	16.0116847957984	14.6536457579675	11.7469934876972	10.8280902748361	11.6576888361287	9.97088767362265	6.75917613322808	8.0725868840168	8.62691352686463	5.78889255384828	3.33119933357342	6.17454459859187	7.65947739731635	3.51646882539857	5.31286419928084	8.48952395602957	11.9856941809809	14.5487602564617	16.7016259388121	14.3139513063305	16.3334852986128	11.9175849063474	16.653023299089	15.1259288970959	19.1839881411556	19.7427293452552	23.4465032787407	23.5453367145174	26.661957355003	23.1891222990436	18.6807720129549	17.4388202869346	17.0053735918974	17.8705727384435	17.0445230206069	14.8373766886199	19.2204557958442	21.0562979414711	20.3475492627491	22.9454027421617	22.2468749490799	26.3454078351427	28.8321498678125	29.9081280256722	31.518834845216	27.960559901404	25.7689498039792	23.2242447670532	22.541727617909	19.186165249992	19.0022112923733	15.0645927259916	14.9627357458454	12.6009476230957	14.3661361889688	15.0517482705498	10.8534929400631	9.2526776124536	14.2451706202488	14.9026995541076	12.0335500165163	11.6942575651471
158	23.717312200163	21.0771903962554	18.6808982921058	15.50409703917	14.4508662024115	10.5257985445286	9.2743315122978	7.62202637098561	6.50560911829169	7.1543270123751	6.40935792416058	3.11737485715145	1.32654513681216	0	1.33613622060028	3.28551746304901	4.51653418009872	5.40585340163789	7.2513582865557	8.93622073362112	10.1077524207907	11.5727634556315	12.5941120766809	14.814780659868	13.6129040252255	17.9315640422134	17.5144562290697	14.2300014054813	17.991234087744	16.5824948967277	19.3737962464768	17.3054091832583	16.7868262932575	21.1507477172794	19.8138047330643	14.4995065778115	21.0034995655486	23.4517536444506	25.7847623607432	25.7234169969699	29.048149097662	26.5009276818756	23.3243568185706	18.4768073811468	19.3765773293428	18.150191211114	15.3441952868177	14.1083291002159	14.7403814740325	13.2193410577078	10.0007764198586	10.491924799578	11.4985599533159	8.93473385166005	5.77675635629546	8.58236802986215	10.2534631222821	6.04428498666302	7.52311484692345	10.6474600727122	14.1827411313892	16.6260845059804	18.779500685588	16.3986886365953	18.3351839369012	14.3308391240709	18.8338446685747	17.3802192736455	21.4514117017972	22.4414814796172	25.9617864755105	26.3365479514685	29.4981297881747	26.2283549998851	21.4850176169348	20.6016920664299	20.0780507769056	21.1840748912951	20.4490819842848	18.0180807801497	22.3732650500547	24.041352603379	22.8907901348992	25.500312213775	25.096937861022	28.6925946195181	31.1626866781412	32.2321198961533	33.9807151631628	30.470873781367	27.9604274108963	25.6102730949906	24.8664412813736	21.5398927341805	21.5724271698852	17.7884038069749	17.781080985137	15.0844964781725	17.0334000422699	18.1469685071639	13.9944922380199	12.2149519442362	17.348991757448	18.1403444840499	15.4807368364687	14.6504318707675
159	19.9410501729473	17.4182254262597	14.8693890594066	11.7721821681454	10.4357458765533	7.10517339689891	5.89350583269415	4.22490733626194	3.98321553521775	5.96835974116842	6.74976392179756	3.00194370366934	3.20763744834107	1.33613622060028	0	1.32181579654655	3.54459602775831	3.80411053992914	3.76228467822412	5.94986966243799	7.83907398868004	10.0832810136384	10.8002404139908	12.9766795444752	11.3252118743978	15.8537244520018	15.1078214511557	12.7010814500183	15.9027463665871	14.8750792939063	17.0954581395176	16.2104041590578	14.4480544364977	18.637571005901	17.7771768849837	12.8761569965576	19.4990264885199	22.3885242255938	24.4123817355046	22.8562904689278	27.1804182087031	25.1082208848019	22.4774765710032	17.9591535156866	19.7165202051478	19.3125456892663	16.6093669054543	14.6156772679202	15.6971167416185	14.7989344210994	11.4006561653266	11.0872420826822	12.85480707751	10.7861014736558	6.87966176494165	9.22648801007187	11.4326527980167	7.90060320481924	7.32672443865606	10.7268933993025	13.8765939624967	17.0294089738898	18.8358445788874	15.813197873928	17.3511431900034	14.6453824122144	17.8922434032181	16.9694933336267	20.4445172112232	21.5132281863973	24.5488083824857	25.8241413797245	29.010424488449	26.4006105611215	21.6351062396282	21.5558224153012	21.3731797821475	22.9037454360635	22.4050333184309	19.7522334180214	23.8117809077776	25.0825997257063	23.0940011474842	25.6384386615098	26.0876648629194	28.3096102763708	30.6953595678565	30.9854136974158	32.6849109070225	29.1448805281476	25.9155359774788	24.7473831343841	24.4711708138373	21.3103285052108	21.8156885291297	18.5364698365142	18.7361596385172	15.7387382594667	18.2850389389796	19.9185463325013	15.7187713578384	14.2877904869857	19.4612611102159	20.4963904383186	17.8289610185226	17.716398082003
160	17.9058416724822	15.0985240007095	13.2213282615628	10.2459434411869	10.5313249878636	7.51347715774794	7.83651619024679	5.11521162807562	4.16071892826228	4.12223264748607	5.66889107321705	3.69395506198979	3.40902508057655	3.28551746304901	1.32181579654655	0	1.32553310030342	3.20193988075978	3.04557728517928	3.07210628071361	5.15310421008541	7.10398127812848	7.12918585814678	9.29999215053432	7.87675732773329	12.4921237986181	12.0386384612214	8.63000816917342	12.410581533514	11.2869358552266	14.1971285477029	12.9612487438518	12.5779420812786	17.0230585677193	16.9670926796549	11.9582604504167	18.0364069038154	20.9927992178271	22.9911894864098	22.0618318369078	25.5889699870862	22.8573280590711	20.2481384082587	15.6919208830532	16.9180283721242	15.8892139516088	13.8165792437926	11.752337171814	11.5231372898183	10.7845742150536	7.87175812636542	6.58669545371577	7.63185311703521	6.5075688240694	3.31281964495504	4.23083986934037	6.03767529766217	4.61641137681641	3.82546127937534	6.72203622424039	10.2443707957102	12.9878020850335	14.6528638497735	11.4316701316999	12.8406810956429	9.33583606325647	13.3969644322884	12.4603924898054	16.5611382760968	18.6495899418727	21.5434237993871	22.3341022429826	25.3844611327481	22.3455951364022	17.4090384857981	17.2200611206813	16.3127751471048	18.6655509964212	18.299220830407	14.8905370621748	18.3411164600195	19.6720543411206	17.9388056458617	20.5392465781976	21.0549285679149	23.6650170716186	26.1947604302845	27.2720306541335	29.2221883677455	25.9463098146923	22.7258090505047	20.8389839723534	19.9208646649687	16.4569231024514	16.6027363106206	13.1441057892882	13.4525309514604	10.7363409502493	13.2451000751221	14.8622557170841	10.7779259600352	10.2790881891343	15.1345596896639	16.2494682374532	14.5023789083033	15.2362137685187
161	17.6883923803154	14.9265339580225	12.9959445212728	9.91818622531358	11.1423448609348	7.09799675964987	9.27423258280706	7.48005354258912	8.54922973138516	9.3771248258728	10.5884824219526	6.64188384421167	4.6375732878306	4.51653418009872	3.54459602775831	1.32553310030342	0	1.33244474557109	3.33754086117309	3.21270571325791	2.97823437627061	4.53635856166595	6.48040291957221	8.82536917074861	8.74531811885651	13.491164590205	14.1584185557569	11.9505883118782	15.7921233847763	16.0532356240105	19.1917732635627	18.2373554552188	17.9073111326073	22.2879909368251	22.2650480574375	17.2468576268258	23.4795115153616	26.4156278744231	28.4327476864266	27.1548804269141	31.0420089233928	28.3049922275206	25.6960707891304	21.0874989033787	22.5386044820881	21.5842687158958	19.3245700081528	17.3316389588521	17.2792216549242	16.3981860277288	13.4223145545021	12.3349398458201	12.983044558192	11.3458131484702	8.29969047615633	8.91436346577813	10.5145838243841	7.9087170893894	5.45447064342636	8.55224947016865	11.0653405279729	14.3512509907673	15.7541548805387	13.9182516861853	16.2634959034028	13.9673268380174	17.7172936985308	17.5435170077154	21.3345928716721	24.0069484524793	26.7733830137321	27.7137484112128	30.8011018471742	27.9038894421548	22.9626400267913	22.9547382690372	21.8780430797638	24.2420392294048	23.6406482779132	20.1276450187298	23.2296998043453	24.685041826985	21.9291428925072	25.3702608973578	26.5571030234851	28.3885207962655	31.0369492379647	31.9208110329296	34.0901803163316	31.0506617320791	27.5127210213748	25.7462492219741	24.7745093594202	21.3450051768558	21.3250282297586	18.1098626444267	17.4665636288309	14.1057463822373	16.6169635011936	18.8413410881497	15.7468734674538	13.7932942403184	18.9894752165509	20.5856319553226	19.0734393857007	19.5682688554711
162	15.8015726116105	13.2722626179563	10.6506328450473	7.39848511521109	7.85436712918361	3.53619201967314	6.87749903671386	6.79136164550232	9.57266013185468	11.0101771557046	12.4200871575042	8.4543199016834	7.10742541290445	5.40585340163789	3.80411053992914	3.20193988075978	1.33244474557109	0	1.32243941260082	3.25818507761606	3.72722068034615	6.39622662200144	8.06833154995505	10.7188109881647	10.1447352355791	14.7267536816503	14.6324390994803	13.3985301805832	16.3459135871936	16.3665515915846	19.3946701441401	19.6610792175811	18.4756540885566	22.506459828236	23.0091549823108	18.5983218597808	24.6782947749637	27.9233011300598	29.3588909361372	26.9239017974736	31.7496385648719	29.3698520765768	27.311108985173	22.919827137219	24.6497442988766	23.939452416461	21.6370102833086	19.4926723924658	19.633737825488	18.9642104238484	15.8750019212597	14.7321732612673	15.6167914118106	14.1213366931038	11.0219022859033	11.4881774881832	13.2397874227648	10.720708838505	8.06268652497416	10.9350662092189	13.0553016433938	16.6131153309667	17.6318879306783	15.8564005373225	17.9065808294046	16.3259281206307	19.2322737345328	19.3327701326013	22.4564834958637	25.2054860099939	27.6599228126183	29.3709688127579	32.4844017029712	29.9888209171351	25.0631236082017	25.3099479849327	24.2607462581018	26.8686431737816	26.3628427336659	22.8272830621605	25.7605655799713	27.1065384732171	24.0976298004596	27.4726008961656	28.8652894147971	29.3749001189791	32.356777868014	32.5772604280962	34.7278255293936	31.8656559009853	27.5438291818694	26.9160296292005	25.9939150956527	23.2351247037755	23.5220285902386	20.4596604077389	19.9069984427588	16.5237310859261	19.1282713803417	21.4475286221979	18.4816501968845	16.5821625851395	21.761110564491	23.3924706903739	21.8681090631998	22.2971921550674
163	13.1978460742653	10.5615729889065	8.33916458645589	5.31235973932489	6.62559619958838	3.92105419498379	4.79851487441688	3.27136210163289	6.42071257727676	7.44195606006915	9.5852460583962	7.72424533530623	8.39187642902349	7.2513582865557	3.76228467822412	3.04557728517928	3.33754086117309	1.32243941260082	0	1.32960182009502	3.36408754345068	6.10661968686441	6.34675239788035	8.55949443600497	7.45909277325333	11.8549614086255	10.6352569315461	9.43209600248004	11.6503759166818	11.5499770995444	14.5385070416463	15.343478875405	14.2850583127966	18.3081707169231	18.8500335808719	14.7037199714902	20.5642795643319	23.8668314403064	25.1903385050698	22.8226890834538	27.5532676827994	25.0798920850948	23.2588208858489	19.16292902977	21.4370470681015	21.3678538697736	19.3226183784703	16.6415252305791	17.0282164068936	17.2186759653581	14.1050976246178	11.5169058778823	14.0804264850181	13.6812644883432	9.96367201387119	8.30436379260928	12.2735432944199	11.3341237861601	8.08274297500545	9.41388426739994	11.6961050781874	15.9955765760413	15.7758448268231	13.526637497915	14.1086149922662	13.3851256624658	14.6261483993565	15.0008156111593	17.7507724620649	20.4998335846904	23.0093615296036	24.9279911144079	27.9821243296502	25.8265898639367	21.0454027521452	22.2354834217743	21.0431039773129	24.7839964493219	25.0608646299365	21.2059887767583	23.2697024261162	24.030734320865	20.9630369460152	23.360548709309	24.9484253010085	24.6663912439578	27.6574907394001	27.6656121746836	29.8403523102526	27.0921550637818	22.6335804944777	22.1852310107423	21.3015085381294	18.9184957118689	19.5458996978906	17.4013821290149	17.9245691440548	15.150540089383	18.1983969074202	20.4363783484256	17.379681527577	16.8747372127687	21.6608576238338	23.0631676271929	21.7440816315613	22.3734053063006
164	13.3690615227846	10.4616202855963	9.39236077884575	6.94461669208604	8.89241390174794	5.67487074742677	8.92355769858636	7.73840364674782	10.6463865700997	9.6142403756095	12.2488414554194	9.92509269478124	8.09194370964109	8.93622073362112	5.94986966243799	3.07210628071361	3.21270571325791	3.25818507761606	1.32960182009502	0	1.33060625280358	3.06958857177962	2.85029489702382	5.45756777328509	3.49895713034613	8.11841277590638	8.17906926245279	7.29187842740127	10.6427343760896	12.3301698690651	15.4075733001664	16.0726795525824	16.5790191205632	20.7596613170832	21.8744197865909	17.7453536453912	22.8808476460117	26.0246312173679	27.4602644743273	25.9005340485481	29.2236267598668	26.4648407325644	24.4643045680845	20.3965974613414	22.1812543829243	21.2161580640794	19.6849046987787	17.3963204730196	16.4458198336234	16.0055804643256	13.7765265215874	11.5968807012921	11.5283883088661	11.0651967447488	8.2157936317802	6.68250693976445	8.64550137354682	7.35817375440401	3.64983780461543	5.19852440602139	6.53376369330878	10.5812891464131	11.1632020943813	9.18505225896946	11.3648215560122	10.7599429366517	13.3717716851582	14.4674915932238	17.6753460786486	20.8869091298832	23.8673585886667	25.1040335603663	27.8669650482431	25.4423046912028	20.6851664967918	21.4710557262562	19.6752013966821	22.903004715539	22.4670760892467	18.1824703767117	20.166498010314	21.4708122109994	17.7034058587606	21.4779166587451	23.597889185264	23.5050807486382	26.8008665904668	27.1042243755471	29.8534378087349	27.6644103859092	23.5333959725323	22.021098859957	20.5045948509109	17.5456083394107	17.5384255564746	14.3555153512509	13.8851033125433	10.4992446394967	13.3157258532909	15.8469004224801	14.0910582640198	12.3776296196	17.2607864826606	19.1259866150743	18.866012323753	20.0953691431633
165	14.0171735381995	11.0537266114193	9.48956695534627	6.75759343257642	9.1404831929171	4.53841392999801	10.7651936350444	10.0943850233682	13.1532952905346	13.5342570169182	15.4298787098279	12.3164701517927	10.7555183975483	10.1077524207907	7.83907398868004	5.15310421008541	2.97823437627061	3.72722068034615	3.36408754345068	1.33060625280358	0	1.32274978737477	3.31491990853475	6.85181632853655	7.75997222933175	12.2160061394877	13.1439475805406	12.71273986991	15.8176037059979	17.1810693788251	20.1276739590048	20.8759510442039	20.5575204244092	24.5929374008068	25.4363020307591	21.1935241052544	26.8928337108606	30.1278638804679	31.531457704965	29.2588151503098	33.7017556961058	31.0179885066714	29.0266268450194	24.8413296745565	26.7115504229912	26.0739799416967	24.2408421883399	21.8100284502336	21.3932942063629	21.0695578738615	18.3893747038881	16.4903785887408	16.9609515652867	16.1597212228429	13.0806532711482	12.2531604902572	14.0771207638494	12.0741814629398	8.79938662635072	10.6346208677132	11.2750945450581	15.4159390567036	14.7352626715644	14.3365819496838	16.607437159297	16.2153065034245	18.7853908663088	19.7271041209804	22.8570703940816	25.9322705716256	28.7251657262408	30.2313189424477	33.1488649126935	30.6887211203074	25.8736650090396	26.6289177211542	25.0320784794232	28.4050183594378	28.0840073529402	23.8818810398176	25.8324881302595	27.0276613120706	22.9921731465297	26.8727375605836	28.9908005063675	28.7258611185113	32.1353385231897	32.2301199966739	34.9134902437439	32.6420386311885	28.1997655664014	27.2434707590645	25.8251517323713	22.9645606097744	22.9282889679976	19.8179108888904	19.5166454853287	16.1141970014022	18.8529689439091	21.4572394310172	19.6821318459155	17.5317170294298	22.715964716472	24.6360960584261	24.0448461421569	24.9544295466757
166	15.0028216346126	12.0342367020098	12.0356840686352	9.56036782765182	12.1221490256472	7.98564731252264	13.5661308780359	12.7676687770321	15.4017400964956	15.6682410946475	17.4925741959267	14.1346721928738	11.9452027609413	11.5727634556315	10.0832810136384	7.10398127812848	4.53635856166595	6.39622662200144	6.10661968686441	3.06958857177962	1.32274978737477	0	1.33161443368567	3.93029642647982	6.7372841709401	10.1286578084167	12.6963183246168	13.1871797591449	16.4852602648548	19.0225051452221	22.0116542313385	22.7386240788663	22.9041646213085	26.9976153946974	27.9045207448542	23.4822686510482	29.1356924407161	32.2890340053709	33.8161033237125	31.8280678175726	35.8353119980837	33.0914758510405	31.001091932382	26.7520934694838	28.384604436208	27.4804852395295	25.7417278557598	23.4773499782237	22.7620562340049	22.1994661197066	19.7571191472846	17.8473406982665	17.7051812473072	16.878898927359	14.0413397152836	12.7340842230606	13.6070068714615	11.9466295246818	8.25637390141701	9.99340392458946	8.82426824161641	12.3618305278789	11.0434452504642	12.5794148115085	15.378979615046	16.1378886475276	18.9147625150304	20.8814632150144	24.087345349789	27.455803357396	30.5843240075696	31.6382138244244	34.0701966387046	31.6857987906254	27.0120386494615	27.6934258263581	25.589086658183	28.8244089791968	27.9960669737733	23.5299899065002	24.9899214084398	26.2591909052811	21.3611316413714	26.2316713535375	28.5212556701138	28.6443379047239	32.3883211204286	32.5184963059487	35.7345181022495	34.1526729993422	29.8686770547341	28.2644175952734	26.302532558672	23.2089174456716	22.5124121097674	18.9604804527733	18.1873596764346	14.763262308853	17.0198990890075	19.8019910867569	19.5951609587673	16.304255426115	21.5909092444019	23.9263263791164	24.4085413943562	25.4585687146784
