1	2	3	4	5	6	7	8	9	10	11	12	13	14	15	16	17	18	19	20	21	22	23	24	25	26	27	28	29	30	31	32	33	34	35	36	37	38	39	40	41	42	43	44	45	46	47	48	49	50	51	52	53	54	55	56	57	58	59	60	61	62	63	64	65	66	67	68	69	70	71	72	73	74	75	76	77	78	79	80	81	82	83	84	85	86	87	88	89	90	91	92	93	94	95	96	97	98	99	100	101	102	103	104	105	106	107	108	109	110	111	112	113	114	115	116	117	118	119	120	121	122	123	124	125	126	127	128	129	130	131	132	133	134	135	136	137	138	139	140	141	142
1	0	1.32420089110376	3.97421992345668	7.62374225692343	10.2090366832527	13.3613637776987	16.8721360236338	14.8206344331139	18.114367943707	17.1828146122805	14.425755612792	14.3411333234163	11.307776129726	9.97461753652741	11.654244119633	11.0170240083246	7.41808620871988	8.49492401378612	10.3200566374415	8.46435047714826	4.70987993477541	3.2251551900645	3.26503124027934	5.68743896670549	6.58498610476894	9.1252471747345	12.032574994572	14.8346038032702	18.2008870937655	21.5416076930205	23.796941337071	25.9603333761337	25.9798856617961	21.3672393630998	21.2779332408014	22.2009400927078	20.4290361006094	12.7965317566909	18.7973220965115	19.9970045256783	16.0256636056046	13.400015708946	12.0113447207213	10.9756720067611	12.6839576631271	15.540144336524	17.0659923825132	20.3592167089012	21.6744473055255	23.2616232881542	19.2411202636437	23.5883627452182	24.3177122279214	19.794951805953	19.5490041945875	16.7978772766085	17.1275656764176	16.3384898935	13.6866495534882	10.6564509570494	8.33478883955676	6.83598500583493	3.74750410273291	5.62814374372226	8.10285005414762	8.78332818469172	13.2787813446867	16.8496479785187	18.4942400492694	22.9858043583426	24.9160569914262	26.9375426496182	28.5823195874653	25.2370715813067	29.192495662413	30.2925142238144	33.0310585055944	34.4148556730956	34.3390965082077	33.7394913121108	32.0576482917883	30.6916826518195	29.2525475642721	32.4698679239691	30.3044586158539	28.3355504269813	26.1341750778554	25.6935150183855	25.3502742391478	22.5045827555189	19.6620254551763	21.0351065364547	19.1980139076937	12.3322934201226	17.6669547743803	18.073980220195	14.8673863540301	12.5279199789909	16.1485887309077	16.0325851315376	12.2304932852277	11.1137468479357	8.23435947721497	4.94346953060298	3.15059676886777	8.14944795676369	10.0788224510604	13.3821045056448	16.1126794171547	19.4818229639836	23.1305905242387	25.2400050118854	27.5575082146409	22.7410952022984	23.2789878431172	29.1725065601158	32.2558148711205	32.908255590353	29.2333896939784	28.5161615930335	28.7418363018093	25.7012803572118	23.8993945948428	24.8565156246808	23.7568563997849	20.6616841520724	20.3918310605007	21.8570663630781	19.3506249253093	16.4518513851785	18.6884659884111	19.7956895813205	16.2930857421177	14.433605509366	10.9860822862383	13.8594219937196	15.8283931591302	13.7074822268716	17.681402800683	15.7868875653182	20.9355174285232	17.8864484456809
2	1.32420089110376	0	1.31833417614807	4.57409696005671	7.75417107110747	10.9500985840311	14.5134972008817	13.0531388179242	16.6767026417095	16.7653680245916	14.4553483527724	14.6745400609355	11.5487638299517	10.2177825872349	12.7514585048143	12.5177011867195	8.55504167143562	9.78580931757819	12.3592642580374	10.6670807159222	6.88296694747258	5.84352333785021	3.31423882663878	5.85263547472418	3.4613780492746	6.92599667917911	9.79001174667324	12.4098815868646	15.8441021834625	19.1594262179221	21.6218797055205	24.0986910432911	24.5958196854669	20.0886130183246	20.1332408220833	21.5426451022153	20.0283356522703	11.8264249035793	18.0564608381598	19.6567695209564	16.1401426263835	13.4593790347103	10.7807073051818	10.151754774422	10.8888024134888	13.5299938654827	14.0901652580798	17.932421308903	18.8343288969902	20.201935377582	15.8706729851005	20.2789550766306	20.9411456467883	16.5372018491642	16.1373859097439	13.3569307103092	13.7600606466687	13.0107196956971	10.4008466482301	7.22851188004834	5.15387213655908	3.69454381487079	2.63013573794206	3.28264664561997	6.22651266761741	8.23617028721481	11.7428681760463	15.193055025241	16.9568970038743	20.9532909348389	23.5077541887778	25.0537674811594	27.1414971952544	24.176097058872	28.6652888351051	30.9964637499183	32.7065093215403	33.5309577554832	33.0915280094468	33.4332554352698	30.8549474314898	29.3175550651824	27.8522724925633	30.9435182227232	28.088650715191	25.7463835324498	23.932546375177	23.8173688093374	22.9784760808893	19.8404518597738	18.4084677798018	18.4796983741618	16.0070815890967	11.2143061310096	15.3429662060502	14.8980826283116	11.220458680464	11.3336638383181	13.7494228606149	12.5309626525658	9.15745761660954	9.58373220619191	6.4866201522827	7.40384454185796	5.74829740010032	9.38680121234066	10.5870510058278	13.621908750245	16.0362665542825	19.6328155138279	23.2794125570213	26.0350023237948	28.1830091367121	22.5483562150326	24.1424435382999	30.0402850186212	33.1964399597306	33.0610965486627	29.2790140032071	29.2368333955646	28.6715019662382	25.4231608381019	24.2762643131105	25.2273881723812	23.4511902682998	20.4951636002253	20.9821937127651	22.021066391072	19.0266682842793	16.1470230692843	19.2964874005608	19.6053309331926	15.9861585129136	15.6570067062641	11.0032033063104	16.4615892610647	18.0920857006593	17.2611223852912	20.3826983983966	18.8933873087914	23.5073318137129	20.7729218214482
3	3.97421992345668	1.31833417614807	0	1.33442946610152	4.20399928639385	7.46902309542554	10.9968272697174	9.26956320438023	13.0912844289627	13.4121532201209	10.6404988604858	10.1367029156427	6.79711306364695	6.83181923062957	8.81134688909703	7.97781191806375	3.50023684912892	6.62166640657773	9.03670542841804	8.11411911423539	6.43052610600408	3.32373961073969	2.98284780034114	3.65031080868465	3.03452500401628	3.87147697913858	6.06854949720277	8.63781627496209	12.0610308431742	15.4184731410085	17.8266181032747	20.2430063231725	20.7611366018337	16.3102190665852	16.4257589474581	18.0048050530962	16.5824722523513	8.24214516979651	14.8632982207853	16.7095701021899	13.8081102979372	10.4890256458834	10.1374934771866	6.97952534202721	8.12812832083746	10.273800757266	11.1276278694068	14.3218687677272	15.3542040497057	16.9043266650878	12.9338388346229	17.203653594513	18.1622367289935	13.7397002150702	14.1037883563247	11.8683222908716	12.8582173336742	11.1717429705485	8.12200677172827	6.5790386835768	6.34547886293856	4.19661172852577	4.53839586197591	3.05698380761167	4.58714410063604	3.72778084119761	8.04621563220872	11.468380051254	13.8264460003285	17.7153216454006	19.752947780015	21.5184796163669	23.9718525984122	21.0579353213937	24.6302152040943	26.1995964472738	28.2514621214549	29.5952592318432	29.5746258978875	29.5159660184111	27.6984456964646	26.5619156312191	25.6837326142444	28.4308938656526	25.2273752300948	22.7687159717012	20.9569076440204	21.2199108622068	20.4907811710535	17.1651713070391	16.2164789643128	16.6170167599362	13.8626912610791	8.97234222485968	14.2496508729162	13.8048635632519	9.30361118061154	10.7629748211171	13.3373467751274	12.5777728155664	8.93031987109084	10.4963705155639	7.12776711179595	8.72301696662342	3.97000919394401	7.90653628335443	7.28649476771925	10.0738463855669	11.9484990689207	15.2760235008984	18.8877334267508	21.4615228490431	23.8014040972376	19.4187209671492	20.4869276613161	26.2351481985523	29.5982188146517	29.9334008091296	25.8486836028452	26.9118332708866	26.7646677916988	23.3864741677748	22.1700995938223	23.7520321867414	22.1451759532409	19.1281543281102	19.9014416060747	21.3554883343837	18.4859433354103	14.5449408730321	18.719820752347	19.6423128475238	16.097406778733	16.0941224054001	11.5266277809253	15.4677809656072	16.5302022371174	15.2588105368669	17.3654614968909	14.6581974676288	19.1937389270564	15.9147229319269
4	7.62374225692343	4.57409696005671	1.33442946610152	0	1.33241622625964	4.12012196421417	7.6935736169871	6.84816187016633	10.6489625316272	12.3909769187098	10.6106311310874	11.46939797897	8.15260657704025	6.25839731880296	10.6440575909754	12.0037662839627	8.24392455084349	10.1893272103707	13.4166344885742	13.2334124850698	11.2709883772454	8.21834539308248	5.83869240498247	5.04390344871906	3.99851497433735	3.00224815763121	5.14827116612946	6.33863620978519	9.55929945131964	12.6179795926289	15.1072879763378	17.8639315381581	18.8284708354131	14.4322904973535	14.5447023345272	17.4212654534623	16.0280355939211	7.94815714489843	14.3987312288271	16.6892510916458	14.5968570932239	10.8588844730939	11.326519368279	7.92544389923997	7.85580225056614	9.2376716222217	8.35038041049628	12.2837644881364	12.0669344491466	12.7476276616475	8.30619913076975	12.493763324155	13.180519564873	9.21345217603044	8.95879952895476	6.83355727275333	8.92557521955868	7.66168493218039	3.90002576914563	4.05285812729733	5.07430675068033	3.72566182040184	5.77958389505681	2.93115455068476	3.39838211506593	3.18222657898523	5.64345302097927	8.64886703562958	10.531357509837	14.028964965385	16.7690493469368	18.2379006741456	20.5324946609028	17.9279780789692	22.3381770742377	25.1138350118018	26.42076459908	26.9227422637442	26.3972016130498	27.1154780522122	24.3756916209571	22.9700544187427	21.8929756314668	24.7518762723152	21.4817435512111	18.9017558972705	17.2511306006302	17.5456903540442	16.286365524573	13.0701372984372	12.3967176704158	11.925660946044	8.93305580414676	6.5870075907046	9.80979760239731	8.61139251224795	3.81140052998895	6.83110715770146	8.97858563471998	8.06079363338375	4.33826578254491	8.1891748668593	7.21930252863807	9.73350758976434	7.389325138333	8.04491976342835	7.04412705734359	9.28314348698758	10.7436722772058	14.1624902471282	17.5841629314562	20.7730049102194	22.7217545757364	17.1578274557125	19.3796002796755	24.9776079519237	28.2369266210046	27.6694491090806	23.5457079315955	24.8455921241576	24.1429359026611	20.6686236600312	20.1486352391421	21.6463257159269	19.234625392765	16.7252554539535	18.2813518099729	18.9242335115587	15.7404647008911	12.3819748424878	17.1706879011879	16.9686050693627	13.3667558143328	15.7771486967703	10.4934855029204	16.2508580081176	16.463344070996	16.0580798665345	18.1927207970661	16.842175007997	20.3571232250532	18.2266683187027
5	10.2090366832527	7.75417107110747	4.20399928639385	1.33241622625964	0	1.32877725748148	4.43795121649619	3.11587644170946	6.22979205110411	7.86740637058999	6.08568262399544	7.18556810558497	5.41241036877286	2.78485152207438	7.42753835399051	9.39486098885982	7.95783192835838	8.64419423659603	12.1133299302875	13.4013019143664	12.8004349144863	9.64203645502339	7.52720007705387	3.98676523010824	6.15319461743248	2.85732934748517	3.12432040610434	2.92971039524387	5.77913090351828	8.77017291733749	11.2426256719683	14.027689902475	15.0812707687383	10.4138546657806	10.860600535882	14.2079888091172	12.2734981158592	5.19262409577277	11.4182144400953	13.7502693064536	11.7716441077702	7.72469397452093	10.4061044584417	6.78662832340184	6.71380927640934	6.13092138263084	7.28160023621182	9.48453889232366	9.09622410673792	10.8304018854334	8.05012211087509	11.6438600128995	13.2812484729411	9.58906111149575	11.6608320029061	11.0339770255335	12.6220490016479	9.99491720826141	5.11569066695789	7.87997373092068	9.49972736450893	7.44079162455178	9.27245070086651	5.63134664179004	5.6499700884164	3.22116469619298	5.22650294173838	6.87961416069244	9.31031358225919	11.6912910322171	14.4799319749783	15.1555047095107	18.5929238421503	16.5361630978894	20.2324102617558	22.7438743181543	23.6699627798609	24.5528300812758	23.9764407909097	25.2778495525233	22.5441977901189	21.3293851763242	21.095037046661	23.226884315379	19.5986457695423	17.055809274262	15.2399266074348	16.0970756971569	15.6579420103665	12.2089126870496	12.1740016839164	13.3021470071564	10.5077361025104	6.99955412865705	11.3815860494045	11.7282526405258	7.98289684262549	10.4960682638786	13.1943379523188	13.2123654581608	9.54070159893914	12.7157492111161	10.1320746641544	12.7158295836331	9.44246429699366	10.1767391634059	7.93001223202083	9.98940133341332	10.1549162478082	12.7716613641296	15.7976212133346	19.0200632228182	21.0514867170943	16.6819148481222	19.1341608909301	24.2274210967655	27.68856480571	26.8841595367979	22.507341335662	24.9305106245339	24.1408086442853	20.6079034353328	20.5716850549487	22.3672213964989	20.3399315141423	17.2404142061611	19.1480059536235	20.9354236880938	18.200591281604	13.5221750099605	19.4477186579815	20.5306002347715	16.8677973072953	18.7733420306561	13.8125711943866	18.3392571278119	17.9819354909309	17.322806787585	19.1794638611198	17.0524255459451	19.9592722813233	17.3965360345099
6	13.3613637776987	10.9500985840311	7.46902309542554	4.12012196421417	1.32877725748148	0	1.33734400959514	2.99026102539561	5.57719338018685	8.74900062864325	8.15589443286265	8.76383899897756	6.71115198755027	6.0161696285926	10.5479818448839	12.1160746943884	9.89459337214016	11.9954292128294	15.0263323868468	15.7759654538161	15.5166488005626	12.1360320121529	10.8784990233028	7.15410183041869	9.61100171678271	5.70901226132858	5.30725343280307	3.86176306885857	6.03183827700975	7.73250884254263	9.84577625177416	13.0239334304196	14.33093255863	9.92870384289913	10.6849429572647	14.6892475641198	13.7191461469	7.90299417942339	13.1304761909079	15.8361363343462	14.6359973694996	10.8692149670526	13.1823916646411	9.65379894134947	8.88469076558098	7.81515930739739	7.59970216521674	10.0622385183417	8.04692904156611	8.88895961291309	3.92487783249364	8.72432312560694	10.6745851910039	7.61023422767	9.19807854934931	8.78564220760213	10.8158243791215	8.93548387050192	3.49619292945913	8.50629208292309	11.4372453414273	8.8105357952851	11.5917804068228	7.69817192585357	4.13589131868815	2.74838516223619	3.03979045330431	3.78154307128717	6.030018905443	8.37256101799205	10.9193148594589	11.8446411511704	15.2371275508214	13.3355465204843	16.9183907627174	19.6901149818888	20.6860979645751	21.0961998947678	20.4277537188992	21.8159127931884	19.202582404458	18.1173985439411	16.9175505910282	19.5485166956473	16.0936066187788	13.5487774356213	12.0204374712404	12.3434060129285	11.2395995480266	7.85483831787771	7.62247604128737	8.10185515792525	5.23143536708617	4.11235382718948	6.42542924636168	7.14066684561043	3.76988925566787	6.12890079867508	8.89405048332873	9.89528928329031	7.93989458368309	10.7210434660065	9.68535951836585	13.4890781375156	10.6782898443524	9.21663957199152	7.30614214206103	8.16969191585582	8.06119364610477	10.0423289629448	13.0655976901174	16.5610297385157	18.276823192229	13.7807765020698	16.3967737680313	21.2365939359399	24.5909284493286	23.7886215868007	19.2493426641016	21.3216491388448	20.0858410329267	16.6681955232113	16.9691533082826	18.3643156420271	15.9384811070566	13.0324237960557	15.3231527434794	16.6692618012916	13.5646452589074	10.0161683791757	15.7335825863025	16.3796738673271	12.9378030978988	15.9264154473001	12.1873958662218	16.9214058517607	15.7259894442289	16.4108053123544	17.7547040245677	16.5158140277735	18.5426728655822	17.1141705320474
7	16.8721360236338	14.5134972008817	10.9968272697174	7.6935736169871	4.43795121649619	1.33734400959514	0	1.33151717976149	3.12818333861684	6.36224433671012	6.68663211190806	7.36762275092855	6.93096631069579	6.29748664151025	10.4557843321293	12.0839725669996	11.2926716502341	13.6445154915812	16.0258262189505	17.4793903211754	18.3780825169548	15.2883411134106	14.1862576108007	9.90375893284969	12.4188062630834	8.41167967768627	6.51309634505739	3.17109649805867	4.02292878385884	6.17099133041037	7.85887950028501	11.0958862196762	11.9673417683293	7.30370248572599	9.29420781992742	12.8791251643891	11.823134144549	7.24253470823578	11.7308518019793	14.3872277732717	13.7843960331964	10.1400431458648	14.3608573908385	11.441342491159	10.148997388905	7.54613609736798	7.93958065643268	10.132440624055	7.71279365729435	6.78057084617512	4.25354510967029	7.10347239031729	9.76416678472874	10.1371334705626	12.3823352401718	12.634380119341	14.9621769472226	12.5398647919346	7.47298360763625	12.5135512944967	15.4963866756093	12.8408616533315	15.2005470296302	11.1955291523	7.36864736569745	5.58965267257278	4.22540566099872	3.65364065009136	3.24583302096703	3.919920152248	8.08009956621823	8.66163437233413	10.9284747792178	9.39989553133438	14.3204679392819	17.4894840118284	18.3356585373965	17.7956969517915	16.6205533301392	17.750161858417	14.7870932234838	13.3951642767082	13.1688310035477	15.0753737267107	11.1792423714669	8.59807408667778	6.9534131906568	8.0049407243277	7.68970051432434	4.41724223922574	5.53454794901987	6.85082571665635	5.13798326194237	3.951732404908	6.96692973984954	8.71348231191181	7.34385736517261	9.32141244661988	11.8149622513151	13.3986618734857	12.4783035305285	14.5578861789753	13.1573907747699	16.8930926120708	13.3619101553633	10.4218933980347	7.77757500767431	7.4564955575659	7.36580864535592	7.6797802702942	11.5434648611238	15.193059007323	16.238962836339	10.5702291365892	14.115035246148	18.6547908055813	21.6567438457401	19.8971394426435	15.8321361793032	18.6911763942241	17.5157951004229	14.1343371263034	14.7917044656794	16.6741995609984	14.6954426609068	10.4120869185769	14.0354512218168	16.288571729897	13.5586142359756	9.72213284212883	16.2572795387174	17.8494401312758	14.7864851131024	17.8123418449119	15.0476408782241	17.7423960332307	15.3201390659484	15.6574428946747	16.3174305268936	16.0696211840852	18.010842873114	17.2943129091618
8	14.8206344331139	13.0531388179242	9.26956320438023	6.84816187016633	3.11587644170946	2.99026102539561	1.33151717976149	0	1.33251228887392	3.62086370911693	3.72317149752734	5.93675551121991	6.90292481488825	3.7195609956015	8.53356185891917	10.8685238648126	10.5835428378214	10.286136155039	13.9772595311098	15.6714381599137	15.8458505293973	12.8236682349474	11.5123502813283	6.74283664343131	9.57166385744923	6.20011620858835	3.36287644732898	2.98965967962911	4.15313592361242	6.46981498962682	8.07296482093165	10.3885383476214	9.69403326794374	4.94673569134233	7.52783913218129	9.42535776509306	7.57638495590081	3.0213990137021	7.56519332205067	10.0638213914994	9.46155658441042	6.18746119179749	10.6777417556335	7.71026899660447	6.63009909428208	4.20657485372601	6.69683768655027	8.57056830087714	8.72993436401443	10.5319537123935	8.98658260964645	11.8177717442841	13.8688649138998	11.0371089511701	13.9368050140626	13.8583366967324	15.1582635549063	12.085578389138	7.6678532849814	11.2759229334011	14.440361283569	12.7903920971955	14.8411570303666	11.0707319089571	9.52689949563865	6.2715687032831	5.93192633130251	6.07248268832444	7.89472190770517	9.26414394318223	11.5027066814728	11.3215584616253	16.0601719168881	14.7364780731354	17.5416567062521	20.3116935286056	20.951099899528	21.3591195043241	20.3392645884752	22.5403257518608	20.0210233754421	19.2858187536853	20.0458788283278	21.2903045304664	16.91787504387	15.1447549006248	13.2305329446701	14.8641028992671	15.0344920100414	11.05629476814	12.6977055013888	14.2417657964172	11.831240805596	9.01466255608051	13.2182718235025	13.8627943070652	11.1442623802565	13.8490087009865	16.6190292436111	16.9311609466097	13.7645998488877	17.319456573461	15.1473540263638	18.0719546812181	13.7254243650242	13.9013496107392	10.2959273987339	11.0144821939118	10.3288840636344	11.7730633651569	14.4903257727354	17.951394597635	19.5983444708986	15.8167173269298	18.566544158782	22.983608376406	26.349676468602	25.4453897395972	20.7793201765602	24.7789653940595	24.1506577343144	20.6602611067721	20.3266694517326	22.8805737908821	21.3541056708072	17.3424223509866	20.2884860204008	22.5943941941359	20.068022074933	15.4199107974074	21.9503351682839	23.5436679172978	20.1120051213199	22.8703762540103	18.5378032409452	21.6713564642364	19.9930328614745	19.2529307898824	20.396912928186	18.7561768758988	20.5678851854049	18.6886700703929
9	18.114367943707	16.6767026417095	13.0912844289627	10.6489625316272	6.22979205110411	5.57719338018685	3.12818333861684	1.33251228887392	0	1.32041129955783	3.16012246598135	5.56631062733657	7.28966508146979	5.88259577057612	9.13886267540989	11.586578960159	12.2296870769452	11.556039935895	15.3925026879972	17.4256256415659	18.462832204188	15.5521801044098	14.7880230592192	10.1681930056426	13.6370014665981	10.609708431432	7.54504035774495	5.81011557544254	4.56318551014529	7.33058101380784	7.14665649097534	8.94622384025797	7.80597059948345	2.99403172995879	6.06791084311561	7.79638005743691	5.7318109703653	3.20943639912057	6.5461593320053	8.83111708675635	8.37726381344172	6.01583792999779	10.963260235897	9.92091114767187	9.82800569800405	6.30192327785733	9.51285451376189	10.1963448843201	10.5574082993886	12.1956429104824	11.5472176302346	14.0977692206959	16.1172518128867	13.8976523916811	17.659284838294	17.9558382149094	19.3841126699161	16.4144470817631	11.7878816587205	15.8330396323637	18.7863060232713	16.6907396480803	18.4219940831605	14.45564038706	12.3578320914309	8.64722874682982	7.9131529746366	7.51680610365865	9.30278764672181	10.1666651857922	11.3933940070551	10.5565765757655	16.0518303317721	15.3661680974796	16.8296834194824	19.6158005189694	19.7887704014171	20.4680364471045	19.6142411782868	22.4427613719881	20.3585318969714	20.0429368357035	21.1876863295642	22.1099419040395	17.4378463119733	16.4106842331452	14.2509694056229	16.2076282657272	16.7827540648131	12.7134483913689	14.2734321380669	16.4808716395705	14.3888366103726	11.5517476167029	15.9041294637588	16.6178637014509	14.2257107379561	16.8140670273435	19.5712920626105	20.4972836493034	17.6854498670517	20.7938766467439	18.3001136062047	21.2329289077131	16.2180806817576	15.8662244091025	12.1119617733875	12.6373926899499	10.3652229112547	12.5024362825811	14.1468248734478	17.6548772864611	19.3474711008958	16.68922799293	19.2839758867304	23.2698700039343	26.7001501493905	26.0655791993963	21.2502382574878	25.7163588791259	25.6606901505006	22.2771983202556	21.3990393008658	24.4021602527317	23.3563900678166	18.9400992869626	22.2304200815009	24.6907778127786	22.5203895614619	17.5061155314364	24.3017225315408	26.2126183926749	22.8284772597736	25.5099815366456	21.443847812368	23.6421825346138	21.7383915458343	20.6041286154013	21.3828163018813	19.1706478502945	20.4630057909389	18.746671064485
10	17.1828146122805	16.7653680245916	13.4121532201209	12.3909769187098	7.86740637058999	8.74900062864325	6.36224433671012	3.62086370911693	1.32041129955783	0	1.32975712068032	3.87902745543261	6.52167317488388	5.75941394588026	5.85444062229689	9.34910006364249	11.1553558885407	8.48749356406235	12.5318877668131	14.9364867689829	16.0988734077885	13.3192627423593	13.2235132245557	9.40092548635505	12.890780736635	11.5236435644287	8.35874667638636	8.79223640491997	6.74414182828327	9.68833680256833	8.7243157897912	10.3420752753014	8.4652066720193	4.24166075965536	7.71828847608069	7.96297651635367	4.66667172618773	3.50512567535031	6.38871238983256	7.77022734545136	5.34476575726196	2.68656844320036	8.9338217465987	9.0181322900033	10.2736256501782	8.13145060859377	11.6139042100407	12.3702440153782	12.9881538333976	14.768063312432	14.8394781916346	17.2859428727507	19.1675239924201	16.6553799716488	20.6361591872131	20.8535114549085	21.8182119111535	18.4577331490083	14.6465589815492	17.2313678505219	19.7181610704447	18.2757486577158	19.6227205555193	16.0501086912208	14.6794793845013	10.5203913425309	10.7299631872621	10.3461169527509	12.277938752087	12.9514744720437	12.7779294488583	12.2614377623507	17.9546072360272	17.7626410198484	17.9912917268327	20.6763217231692	20.6473784050179	21.5541959024223	21.112353871608	23.9798758337069	22.5144743442968	22.5363223485998	23.927031282631	24.6439206499291	19.8177369545566	19.3122132600073	16.5529253305873	18.9115806319831	19.9451258707485	15.8315056138069	17.1706969864359	19.8095407821585	17.8242351028032	14.6204553622656	19.2709370815225	19.9749285355417	17.551069597036	20.0538806219644	22.8058358540089	23.6939998100785	20.4422099832675	23.5858494017069	20.6222587996563	22.9352154993146	17.257044793359	18.0493154163808	13.9847922401443	15.0808581320825	11.5152950461549	14.513873948743	15.2720610265936	18.8815068784247	20.6832750308069	19.0570403001096	21.3609806422833	25.048095217002	28.5292222466719	27.7008845526637	23.2698035659951	28.0858994871092	28.4340678236513	25.1529801017693	23.8429785261825	27.1350849086565	26.4201265894015	21.836645667318	25.1588080997491	27.6774778294555	25.759888936096	20.4434623535251	27.2702977248141	29.3209357797462	25.9504825388662	28.3135959743725	24.0561737813809	26.019309156855	24.2107527557488	22.6717512777465	23.3783778094204	20.5758489739792	21.3987548235873	19.2024027142439
11	14.425755612792	14.4553483527724	10.6404988604858	10.6106311310874	6.08568262399544	8.15589443286265	6.68663211190806	3.72317149752734	3.16012246598135	1.32975712068032	0	1.32945740811806	3.34379813984038	3.19394473965972	2.86383623833486	5.08499960668632	6.91354655730328	6.35915481805561	8.80354735319803	10.9971113479859	12.4215019220705	10.3072190720873	11.0499052032133	7.13807403996344	11.6351253108851	10.4625967617987	7.6403315373091	9.0781734396298	8.1241055507668	11.0679201298166	10.7582731420986	12.3353846717482	10.7064755638819	6.28669038525042	9.38416826362358	9.87839000039986	7.06175884606661	4.07749641324183	8.19323354970429	9.89146596819703	7.50772675315238	3.67433817169841	9.78045862932817	8.77570361851402	10.25776993308	8.5337507580196	12.1534902394333	13.2703399730376	14.0527405868037	15.9968406255735	15.4271210859318	18.1545001859043	20.0510871026984	17.2451006955599	20.3109426664545	19.9034079996366	21.0277527805517	17.8935423267725	13.8634337737806	16.2553456438182	18.2923625592759	16.5067951159515	17.0751070567654	13.8641474314146	12.5779388613556	7.59091674305548	9.56583305311148	9.97307264588	12.5845409133587	13.9314470533394	14.0306320955258	14.0338950402232	19.3668224290925	18.5667185576773	19.2075903225782	21.6916102214658	22.0197579686971	23.1028102835997	22.9136562337834	25.1722114046422	23.8394113392089	23.7244086333042	24.9336070796024	26.0509054161271	21.4284025069532	20.6131541254608	18.2426445725394	20.1583195728215	20.8619291054303	17.0255345290537	17.2612779654347	20.2236542691968	18.1950839789213	13.4953306369277	18.803166595018	20.2462534064947	16.7308029992586	18.8716614530889	21.545734914363	22.4260474671753	18.8995054697206	21.7868383663165	18.5365328203524	20.1833993420335	14.0129422320939	15.4370948691779	11.4273894219108	13.6448667637321	10.8418195428627	13.8755564212755	15.9104387745907	18.7414429807312	20.9857191680438	19.141670512262	20.8411338703056	25.1839423641335	28.7934587189521	28.9246204642343	24.1229827550409	28.3999469893871	28.8261162316397	25.3739534562512	23.7837946930258	26.9111039907322	26.2407325164524	22.2058945777917	24.4593924086434	26.8547799097293	25.1516486139577	19.45124463884	25.8137990423727	28.0110683123654	24.5006854189837	25.9396756726062	21.7153630869944	23.271748365776	22.2396442867236	20.2604626057748	21.2478440788707	17.6795456106768	19.6313941175862	16.6442605723414
12	14.3411333234163	14.6745400609355	10.1367029156427	11.46939797897	7.18556810558497	8.76383899897756	7.36762275092855	5.93675551121991	5.56631062733657	3.87902745543261	1.32945740811806	0	1.33480410547765	3.21231956691735	2.88814958061386	3.0437018579355	5.14008326780803	6.63399608079474	7.7043874513163	9.49705575428512	11.3503088063718	10.2365797510692	11.694820862245	7.85572230924693	12.8576615681079	12.1850106688505	9.71889170636241	10.7451913431079	10.4453788346809	13.2178211517632	13.1817221940079	15.0188011172663	13.1401036145078	8.91422817747	12.1531019085664	12.4066937175059	9.27839328763337	6.48419840843878	10.7567686597788	11.9601506679473	8.9200841363745	5.45255151282406	11.804320946162	10.8634091334166	12.5371121874218	10.8099327472469	14.3787877444519	15.8196382702007	16.2161954847615	18.0317168899692	16.6758350615494	19.5755049232453	21.6572315405271	19.1062277281519	21.9478976214124	21.4667571374905	22.8402786541671	19.8472882530587	15.479996963824	18.0321174020136	19.2511425375223	16.9963657585968	16.7257840174983	13.8029617836173	11.88912427389	7.15200985737576	9.26527889488493	9.60810923126918	12.3757781977539	14.1280030082103	13.7169561127825	14.5389009901024	19.3214414317359	18.1131012805649	18.503199642224	19.8528437761445	21.1619221716743	22.7179899198851	23.09845341143	24.4319742550617	23.7468874802573	23.6988767877298	24.8768018442886	26.3613581213108	22.011222546692	21.2883766172999	18.8140674496505	20.3515076837074	21.302733486574	18.0978107515799	16.3955167042701	20.3723452749064	18.7803131763025	13.1387399700276	18.9190216184664	20.9877424703087	17.7943803769617	18.6706035521083	21.6521026692559	23.0922079498692	19.7536310079945	21.6187674486776	18.0430230560181	19.2143438347501	12.8110534305341	14.0044332980667	9.52079833837478	12.080985928309	9.14791489903573	12.2512163477754	14.4426643317637	16.9461986592864	19.363341266424	17.806214476974	19.0774402108878	23.5034590007514	27.134793992216	27.8608750400988	23.1437744976916	26.9723248719868	27.671458581	24.2751598552924	22.3123805543021	25.5066994728836	25.1885784831141	21.2346020212294	22.8327563163101	25.5379931083083	24.2804697854057	18.2502277794005	24.4987000675546	26.8560891419432	23.7427043741862	24.7582912576777	20.6918048995248	21.5220139856845	20.3781309741595	18.0851193250141	18.8534856724161	15.1082577751374	17.0307384161697	13.8759698760123
13	11.307776129726	11.5487638299517	6.79711306364695	8.15260657704025	5.41241036877286	6.71115198755027	6.93096631069579	6.90292481488825	7.28966508146979	6.52167317488388	3.34379813984038	1.33480410547765	0	1.3308170422714	3.11668108731067	3.23245464005297	2.93366085292762	4.68666555239436	6.65402134051282	7.88122490479748	9.22443635134419	7.51163870270662	9.17469241991251	5.24758315798806	10.5203225711002	10.3961536637354	9.40301621821424	10.5269354514977	11.5317822993673	14.1285818467389	14.9029410184701	17.3011678218553	15.6945452944646	11.2334533870934	14.4341326376059	14.986017950076	12.0321670949169	7.95451833865508	13.0196418921566	14.3201833437984	10.9732590418708	6.75008888830362	12.0736471291818	10.0640650832554	12.3058577921249	11.8889204724399	14.8983565872213	16.8488023906745	16.2300215957959	17.826243687328	14.0985004521758	17.9808579606202	20.4054467728594	18.2017282970601	20.1430882190393	19.027839525285	21.0474063960384	18.6351346118025	13.7797493083147	15.8614011360913	16.3697093743292	13.0645744285836	12.3969858030087	9.42607028405793	6.829965007231	3.73829118716025	4.86838155858803	5.32055542213405	8.22800498298342	11.1689332077867	11.3581380076137	13.7717544996997	16.6697048264209	13.8625530837577	16.122624910355	17.414393673051	19.317561155591	20.987940799421	21.4912137861034	21.2508660294116	20.3743325044037	19.925107302095	20.6014317463617	22.4840815244919	19.6814561961253	18.4500270731509	15.6235749430148	16.2767701034327	17.4149663508145	14.7257369934411	11.2041942592941	15.8061681630938	14.8224047644099	8.12409225698477	14.1870466976041	16.510220258979	14.1909267491591	13.342823276953	16.8310880812858	18.7020293283911	15.6297873625971	16.6013101290229	12.9691873685285	13.9803458111736	7.87138806056466	8.19062793685564	4.10374085439127	6.47856172309873	4.47100413777487	7.41868094744611	10.5630912615579	13.1858180633588	15.5689842314777	12.7617673149137	14.0260181805101	19.0077283755845	22.5969728061083	23.1775085158004	18.6332182137171	21.904834124001	22.2923212115742	18.8950954747522	17.0784327442538	20.0254664115471	19.6831419493942	15.896890450651	17.2411751919641	19.9485206719696	18.9007417843851	12.7276480545307	18.8699091942701	21.2563923091384	18.2775475652507	18.9948626212458	15.0420023268181	15.7147203602228	14.8348934610263	12.7439681025966	13.9382705168181	10.8647919906457	13.3687485577372	10.8423928632014
14	9.97461753652741	10.2177825872349	6.83181923062957	6.25839731880296	2.78485152207438	6.0161696285926	6.29748664151025	3.7195609956015	5.88259577057612	5.75941394588026	3.19394473965972	3.21231956691735	1.3308170422714	0	1.3308166665623	3.50148025840501	3.58591215731786	2.87046790610869	4.94115593763241	6.87511178090946	7.77497884241495	5.56795626778803	7.06332308478098	3.15230978807604	6.89695454530477	5.90965049727985	4.32268458252507	6.73557139372748	8.69148801989625	11.509547471556	12.9372013202238	15.1174591780497	14.3905098589313	9.57281708798408	11.3875463116512	12.5085868506398	10.2346098118101	3.02733562724717	9.63490996325342	11.4805474608139	7.98186807708571	3.81899986907567	8.12817943945629	5.11785658259393	6.95556683527662	7.15899378404535	9.89039377375845	12.3455226296824	13.5735974229384	15.6694146987052	13.406527067067	16.8008139683767	18.6917475105994	14.8065127562164	16.9719087317838	16.004305170797	16.9334977190184	14.055108003854	10.4399788313962	11.6499963090123	13.3677511197658	11.7216494146515	12.9813465403247	9.68589123416116	9.18629816629092	4.44017274438732	7.11316434507175	8.30419731220303	11.3268560951395	13.7142296174448	15.3156854890664	15.658024045198	20.209829489632	18.2567546130193	20.5217906869747	22.2234677087083	23.694985861992	24.9416915224289	24.5716126658386	26.0451931073663	24.2299021459023	23.6176054247673	24.316196433653	25.9717712333988	21.9441206932518	20.2654586920701	18.0249751456139	19.2599919522309	19.6091397567563	16.3458673982141	15.535391916524	18.0544915741208	15.7229710932762	10.6736004234747	16.0965669942382	17.4717049826283	13.1823613590282	15.6285355679923	18.1921007308117	18.3942096051991	14.6934973712864	17.7191911779291	14.5305519165653	16.6290825363277	10.5597216345887	12.3553972416916	8.94912632607228	11.2918357232117	10.1122097486158	13.0089460372468	15.9197370895376	18.5287566771222	20.9117392390016	18.2136766744115	19.7023510779805	24.6175562150267	28.219487132122	28.5323868962973	23.852896469821	27.3847265825314	27.1324397354901	23.5963847654678	22.6244037048493	25.2645818093235	24.0038587314623	20.5089972694913	22.2936673968192	24.461398856157	22.3937418713354	16.9468346011873	23.0220368125846	24.839817511407	21.2630540844912	22.7937065217573	18.3118380562957	20.2356494089021	19.6378598375689	17.6710513552533	19.0318361962266	15.4685066506111	18.3202059486241	15.0074223303004
15	11.654244119633	12.7514585048143	8.81134688909703	10.6440575909754	7.42753835399051	10.5479818448839	10.4557843321293	8.53356185891917	9.13886267540989	5.85444062229689	2.86383623833486	2.88814958061386	3.11668108731067	1.3308166665623	0	1.33281694166904	3.25115948547591	2.94501086585431	2.87616219987677	5.16036675053237	7.02692827628118	6.75803270190371	8.90984999873735	5.66273087829538	10.4988028365143	11.1282517045581	9.75377767841773	12.0610643394354	13.0951867493366	16.1027683023758	16.4306552516934	17.3673044828494	15.1690495747097	11.6900337895149	13.2233203092113	12.4059231820933	9.2734090818857	7.36225400268152	10.7011513866499	9.71513257758225	5.68711323959704	3.87201924065467	8.73800217441035	9.11169407958806	12.0264314324741	11.9908573921968	15.1448620990751	17.2607361082892	18.4398519245682	20.5058654291888	18.1871614057829	21.7272372380844	23.6462508021885	20.2030122754009	22.3167127731662	21.1866912235016	22.222017595169	19.4862052745012	15.7545856498989	16.4516404957074	17.3709256230058	15.4418395277247	15.4841796360027	12.7428705557264	11.8714458260146	6.51168680143632	10.4569739408684	11.7858513905445	14.9495705958399	17.4403705809252	17.7604084975543	18.8206991634211	23.1930129133754	21.2269076645657	22.4874093883666	23.6583560713757	25.1355023224124	26.692299132896	27.3739680170778	28.2007901307747	27.3620873107298	27.038219578959	27.873834773852	29.5918304435532	25.7725309777678	24.5065999273665	22.0170870234915	23.151404147481	23.8482722644639	20.7206929662113	18.7225413339108	22.3217148534784	20.1497889815253	14.142992646537	20.0726039416913	21.7209661157141	17.7579062391939	18.8878691492714	21.887540748106	22.6433124343591	19.0853018315142	20.9055506983193	17.3635736529091	18.2937788879171	12.079133992137	14.4315056040595	11.0742123421939	13.6641652141651	12.3093252861398	15.1831392011007	17.9352204893054	20.2661945367156	22.7332513512696	20.6172646585331	21.8553567117995	26.6346250020532	30.2570262087998	30.9371181269361	26.2809567177453	29.7612979891671	30.061621879067	26.605088197561	24.9837980699493	27.8214746913243	27.1000496309509	23.563875126982	24.763517621695	27.1449104253449	25.3939618610409	19.8166638463693	25.5002260970369	27.7139186330623	24.2235767177351	24.7695087960985	20.5569920465033	22.0216985720902	21.75331409234	19.4099847243629	20.4787566517111	16.033386198804	19.0111166689387	15.0469633481311
16	11.0170240083246	12.5177011867195	7.97781191806375	12.0037662839627	9.39486098885982	12.1160746943884	12.0839725669996	10.8685238648126	11.586578960159	9.34910006364249	5.08499960668632	3.0437018579355	3.23245464005297	3.50148025840501	1.33281694166904	0	1.33288896761883	3.17480093864166	3.00692085030517	3.38998303830565	5.68855420999044	5.87973902482074	8.88588110431374	7.12478097908981	12.1287167499287	13.3040848990075	12.3536578388751	14.5034863394978	15.5774563071125	18.4430255110164	19.1559340936431	20.7933869535485	19.0985660456486	14.8234653843155	16.9743593988109	16.7998153263659	13.7224790034454	10.1937471520536	14.8381930840652	14.7579695757919	10.7119142080209	7.44972187400308	12.606425147519	11.7341079763227	14.7370670080583	14.7432995628523	17.8526583174607	20.0678106678332	20.7746831985472	22.7868906610797	19.8498968511174	23.6356886720062	25.6960816079028	22.4662500208646	24.3657340542	23.0159511209074	24.2776992526063	21.7732819988168	17.8458084714591	18.1669339735686	18.0255239590976	15.7704555736351	14.4509179639219	12.7048552530125	11.8163405925862	7.04508864387099	11.1410779101486	12.5636029068098	15.6974645723442	18.3510106806137	18.1491446905908	19.8077521692897	23.6652553968893	21.4509419373602	22.4482208203679	22.6686157274766	25.1343568248722	26.9743412338467	27.9125164397623	28.0288954652159	27.7332678384643	27.5067243233359	28.3307990356785	30.1352307440975	26.7560925024563	25.6517707965746	22.973378941723	23.8959641153062	24.8240387326478	21.8532312027306	18.9593956918463	23.1785099175939	21.3593329717948	14.0434992790259	20.7911178631645	22.6617311783544	19.0752665250056	18.38841238389	22.0810471898413	23.1327717535102	19.6662614139038	20.1999510147921	16.6368414370036	16.2801154172813	10.1731296069597	12.9456966208853	9.56918836683655	12.915691619112	11.8818118988646	14.6595378849403	17.4278532527675	19.1595445144189	21.8047621862748	20.2383128990536	20.7569518475136	25.5305144875696	29.1111143723493	30.4174306771627	25.9753246177983	28.5596666822286	29.6954405422785	26.3892958792007	24.2566687943749	27.1115318822084	26.7391843368492	23.3363232322489	23.5665743798287	26.2015150134491	24.6975854285394	19.2937885600522	24.2338920109833	26.5876852132712	23.4902532553398	22.9773967411454	19.0517652987853	19.6646375761162	19.8806789370987	17.2100548517429	18.3589803910784	13.7374057958553	16.8583563255734	12.7557301241442
