3	4	5	6	7	8	9	10	11	12	13	14	15	16	17	18	19	20	21	22	23	24	25	26	27	28	29	30	31	32	33	34	35	36	37	38	39	40	41	42	43	44	45	46	47	48	49	50	51	52	53	54	55	56	57	58	59	60	61	62	63	64	65	66	67	68	69	70	71	72	73	74	75	76	77	78	79	80	81	82	83	84	85	86	87	88	89	90	91	92	93	94	95	96	97	98	99	100	101	102	103	104	105	106	107	108	109	110	111	112	113	114	115	116	117	118	119	120	121	122	123	124	125	126	127	128	129	130	131	132	133	134	135	136	137	138	139	140	141	142	143	144	145	146	147	148	149	150	151	152	153	154	155	156	157	158	159	160	161	162	163	164	165	166	167
3	0	1.32743549749131	3.96413231363434	7.03840926630443	10.2998231052771	12.5716777718807	16.2484541418561	17.8235142999354	22.2954269974809	25.7511942441511	28.9112385933221	30.6466767692681	30.4058335521327	27.6740530099948	24.175156131864	21.4850744704318	21.8951445074016	22.4015764400633	19.4968559003753	16.8060586991716	19.6293518486984	19.1572101048143	13.0882507998586	14.4890578713731	17.602347599113	19.6405673288732	22.3268626322643	25.5005859736595	27.5935253456314	30.7799600552048	31.4240330002373	25.4035375095674	28.2782954401428	28.4630179355598	24.2356094621117	26.2326483603924	24.4767016773094	21.3675821748742	17.9462199641039	11.1536760307981	12.2449106570853	8.17290609269432	8.15882087068959	5.40888241691387	8.07737203550759	9.11971721052797	9.41359633721353	11.0752323226197	8.00395558458441	6.07265946682341	3.66110912156412	5.57548616714274	3.82449003136366	7.22807899790809	7.54587542966354	11.9662082966995	14.7555318440238	18.2439025156352	21.3290533076365	24.7047449086203	27.3988595018114	30.1427400546135	33.0284994966468	32.007037804208	28.1103286533616	28.7374713744964	29.1442562951948	24.589903781837	22.9547277047671	22.3635109497592	19.9897359662403	17.8645257983524	19.0838899074586	17.9950412614142	14.1075486885568	14.9376930615139	11.9103156969074	14.6081422843563	17.6727161749404	18.0603530696385	22.4068668938788	23.4523098009556	27.8412989280314	30.8755205462191	31.7533220151845	35.0246571003914	35.5184469536606	36.4918912636766	35.43405586438	31.8719193805456	32.0880174675844	34.0683665737	30.8995926348552	27.7983546995141	31.3733597021422	30.8106109157219	26.7365874037806	27.4602594488836	29.0875628404994	27.179562726431	22.781778881378	26.2478448258138	27.6090133470937	24.0562119004635	21.8873444940221	18.3367127370202	21.0031986849622	17.0212132940046	18.1858162313381	15.6875757528051	19.6635529088718	19.7971695451648	23.1717854944327	23.6308694931016	26.9161062748682	26.3235876354269	29.2661001501738	29.7203518316994	31.0265917077593	34.5047290961688	36.4536918020658	39.2198470420271	39.0871017856274	34.647179697632	38.3915615988722	34.700221930126	35.2819145739003	31.1621027050486	34.9551962660775	34.0936592491918	30.3790922510861	30.5193467983835	32.0149091674488	29.9515504273151	27.1626196085724	28.9941432706676	30.2392610028751	25.7401013789767	23.1039525189955	23.7559514648435	20.1002112924218	24.7312087047924	23.0795988050053	26.7099101645812	23.769540908482	25.8514258600952	24.7833174736555	27.1938632967072	27.2720006783514	24.3889368361969	24.6495880898647	21.5286059465075	18.3407472857569	14.9823248863452	18.8588416929566	17.6397531161862	14.0782488257595	15.546553766028	16.4908083792154	13.3000963530344	11.0759390572538	14.1051135053923	14.7140818945662	10.4123246203718	11.3172156027885
4	1.32743549749131	0	1.33493408076953	3.50721884119027	6.87238102843549	8.82478843939049	12.8461322973103	14.9326478228076	18.9224616263318	22.4123850136481	25.7592786583786	27.8367466130653	27.7495400502423	24.6041888506815	21.7111176359026	19.1668186196875	20.2804121752986	20.6617127557228	17.517349599754	15.2312598297055	18.242687219815	18.0661487594894	11.0555320089085	13.6532362097782	17.297840269814	19.2582336157811	21.7813712607815	24.6997592295957	26.6201767462201	29.6357390662018	30.383175163238	24.1361974014135	26.9708384000201	27.026456130984	22.7740209229727	25.2163839001551	22.7993184547258	19.8905929775862	16.6219715437129	11.0419136022702	11.3523224936574	8.34568696992644	7.22918397884575	6.60793084104245	7.02236811908917	9.09211488048848	7.35593080445976	9.30296022779846	8.25119161091294	2.82277983555218	2.73925117504766	3.47784502242409	2.92465126126176	5.20304804898052	6.97165073709233	10.1589947337323	13.0439593298967	16.206738289983	19.0265963850606	22.5650159760635	24.9687977083399	27.6841239883078	30.4404228945657	29.818690933708	25.672687315511	25.9254198423092	26.734337227618	22.2915719723845	20.1232369414068	19.5733880817808	17.7678703563483	15.0527933952473	15.6487245486653	15.1778578857492	11.2644948843701	11.4120501225678	8.14447849773084	10.6928667811771	13.5827248370863	14.2897305083056	18.4879485341127	20.104214632758	24.2423763480398	27.4669599337094	28.2837724852962	31.7058230298474	31.9685638870438	32.6773671063016	31.7231416161767	28.1437361769897	27.7058424344036	29.9840922657332	27.0418087782604	23.7972558291917	26.3378167090592	26.4892453837402	22.7987603610372	21.9892101950025	23.6008658739462	22.439299743976	18.3967350364134	20.0579197575422	21.9554311731744	20.0018868609939	16.818445409728	13.2934764076219	14.0897595437254	10.1833008892009	12.0480290089292	9.28992933234694	13.9698246588853	15.7533375828743	19.1092387603484	20.0692779640923	23.257505068257	23.523271264856	26.3517779855554	26.7971120458903	28.5857511358369	31.7899229473744	33.5386188296417	36.2633553466857	36.1197278644233	31.1268222920362	34.7916749956078	30.7565789547537	31.0756640154318	27.2451092491845	29.5767930986441	28.7900946333978	25.2175441706761	24.6304041582756	25.584200222012	23.706545825995	20.7000031400964	21.9825776013642	23.1617308075195	18.7663514035094	16.1173174566986	17.5983694131019	15.931804323428	20.0771573187043	19.3845100531326	23.461833986285	20.5809291821336	23.6249344126074	22.7048427873879	25.2478714746412	25.4618851226691	22.8115295629206	21.9619444949667	18.5041693950309	15.5699697494889	13.5607522652691	15.5031425523989	13.8816987793281	10.5886004268742	11.8424789212394	11.7669298034789	8.83040435087771	6.92632232862433	8.748466494192	7.52585875498604	3.30762543223987	3.29248507969284
5	3.96413231363434	1.33493408076953	0	1.33292760493584	4.19835408225652	7.33907902941507	10.79764247417	13.6455749237619	17.1456736525574	20.6548371574312	24.1179183388617	26.1859681890894	26.5859365830884	23.386508525216	21.0589726482561	18.3225258084141	19.6939601401039	20.546800675531	17.3818091693586	14.615638337069	18.0047328500036	18.6319603638479	11.8016668314268	13.7693695934128	17.7105695560589	19.9445221050794	22.3636476899454	25.0325117796836	26.5793743718696	29.4656394805882	29.7425046860549	23.4269034445443	25.7924299747038	25.5019894714118	21.0191489123608	22.6102527628507	20.5192504249059	17.4075627817337	14.897662568336	7.91962303395812	10.4087074125465	7.42820530141703	8.10508167756501	7.78733388265843	9.18118608895387	11.1815970683977	10.7160068589004	13.2287192501769	11.8756516031753	8.20636253159705	5.24036191498259	5.67670494212972	3.44914322694782	5.66701076406248	4.18238711742469	8.71279438527043	10.2781460390481	14.3997020108056	17.0186472435385	20.4918271025304	23.0411640981961	25.6802347535999	27.9765814030235	27.2240594327885	23.0656665630976	23.1298668824531	23.7586976915823	19.4177770869891	17.1950007560337	16.2042351562794	14.4710565612881	12.074936397348	12.4046714587691	11.6496160022552	7.66902040680555	8.28546281145477	5.72786757877659	8.49577177188747	11.8207301804922	13.4648002584517	17.255976732715	19.1380129062554	23.2937496122887	26.6161507359723	28.0373751624506	31.1616415164542	30.9667719499466	31.5034586831351	30.2703150627806	26.82918757622	27.1278719032658	28.3180754642684	25.219892902231	22.606722473636	25.2492496522174	24.4628291495485	20.8281293207047	21.169052269764	22.5868252527884	20.5215618314006	16.2619616897839	19.8043732796572	21.1296161820323	17.5434267177197	15.4772241374221	11.9079996640914	15.1338501710569	11.4105823690117	11.8883042945577	10.8822309293637	14.4011409964627	15.2722006600228	18.5098402478249	19.6889607140651	22.9530860234523	23.3500099143448	26.1849610845615	27.2335008766776	28.7824848128163	31.9087370010159	33.6751136746411	36.3888153833015	35.7252127355457	31.1103833148999	34.2309965528321	30.1681155029611	31.0836854475141	27.6360001447387	30.9498760740653	29.5392323867767	26.0265888083706	26.4792831851619	27.5036765905942	24.6490986853475	22.6202108522445	24.6616133089464	25.2664962549222	20.5846422363858	18.4694307708711	19.1868867980191	16.6899613840176	20.9616915586505	19.7185152077939	23.809416036518	20.8327218096916	24.1508002765954	22.7577599512782	25.5358325887369	26.3347260095867	23.8639704366227	22.6630170542229	19.2369324217766	16.3688578098779	15.3908366894071	16.5318772376279	14.3364609649662	11.1922415091884	13.710575224986	13.6699642281902	9.22350941887089	9.75279954679681	12.5927092398737	11.7186328127474	7.49488765759701	10.8283426709723
6	7.03840926630443	3.50721884119027	1.33292760493584	0	1.33356702118791	3.49657775546319	6.90702729109998	9.38465140535332	13.1127163852499	16.6089204044092	20.0096348292516	22.0019394372405	22.3306786506814	19.1682379471875	16.8949249184481	14.1375716797476	15.7237289152415	16.6752128921942	13.4663296781268	10.7886830058168	14.2734911636922	15.392655196554	8.96887668551642	10.682623554165	15.0125014904246	17.2501378835069	19.3019061493936	21.6207941343513	22.9025583505424	25.6492656620029	25.8431732571679	19.4984130636316	21.8117298947149	21.5404632726411	17.1785698473418	19.7262062749024	16.9404034485605	14.2038180078456	11.2569134757268	7.10811409587663	7.30925351865702	6.80665806398412	7.05922417833575	8.52220047874961	7.68079481564245	9.66854394415209	7.50576351879008	10.6593451018344	11.7889896513654	7.28173420278439	6.54834589801119	3.23986882450509	2.83716354833485	3.38080715214577	2.69365179635379	5.07058211648327	7.21214794634719	10.4158089940244	13.0467423136965	16.57622155378	18.9732909638787	21.6535086764247	24.3484295386787	23.7675660512388	19.6405436533717	19.9984033612686	20.9140401166298	16.5184267410671	14.324595247336	14.0204831942412	12.3880034307389	9.32313922453161	10.1833073212979	10.017916200488	6.68903236649368	6.50125095654675	4.01739057100501	6.08692697508357	8.7701848327159	9.65907247099845	13.4880624998552	15.0257434092294	19.3100008803728	22.5595434572599	24.2703650776003	27.1680862226253	26.950911858414	27.6412186055536	26.3550877251433	22.9041593384258	23.6543451188149	24.8091436974354	21.5774822674009	18.9146538429864	22.2875243578106	21.464607100993	17.4630476721562	18.661834797254	20.2773865426489	18.2029888205207	13.5249780776162	17.661933557796	19.2779595652652	15.8810688872003	14.1093308487681	10.7355801892585	13.79784146162	9.42575970412995	9.87732701696162	7.79745073726022	11.3748914280533	11.4705927484154	14.844835095076	15.9185284809872	19.2800690092126	19.4088486520968	22.2579646418984	23.6503391307609	24.9978620085799	28.0226052322049	29.9211572302944	32.6338750687074	31.7645073627783	27.2515066922913	30.4501676842674	26.559785089492	27.1351223693574	23.3268460148388	26.7120660376542	25.6977196459141	22.0179258787017	22.2722328247529	23.6934418141392	21.5570544601993	18.8628651588246	20.721347398275	22.0495490203315	17.6201067249889	15.0137267192393	15.4182471766411	12.1016735206334	16.5685547347981	15.5745280827382	19.7474388465948	17.3066776996626	20.5837893984563	18.9289779174682	21.8346803732045	23.0955673885705	20.7377501431568	19.1649735455074	15.4547717550276	12.9645441493328	11.5369670624476	12.0442432722027	10.0972677492478	7.17814335326343	9.09484645279952	8.79617104199322	4.93702633171021	5.2465499139911	7.58934812747445	7.89256080115953	3.81563310605199	8.16919414630354
7	10.2998231052771	6.87238102843549	4.19835408225652	1.33356702118791	0	1.32668685076773	4.3634429066965	7.84221053020129	10.3540884195568	14.2109399407639	17.7626266357203	19.9692669119324	20.7519643648499	17.4874138167998	16.2200947592793	13.5201149773218	15.0878127308103	16.6842885673918	13.3610287403328	10.9234782921925	14.7835978706132	16.5400633009671	10.7287800331631	12.2088496591612	16.6061661138265	18.8187762885901	20.1770975613441	22.3247117114645	23.285588096503	25.755487745333	25.6129488735678	19.3182049373124	20.6457748219823	19.3313952160727	14.5309455645529	15.6225843252645	12.4257079476382	9.74504658788248	9.62053023486751	6.68848884278056	8.3622372006539	8.65342672009187	9.27091333149005	11.1544432402518	11.741624589468	14.2852041637493	13.1378761601714	16.3884526420282	16.8979575393004	12.5213741658015	10.3663405307756	8.52917287900767	5.3281233093839	5.63268612652969	3.59233809656051	5.75471311187621	3.65805754465399	8.93573533627759	9.10384479217435	13.0949399387702	15.9984680829134	18.1414420044273	19.3963016320122	18.1208077634525	14.1630929531653	14.3671039531285	14.1247943701846	9.89596134794392	8.52546497265691	7.66026167960338	4.72714237145445	3.73018726071494	5.88754864098803	4.43937033823492	3.73884126434916	3.53814131995883	2.74051637470021	3.09894498176395	5.54584294765007	7.73262238829752	11.0853491149354	13.5798030545365	17.4136106250255	20.8734339292796	23.0090697334768	25.7350750921772	24.8918917923086	25.1402922218498	23.7103333169317	20.4148629679457	21.1355644826439	21.6268913623757	18.4488718896305	16.3054387552129	18.7744567431391	17.8596010593742	13.646900637141	15.051602107417	16.6358905081754	14.3629319430261	9.86695718040775	14.0683757768976	15.7375849799135	11.6900208297505	10.8862442100111	7.79937112849491	11.8887557380914	8.80646228629862	6.39227862346441	7.33749262350566	9.50528410937832	10.3746523315242	13.1889807794234	14.7666601843477	17.9488487095969	18.8384324719442	21.590450805854	23.5537208525532	24.8024309494049	27.2668621223638	29.3276414496631	31.9362104984295	30.438844146912	26.2786094380962	28.5489913832345	24.4677073915804	25.8223532041524	23.2371238323507	25.9292765228805	24.0181368553017	20.773087709823	21.8075185658525	22.5701177223337	18.6306154487714	17.9440512984108	20.0291952159841	20.4132140781407	15.8503210693033	14.4098286249351	14.3874130058187	13.2531289513081	16.6227300104405	15.9975885057717	19.7490510151754	17.0888702376722	20.5833272577589	19.0194837206482	22.0615389535726	23.8053589975031	21.5668644220712	19.7294946970266	16.554316446172	14.1642666947499	14.4267149760436	14.5736646386556	11.4864766138272	8.35825274803293	12.7432765409843	11.5872649922231	6.75063745138191	9.99172627727561	12.4728390513147	11.0078323479239	7.32934765173545	12.5997440450193
8	12.5716777718807	8.82478843939049	7.33907902941507	3.49657775546319	1.32668685076773	0	1.32628013632113	4.39354742776267	7.5204046433686	10.9949061842291	14.4609792545318	16.4322569661018	17.0308091704417	13.5440143605949	12.0126018413997	9.68984261998099	11.3393698678542	12.7253670281057	8.89496779083544	7.53642680585435	11.5345230070428	13.0874697707387	7.74950340344464	9.91806659586434	14.1153485256298	15.9690538855625	16.7358667836476	18.2936542002958	19.7552807117489	22.0696814204465	21.8408540583925	15.6135882487018	17.1825965732773	16.5190080210647	12.177069105495	14.9716280343856	11.6812554547874	9.41939223092445	7.18465093097779	6.76383840729508	6.86083442447054	8.95218442616103	8.18778077381167	10.4592652705627	10.4207320760108	13.1983041334862	12.0251024943657	15.4959706375561	17.4299373205987	13.2923814645834	11.4929730705331	8.39599380657227	6.73206134850241	3.53060476405955	2.94359660959174	3.53883172812723	2.81000391458802	5.37292071409955	7.43763141060378	10.9549551801913	13.2504814252162	15.8916443453785	18.5580123127451	18.1854176196204	14.1584030526045	14.7565536288118	15.899833772716	11.719432836106	9.60746033038909	10.6532718448372	9.39936731913377	5.79065333101542	6.82249932209597	8.386403519984	6.45948689912752	4.3060600320943	4.95294185308085	3.28626444462402	4.71863624366193	3.91102978766463	7.60429385281763	9.18505710379636	13.3401223757505	16.6511229050776	18.5706392458633	21.3391530759775	20.9910662187513	21.6935987102186	20.5246008974596	16.9964553951699	17.866143848072	19.25702375758	16.1059172356001	13.0447142168773	16.7611081077595	16.29122542966	11.901094529496	13.7646975992936	15.9845455675161	14.1677195765585	9.22813610649518	14.1911405108962	16.043338461804	13.1580311977134	11.7571979655018	9.56669958763209	13.7957556516488	10.9268737066006	7.31743144826106	6.94570975494945	8.86233902533637	7.36755990813784	9.90228185823853	10.2792969603957	13.6081141235661	14.2005334054746	16.9045122082833	18.8638354000452	20.1681124054781	22.7188894755003	24.6081945904205	27.2532035731581	25.9908472158951	22.034074974911	24.5300464532785	20.6956587476698	22.1197067114372	19.4322899834271	22.900898257492	21.0809484132	17.8115799692223	19.3145792084632	20.5376318985418	16.4185934233113	15.8092285074257	18.0990306094001	19.3350279286067	14.4539153173111	13.8159152791265	12.6328959071149	10.4780985393343	13.5926696789115	11.9482833913496	15.514041962042	12.4578799962112	15.9246760092631	14.702630853014	17.7013418700391	19.514541911098	17.3727612658437	15.2218475225578	12.22218356105	10.1446323738221	10.9925051284955	11.2566803721168	7.82215366762888	4.57189391827938	9.57158931421527	9.3945333572243	4.30958443472222	7.87296418129792	10.6855006901876	11.0333149143854	7.34598026134021	13.2805611327233
9	16.2484541418561	12.8461322973103	10.79764247417	6.90702729109998	4.3634429066965	1.32628013632113	0	1.33036010162662	3.89328267661109	7.36927323417988	10.8627074433587	13.1989703765104	14.189258789662	10.7497848815686	10.8941296577561	7.28137940228361	9.79281057715302	11.9502275710549	9.50862271835411	7.47692650759655	11.9321708837914	13.9846432203328	10.891297672913	11.8164368571918	15.8109901334483	17.664788733523	17.2574627914998	18.1141695641837	19.1596825130272	21.0887308769399	20.8018238623444	14.8814913231168	16.0707583206269	14.8817393472672	10.7619191597038	12.8449088357995	8.94667631022829	7.77041530421637	8.06917133291889	8.96303988611007	8.99833879113251	11.0702775936288	11.7733781048601	14.1765071156474	14.7952445400541	17.745324229216	16.6382768939575	20.083437902909	21.9914120283351	17.5451195778199	15.8810952393089	12.9576740196688	10.4037048208799	8.09418964443013	5.25091639621124	5.62836992387671	3.43962294445191	5.60050479867663	4.00753652509868	7.98584316149522	9.97292404463204	12.246823098257	14.0607910872753	13.8424244263785	9.63692113696071	9.88591214810247	11.3463290098604	7.62911305460864	5.17874212526555	7.37869216053902	6.74986710980298	3.65224054519962	3.43942858626255	5.9818828975499	7.43182850986216	3.65577406304055	6.39237334641837	3.11341227594419	3.283575337951	2.77752569745088	5.24124498568804	7.23454283282641	10.9343841618996	14.2772369175552	16.8202758895328	19.3339150717075	18.1988574091892	18.6398982025117	17.0721863274743	13.7809762353761	15.3514149836424	15.6638857886541	12.3164561461485	10.2868341582821	13.4024050453641	12.2615699239535	7.4549391680952	10.361339729977	12.041224771592	9.76880182008009	5.09950281890304	10.274162836942	12.0452021153653	9.57517613415022	8.28142071144801	7.78169062607863	11.7856990458776	10.7389997206444	4.99513773583872	7.09412869914269	8.41784354808285	6.96092443573409	9.1899894450429	9.6275874963565	12.6286064155947	12.9763533012939	15.9688890346198	18.2211099003326	19.7737427413224	21.3025118002549	23.7020421693997	26.2062780836959	24.0903718734269	20.9486664492039	22.3840975918173	18.680986617414	20.6678520654663	19.0182810474554	21.7507409299086	19.3732291577837	16.5811460098511	18.4391590101067	19.3083470550951	14.0259644231689	15.0106593459448	17.3238709588821	17.9714242896883	12.6661652444613	13.7282938852576	11.8949651954094	11.7569673385614	13.6335512615019	12.7525325327952	15.5823802417987	12.941107757839	16.1834031031795	14.8403510740144	17.9083155545127	20.1763586903088	18.6941772752908	16.2293325802388	13.7970791474138	12.4624579437605	14.0874148799558	13.682915296091	8.83077267287523	7.54713886184692	13.1884625715054	12.2884099052725	7.23260630754917	11.8407441066852	14.5293990584607	12.8507839838665	10.7358264702816	16.3534595116752
10	17.8235142999354	14.9326478228076	13.6455749237619	9.38465140535332	7.84221053020129	4.39354742776267	1.33036010162662	0	1.32426621190756	4.33729374149365	7.66801760561359	9.46546359139371	10.7336545034764	7.86260790069046	5.65840127597893	3.32588243929337	5.00803614204211	6.70310211767656	4.82744000480586	3.37198383744644	7.25264496580385	9.08106430987029	8.13009403389653	8.77232147153762	11.9496065207186	13.3409525896766	12.1443353461604	12.6696584800065	13.9919054099147	16.0071701434076	16.1064069549978	10.1837496532466	12.2933691883064	12.1705146152494	8.83145910934314	11.6244777947226	8.32001592546553	8.27238115659572	7.0821991641015	8.72810678211489	7.97101154183081	9.73812194419438	10.6625927428557	13.4224135683565	13.6135609963007	17.4464536224414	17.2643925465103	20.703594035819	23.2234005692534	19.4558715559083	17.226164227709	13.4485848697921	11.9148253029577	8.55545890060843	7.12131694281332	3.31136437137323	2.89566244579716	4.20682231619069	2.31125831529061	5.98369810401561	6.87831679991551	9.30327963677326	11.8826820625648	12.6852978680045	9.23647882041636	9.09627132400963	11.5266144639265	9.36690802773252	7.16139909514894	9.42207885766193	10.0327154848525	6.67877975381731	6.96926746509273	9.59263305875921	10.8918946469382	6.8587172270039	9.85925215216651	6.0761454887124	5.51700335327069	3.3351824537797	5.60821335186171	4.70177987574919	9.33454948029095	11.8335588053637	14.0520300668622	16.4321867078	15.9426670918012	16.6169941926932	14.7021270229855	11.672454283483	13.8896089577785	13.9796996033534	10.4408777887685	9.41634557564664	12.2708287413687	11.5910415407762	6.59540089759523	10.2468903087717	12.7077191501858	10.4070074949526	8.18028911469515	12.9747167213778	14.9659812909144	13.4130048087668	12.3537830238352	11.9463178008958	15.9244519528931	14.3470033456468	8.91018681061177	9.34181422422861	10.5312281335085	7.94150898759172	9.71757284510901	7.59911863310476	10.7425901904522	8.79755858178848	11.8909254896328	14.3476627364878	15.0942424122577	16.9068606488609	19.9094932883788	22.5333769107074	20.7452057835057	18.8277058081966	20.3425279402536	17.5238881815652	19.8268813735292	17.9663942403589	21.5271995624141	19.2861061129508	16.7156633431043	18.7103331343939	19.9757713993728	14.0805893697672	16.0043062330112	18.5431788267276	19.1850678914618	13.6616873408814	15.7817752170027	13.4554457748527	12.5201817079466	13.7776986830167	11.5120332695836	12.9804525730038	9.35784253981654	11.8209777514383	9.51015688619278	12.6655355196691	15.143760101111	14.1098045344363	12.5501890025609	11.1482146104208	8.82083289718154	11.7162081750027	12.5265422603366	6.63563847719268	5.31802425718424	12.2087544819281	12.8435571786013	7.53135704903173	12.7503572106824	15.5094995728424	14.8917026561774	13.5781131973482	19.4804197593378
11	22.2954269974809	18.9224616263318	17.1456736525574	13.1127163852499	10.3540884195568	7.5204046433686	3.89328267661109	1.32426621190756	0	1.32061917296396	4.74178131085777	7.68102681937773	9.44686831706677	5.49086568766711	8.16654008745442	3.67949126918383	8.57045179672577	10.9380943495657	8.02088754440554	8.46499669226161	12.4963747142921	14.391530599627	13.3484712982424	14.1753549867367	17.2438090339693	18.7152888836908	17.2383986785316	16.05533559288	17.4585381404057	18.4264879453465	18.9506727585065	14.0052496943111	14.4676805673888	13.5060638973759	10.5108797443411	13.5014820667955	9.87765706025472	10.0283541022443	10.1460527300029	12.3865038247279	12.8444533165098	14.9347944746488	16.0617775168255	18.7496054625157	18.6012700104052	22.2354307581391	21.0956394783377	24.5133854251101	27.021549270906	22.7645739033262	21.6301772762037	18.0824119242982	16.346791030658	13.0672880507013	10.9759286623046	8.57645806845693	5.84859863557075	6.75858986771649	4.28542471640793	7.37493518615588	6.88666385124176	9.22588120452459	11.3566657518833	12.2759753991282	8.38200662132881	7.88828631579762	9.82808796256932	7.99467253863471	4.80519187962354	6.80393371513862	8.46632517684031	6.54643360922571	4.1261311176452	8.07337766984798	10.860822897	7.94671164696442	10.4459636223759	7.17347502957946	4.21597390883767	2.7775417188586	3.15946466984519	2.89231222380987	5.79199499309176	8.80776867316575	11.7833121829136	14.0348388305673	12.2677530950048	12.7742955970183	11.0798152962944	7.83990465503248	10.0241780211646	10.4501240662492	7.15310317274957	5.73377153364171	8.8815398439685	7.98201634926915	3.74174798723805	6.21190558524516	8.23674850896882	6.97265250819227	3.64754753224684	8.06264385918168	10.0525100348122	9.36827225266217	8.60691925139303	9.57714654790246	12.8067047283835	12.4119781662715	6.88816093017577	8.26678976386844	7.16561330243267	6.83601653011459	7.78345687981889	7.27374848341624	9.44909355441039	9.26545746307218	12.0928574373471	14.6875535403279	16.5975269543387	16.7684591420917	19.5065306500157	21.7533121615997	18.7681744983363	16.839990409736	17.0276305456749	13.6911079537048	16.5337156138601	16.2830475341688	18.5398205223244	15.7427192377937	13.3161568780185	15.6019744263346	16.8934433139014	10.8845167554651	13.4896977356796	16.0432856983849	15.8057077665001	10.5980994994386	13.3451481070837	11.3340420856815	11.273035793432	11.9084898706763	11.3845975335099	13.3844836657975	10.8137496734482	14.1681183295454	13.3172384900174	16.0098396306771	18.4176086124122	18.1318473686494	15.2794864115257	14.0365520695077	12.6374112064141	15.9749106413776	15.3135891939153	9.51112764082156	9.99212755122752	15.6516946366839	14.8950356830724	10.1953457028195	15.6332624234355	18.0755193009772	14.09488545537	15.0900220675783	19.7759011425523
12	25.7511942441511	22.4123850136481	20.6548371574312	16.6089204044092	14.2109399407639	10.9949061842291	7.36927323417988	4.33729374149365	1.32061917296396	0	1.31739325943319	3.92546060991573	6.38908514577791	4.15027240069854	7.25608193173148	3.13814515279329	8.68025719665034	11.0016108366002	9.25272262634086	10.6241786035439	14.0263960802481	15.7722611251526	15.6488454845717	16.6684995425503	18.8352939716905	20.4038354237629	17.9982278572086	15.8107442582568	16.2844196089391	16.553414270174	16.9065959317658	13.1709854604733	12.2984778326425	10.6284697393369	9.18818426023335	11.5975364625424	10.0292061998944	11.4736641924017	12.1702439170298	14.4905860129948	15.4285857096495	17.7738125904377	19.1072430507386	21.8692820412559	21.5345137395763	25.3441994349792	24.1629762032743	27.570842515237	30.2015050783897	26.2299022872751	25.0243106398558	21.3869137792249	19.8028441139145	16.4162946793727	14.3413138170811	11.56954592886	8.65578661936626	7.84235755369519	5.4893136182951	5.3880379545805	3.54037215557913	5.64523480468262	7.80373737384851	10.1296223522893	8.55416214482751	5.7122166450512	10.8654123253561	11.3200256183456	8.20878931390007	11.1103366735666	13.0340711598487	10.6756992276853	8.96627910562682	13.0947979747685	15.9402155882535	12.2822216638522	15.0457953262697	11.2556691937885	8.66951947918684	5.28296905158454	4.84719073278533	3.70275735094807	5.94052127342374	8.00259895284026	11.257074797655	13.1144007106692	10.6277185228063	11.3422506144063	8.95954652870333	6.53822927098767	8.7864537784023	9.18425870715759	4.95498234103816	6.3244884378106	8.55375712771879	8.7936889301362	3.82948207986406	8.38292633869581	10.992649680582	9.53940836739889	8.89697662130232	12.828286986188	14.7547321561593	14.1885331870493	14.185091258078	15.1928699395473	18.4899050024601	17.7734567543852	12.3161590603564	12.3915630168272	11.3820937880515	9.03270396946562	9.38813794104028	8.27599262928623	10.5247628001775	9.55242068797224	10.6973384072862	14.869412833061	16.6206215888576	15.6250925437259	19.181479478914	21.2521022724812	17.5661281163494	16.99364475326	15.3785081526135	13.0074031997167	16.7634365510178	17.3008815382338	19.1402891827684	16.2403498730785	14.0078940958304	16.5988601114655	17.9189974607956	11.6844069597049	15.0972081525029	17.5804257343217	17.6825847092556	12.7481177434161	16.7457035982368	13.7055713124262	13.3780414485828	13.4712387700612	12.8694874023793	14.5072134471097	11.9070690348213	15.0367375450927	13.9002627313299	16.3956962035773	18.9190707488502	19.1716023847773	16.6103945768907	15.9130798087611	14.0196776353809	17.909096180433	17.4567376390894	11.5273867810532	12.7208790183698	18.2534501122391	17.460035910616	13.1914307791081	18.6142344994362	20.9048434100808	17.4154956576033	18.9477055866931	24.1166319995144
13	28.9112385933221	25.7592786583786	24.1179183388617	20.0096348292516	17.7626266357203	14.4609792545318	10.8627074433587	7.66801760561359	4.74178131085777	1.31739325943319	0	1.32643318716021	3.64305833057886	2.97520570717388	5.24951816836555	2.70199518874479	7.86634680140661	9.69354321184984	9.63842445631028	11.7153009777812	13.7338793135807	15.1897469695845	16.4519215291102	17.6893437130946	18.040043070902	19.9655485774872	16.5605617356417	13.6328713043144	14.0832855896627	13.9960244712561	14.7319620892806	11.4216584610117	10.8517356215492	9.32296605163829	8.88188746832564	11.6889832320865	11.436864517865	12.7293711942107	13.1605237737713	15.6882929919096	15.7664621903584	19.4496938279244	21.0497879799299	23.9962684807451	23.6051587158401	27.8051734215056	27.028034741727	30.3676697163283	33.1516170344676	29.4513947207938	28.164278545704	24.4099583367117	23.0332888012112	19.531842565411	17.6261538062051	13.9111999841854	11.598358418328	8.26200708060699	6.84213979687641	6.56450135196878	4.23630723626132	5.45526571305193	6.10354610042392	8.99389887646064	9.53905660953954	5.33537824338631	11.7933732663729	13.3124786948186	10.3988512346316	13.5586068605886	15.7179247357913	13.6236547592781	11.9402240347491	16.381861463216	19.3678217670444	15.8493513431938	18.5334654611597	14.7896634850155	11.9122050435677	8.37547162851143	6.78718947724314	4.34872728508008	6.27453823002139	7.16835246064254	10.2915340936131	11.0773643074515	7.7165493583596	8.0312256847881	5.06951920797229	4.65100172005988	6.76988072273064	7.16935764207645	3.21702813167681	6.33460314463345	8.85402631575036	8.77739078542137	4.20554942902827	9.85162144014882	12.3147340206762	10.8052426627078	11.8564207921278	15.141486518833	16.9246832762093	16.5683379069839	17.0881359428113	18.4836277283438	21.5890000231599	20.9913696551702	15.7222780474078	15.5353204344165	13.6722019440908	11.3443139060941	10.6091964351689	9.17633962972165	11.2357111034416	8.78578402875919	8.21069515936379	14.0040180662551	15.0346863618767	13.4246046869172	17.773592236799	19.4892685855575	15.1272729862325	15.5081068154691	11.5324977346627	11.4197005652513	16.2449582948064	17.884410334143	19.4555908931083	16.5913353591566	14.486071724246	17.2961685352566	18.7362675845538	12.5610831937377	16.387108866423	18.829629629921	18.6066924250389	14.2225092371213	18.8797528850353	15.6255243112031	15.0377463737091	14.6854944417953	13.944010506307	15.2345182726596	12.1932431698872	14.5292812279204	12.7417321428446	14.9019243052701	17.5710561435561	18.335373734942	16.8240556941541	17.0025370753897	14.1667041685778	18.9005106280227	19.3052696950858	13.3507622254312	14.8702306976052	20.6241945297265	20.0282149229531	16.1193943124424	21.4974110766855	23.6715208425652	19.8855745202395	22.2465924132214	27.3448097817483
14	30.6466767692681	27.8367466130653	26.1859681890894	22.0019394372405	19.9692669119324	16.4322569661018	13.1989703765104	9.46546359139371	7.68102681937773	3.92546060991573	1.32643318716021	0	1.32006211975043	3.16501137438715	5.56287956008397	4.12877366780985	8.67011730024456	9.85532647861044	11.166141589645	13.2074701211095	14.1049977667492	15.7386025110237	17.4062326193809	18.9362472258893	18.0707416007202	20.3528786416074	16.4317958543794	12.8201089698957	12.7356665706982	11.9435748835933	12.0622470128911	8.8876229105425	7.96961818407883	5.20169933771647	6.75293099327988	8.82944947321179	10.4137490367302	12.2028297537907	13.1847963200043	16.227085844353	16.0868566848841	20.6168984573335	22.5869715765527	25.6227353926157	25.3712934632825	29.7121047891259	29.5509388514138	32.8023639544469	35.611981761761	32.0778374271085	30.2059349962884	26.3548373927824	24.8554926525305	21.5284096021977	19.2371209384357	15.5544309121228	13.0119087761942	9.2296632116237	7.48581037697322	5.68432590550542	3.06693234356417	2.86238292336997	4.72913237285657	7.49361761767973	6.80784554760168	6.21488559830348	11.5202396242439	12.4114227226374	11.7287118644803	14.9890609779265	16.2600980316848	14.0138165394014	14.2142489425224	18.5239720362562	21.6524421024512	18.0998807454635	21.3818065887801	17.4783798162187	14.9600464571471	11.2529113566223	10.3895739084911	7.29430531305072	8.00945091750989	6.59406657533877	10.1437528065307	9.70065508097262	6.52848083400725	10.8065072988454	8.81253760275665	6.37906137296076	9.54950166239056	10.9721953136098	6.54354536929332	9.46212756202325	12.0916849528922	11.7419822006338	6.89901507463203	13.2761299330791	15.5832910837217	12.9002746482391	15.1752239192705	18.3730617209	19.9449740285617	18.9765379877363	19.8687767363771	21.2131718750403	24.6632595777606	24.2224174887644	18.7072550097549	18.7795995697459	17.2852775216367	14.613276531976	13.8477386601568	11.3199825088204	12.2241291714379	9.18253968137356	6.34636864671443	13.75667597932	14.4075051969451	11.6415244276684	16.5784250458239	18.0147957246259	13.6106163343179	15.3730529824105	12.4871599252993	12.8198150532681	17.3772216709116	19.0489123311542	21.1089509213509	19.1460122741003	16.7835064572335	19.910849429394	22.0036247468457	16.0030517714591	19.77981622766	22.2910835313136	22.0534901092775	17.8483036728984	22.4817632760422	19.1913966922681	18.3328352689921	17.8576808684667	15.8190040141597	16.2768606924063	13.3411646792924	14.8412315189812	12.975502841894	14.7047195825014	17.3650569247555	18.5325056589766	17.7838765740206	18.5504291325026	15.2542520301718	20.3320809067837	21.3004149020624	15.3863793661797	16.8765569059569	22.8887306113729	22.9299533361933	18.7608907571043	24.2175312944982	26.5220142146105	23.2034648490263	25.1021974536095	30.4320621220449
15	30.4058335521327	27.7495400502423	26.5859365830884	22.3306786506814	20.7519643648499	17.0308091704417	14.189258789662	10.7336545034764	9.44686831706677	6.38908514577791	3.64305833057886	1.32006211975043	0	1.33401724126789	3.28817244073361	4.66501082528219	7.66150122365062	7.05085838745894	9.0646232133498	11.6141087906046	12.5898860201354	13.2793724625827	15.0806905014326	17.1049236771171	16.5070320166891	17.4670723648813	13.6123577311206	9.03486369570676	9.9322844804204	9.25043593567352	11.0021047531825	8.11429171277445	8.48304685829331	7.00347242444775	7.93539419310723	10.9204983860628	12.3108803097098	13.4709358620699	13.2620383802793	16.2625753495564	15.3401016293895	20.1504021796092	20.9692115970057	24.4959465626458	23.6546554403145	28.107921783725	28.2966536184051	31.3246955132847	34.4199444218029	31.1174018195607	29.4092547338419	25.4405563814945	24.5005041580781	20.9560327113698	19.5222495629986	15.3700056278454	13.5951237581715	9.12776867585939	8.27216616129052	7.78279615562427	6.06252868034453	6.58705252749665	9.18312789848862	10.8575191457349	10.309124987117	9.81843663726563	15.3156360625343	15.6300118042182	14.3975729204613	17.6019044708236	18.7705373657762	15.9120892405743	16.730928097389	20.6330863905524	23.4997536582833	19.5388574128581	22.6102379244448	18.6636038052676	15.9467015711714	12.1177188034712	10.955700890404	7.22459396782961	7.00973587234212	4.57251200107774	8.30288353525448	7.65093125050801	6.26798771536767	11.2734001082193	10.5043416738033	7.24836291861824	10.5246516806971	12.8699570317853	9.65964626681536	11.7735825473812	14.5012813916564	15.0176147906384	10.0481311197655	16.0155142283974	18.5125455029826	16.2414596018954	17.3852163345758	21.1444173483215	22.9166663587879	21.9771664233586	22.5278609725824	23.4276505650908	26.9742126669158	26.0644222072925	20.5609518748525	19.8465926798531	18.7742785214239	14.7377720840024	13.5000009259259	10.0118237099941	9.92976344129104	5.71706384431729	2.79976659741486	10.2674360967089	10.30148746541	8.11715030044411	13.3575864960703	14.8852884083581	11.1228939130066	13.4371291576735	12.5440349569028	12.5488705467863	16.429968076658	17.6128072435941	19.9215263220467	18.9200812366121	16.0897110912533	19.2058789697322	21.6504523278383	17.3504015227314	19.5944047370672	22.4286815038245	23.2090521348891	19.0989382165606	23.2047190243709	19.7413845005866	17.8093376069971	16.566808201944	13.7858483235527	13.4762855787491	10.3999179323685	10.9913149804744	9.54392822688855	10.7290332276492	13.2339904035026	14.6546334652218	14.3738882004835	15.8514281060099	12.2991741592678	17.6724689276852	19.0868768267624	13.6937909287385	15.5820260556835	21.1356699680895	21.5729278031518	18.2942777118967	23.4602880843352	25.6544113360646	23.0148303056964	25.4129306456379	30.8900269342712
16	27.6740530099948	24.6041888506815	23.386508525216	19.1682379471875	17.4874138167998	13.5440143605949	10.7497848815686	7.86260790069046	5.49086568766711	4.15027240069854	2.97520570717388	3.16501137438715	1.33401724126789	0	1.34081393190853	3.76301727341239	6.44752735550614	6.47685957853032	5.68988347859603	9.43178312939817	11.1248352796794	11.0857585667378	12.7073036479027	14.9393096895405	15.6247112933328	15.9718075683374	12.5297108107091	8.61515188490603	10.7230007926886	11.0005443501674	12.5362119477935	8.90169978150241	10.0684330955715	9.3975424979087	9.56036672936765	12.9592136335505	13.0908026109937	13.8713088784008	13.5164491268972	15.8254545590324	14.5620397266317	18.5255342972882	18.3314899285355	22.0605857356508	20.6733063151495	24.9420274637007	24.9832119031961	27.9136629448734	31.0689982297466	28.0219177252379	26.4991219477174	22.7185247100246	21.7003303200666	17.98832654807	16.9010930119919	12.8611079616027	11.4476478370013	8.17963788929559	7.92290035277486	8.68309720088403	6.96281688686411	8.65394857853916	11.2186046815101	13.5705824856562	12.4896258951179	10.0961308925746	15.5526257911647	15.7184076483593	13.0828035603994	16.1327744049187	17.898694477531	14.9113610713442	14.2060856677693	18.0455093859941	20.4618774554047	16.4908513424868	18.6279175969833	14.8633698063393	11.7787997266275	7.97123158614778	6.72498550184311	3.55914975801806	3.80224473173414	3.66858951097012	6.59160412949686	8.13149242144393	6.64462150916062	8.78029270582707	7.3048566036576	3.77615479025953	6.65953639527558	8.95098597920922	7.02548069529765	7.77211579944612	10.3949948532936	11.8858668173592	7.81884479958517	12.313110451872	15.0139282001747	14.3516255176896	13.3782868110981	17.5063925467242	19.6110479577202	19.4469755232015	19.2730587349284	20.0997425356645	23.0520836802229	21.8627130521351	16.7264139910502	15.6162856339144	14.5797820971371	10.618646523922	9.78730897642452	6.62465221728658	6.66605145494692	2.64580970593125	3.68190249735106	7.93081925150233	8.75208169523114	8.4222460780958	12.2938877902802	14.6305363196296	11.9325550072061	12.6466956158516	11.1870132743284	9.58739114670931	13.936237440572	14.6807892839588	17.1236588963924	15.2306605569161	12.6214817672094	15.7170902523336	17.887325261201	13.1773657837976	15.8686103046234	18.5659863190728	19.0411592871863	15.0469191863318	19.0874080220443	15.6554610919002	14.0614375509761	13.2711135177121	10.2235499705337	10.0773748069624	6.84375284474827	8.29724321687631	7.39399526643073	9.01560059008827	11.4533755722931	12.3740725713081	11.1417818144137	12.3099956539391	9.12001343200765	14.3994745737475	15.4786225808371	10.1970814451979	12.5572961261571	17.6348244958661	17.9760416666184	14.6854236915385	19.9690307476352	22.1484620910798	19.0844577077789	21.5703838630656	26.9102318830589
