7	8	9	10	11	12	13	14	15	16	17	18	19	20	21	22	23	24	25	26	27	28	29	30	31	32	33	34	35	36	37	38	39	40	41	42	43	44	45	46	47	48	49	50	51	52	53	54	55	56	57	58	59	60	61	62	63	64	65	66	67	68	69	70	71	72	73	74	75	76	77	78	79	80	81	82	83	84	85	86	87	88	89	90	91	92	93	94	95	96	97	98	99	100	101	102	103	104	105	106	107	108	109	110	111	112	113	114	115	116	117	118	119	120	121	122	123	124	125	126	127	128	129	130	131	132	133	134	135	136	137	138	139	140	141	142	143	144	145	146	147	148	149	150	151	152	153	154	155	156	157	158	159	160	161	162	163	164	165	166	167	168	169	170	171	172	173	174	175	176	177	178	179	180	181	182	183	184
7	0	1.31862276637407	4.48997828502544	8.0518496011786	9.63477436165477	13.1677930573046	16.4326108394254	19.3917196246233	22.7856190172661	26.1061166395923	29.4259383537722	32.1543567965525	36.0395626222073	39.6136849838538	41.3456797380331	42.1042510086571	38.9755954155931	36.5750153110016	33.7625379822074	34.348292039052	34.8468646222296	31.8319541027566	29.9255336627436	31.7188994922586	31.2916442201429	24.8904400322694	28.1091625097583	29.8994371351703	27.3900585066918	24.4774134254418	28.3765662651421	27.7741251167341	24.9770578331396	20.1124450278926	25.4229312629366	26.4641098093248	19.6229467715733	22.7031506624081	27.4361411827538	29.6695545298543	24.3323243032802	27.1505099215466	21.6370932890719	22.7995135255119	18.3815166403646	19.9845947169313	16.3332964829516	17.8916692625367	18.7335645566988	18.9899946287512	19.6885807766837	17.0226946163056	15.0773275151799	13.9328149704215	13.1188509405359	15.0410694433607	15.4458086224063	18.7116815118257	20.0033922123224	23.2320448734071	23.1732256278663	29.2450065139333	32.002618970953	34.2493213071442	37.4220290871567	33.3662167318981	37.8967380258512	37.8205581397208	39.3872780603078	36.3595237317542	34.8243650911255	31.7842127163786	30.685019977181	28.0887905400001	26.0810231010979	26.6535767956198	26.1793242464354	24.1180563893528	21.1059674262991	23.1372836348609	17.1866682344194	23.4726832509622	26.9543332508894	29.0462631159328	33.0255831288412	34.400379954297	38.6876934696293	41.9431598475842	42.8503489600727	46.424731695509	46.1242866503104	46.769674255868	45.34367589863	42.1117828285624	42.4455274557874	43.9195921770683	41.1420455616879	38.2102240375531	39.6972771610346	38.7000543281272	35.4567136802045	33.6425835066215	35.9109378045186	33.082528213545	30.7363244549507	32.5217540271124	31.9599391269758	28.3048341807544	28.1666350670434	29.8761430743662	28.233391383254	24.5065107471464	24.3403519078916	23.0175562125956	24.7641035573671	25.2317493646398	25.3819522889789	28.552722987484	30.5962378569654	33.7591546991331	33.1754689039959	37.8868510436009	38.388808746821	41.0205431217092	41.0028905444482	43.2794747426537	46.1378752870134	46.8938344134919	49.8703217856071	50.7571146244544	44.4310099930218	49.3776935164047	45.3471691178182	46.0737364341118	44.0873959879692	45.4872120710865	43.9999678749883	38.7475110039342	40.0937816874388	41.9141531943567	39.1294041482873	37.1414025852552	38.8367211154598	38.9139885388275	34.3913306808562	32.3119707074638	33.2343210100643	30.4244676863869	33.9638818894425	31.0664087882716	37.0474359301693	34.9077104663139	37.6141740970076	37.0516318264122	39.278584775931	38.5431354458871	35.2314730035518	36.3873318752557	32.7417949874469	30.1469241880494	25.9647073929209	28.6398779850753	27.7607261792627	24.518823585156	23.8474915452339	25.160796867349	23.2255840184913	20.2799763806569	21.2405094100871	22.5407606570852	19.4324986813328	15.8967208253778	20.5728982401605	19.2862773235272	24.9708382518489	24.2054905754872	27.4627286699629	28.0794868542856
8	1.31862276637407	0	1.3487538693179	4.54913903942274	7.24167522055498	10.1211768584488	13.6283083689796	16.6036638426583	19.8528523139623	23.2395495007971	26.3911136748717	29.4334701318074	33.1692907822884	36.6837871136555	38.2235337979104	38.7978797745444	35.8398750416348	33.167833981133	30.3466229587412	30.7674973632891	31.2978039485201	28.3631896302232	26.3118384192363	27.9774974041639	27.6622582592239	21.4512505229882	24.2386241152422	26.0932010493155	23.5283231234187	20.6034232592548	24.3969469606342	23.7237271523679	20.943761839746	16.1295619593342	21.387915372939	22.4934246836715	15.7479138300919	18.9045603492914	23.5820338605473	26.0660613825718	20.7604283674495	23.7740748505594	18.1230360039371	19.1971825797433	14.5554572583619	16.4575501822112	12.7796964752689	14.7387969997554	15.2034910793541	16.2646734366233	17.1211443542773	14.4115363858265	12.0433489528453	11.4927457989812	10.193222110795	12.0349879102557	11.7705953120477	15.2743969766404	16.69169991343	19.8423368835427	20.0675922820851	25.9465507919646	28.8279327389253	31.0182621370057	34.2282990667079	30.3891633481411	35.2174062077263	35.4379784553239	36.9208169465411	33.8849813486742	32.4188505811048	29.110232668256	28.147570161561	25.7819115854508	23.4162007806561	23.9763598780132	24.0094236707173	21.8601884941553	18.9142734462627	20.9684310571869	15.2870988745412	21.180411469091	24.5626119539433	26.2870652983554	30.4137851968478	31.3883839023292	35.8078779181342	38.945905471564	39.9905440948232	43.4172454446387	43.2625443773248	44.1067820295247	42.6597499875468	39.4029204247604	40.0586530477499	41.5938880606274	38.7248609552055	35.6021289531961	37.6950523676516	36.5576076077196	33.2846930885655	31.9155736905981	34.2149717375303	31.275208680359	28.8519959794812	31.2630373444424	30.7045249108336	26.6043329365726	27.2513842217235	29.2423348930963	27.57246376369	23.8604974801449	23.9295709531116	22.0044188971215	23.5629007976522	23.642761281204	23.5438505134568	26.6541532035816	28.1988895880671	31.4270052502621	30.4119154280029	35.1273795635257	35.1242542127232	37.835097607909	37.9570466975501	39.9482061299378	42.9374815866045	44.0187779475987	46.8685765732223	47.7557476540782	41.785771812903	46.5761716331431	42.8357848766659	43.7000289473588	41.890668101619	43.488971602005	41.8999781145528	36.4000114560422	38.0628263401445	40.2174990395972	37.3170584451669	35.3601421518636	37.5287690978535	37.5678113016982	32.9773823248602	30.8082393200261	31.4099576886057	28.330289285498	31.8541709356875	28.6232906913234	34.3710551190969	31.9319976356006	34.2307634299909	33.6105154230042	35.8221823734959	35.1379458420665	31.9325800241697	33.2501875182682	29.7611754136156	26.9957773549865	22.7596353661477	25.9622136575447	25.0487088888829	21.7032259583685	21.3766992307044	23.02854467829	21.0361358143553	18.178471470396	19.3861144379166	20.9784667933574	17.5802244012982	14.3240867073611	19.1667936024782	17.2678120791257	23.1265752328355	21.7626717339577	25.1840818971032	25.3086605137451
9	4.48997828502544	1.3487538693179	0	1.31929829833893	3.49925949309279	6.14564325355776	9.43292600416223	11.8684516681832	15.3195604049202	18.536345621508	21.908172835725	24.4276840899828	28.4113783016594	32.0056336447195	33.7962946785591	34.67913437501	31.6009125975817	29.4847531615918	26.6285044454246	27.4116324577724	27.868432123103	24.8103111024429	23.0032428366089	24.8860904322073	24.431547494991	17.8740149378924	21.3469146716803	23.1971869199694	21.1540442941769	17.952619808819	22.0487856581717	21.8916500976971	19.3409178168979	13.765256445123	19.1958936754713	20.6058168001174	13.703870183273	16.457436252345	21.3071152669713	23.5752078675884	18.4271612572311	20.1855152770495	15.1477441884922	15.9256172564833	11.8483388709135	13.0718835291629	10.3775127559546	11.5407636662398	13.2523919350433	13.281925312243	15.4369212280169	13.7807712411171	11.201903097242	9.40741925290885	6.95425927040401	8.42982259599809	8.65670410722233	11.6805269572909	12.7591292022614	16.0893160513429	15.7320832059839	21.9030628451822	24.3773252429384	26.8703013380944	30.0622918121689	25.9463101230213	30.2014709244434	30.112408654905	31.7764345073515	28.825045411933	27.57609655118	24.3781224461606	23.0491001559714	20.5440586788492	18.5795367272707	18.9367722962494	18.4531580766003	16.4651164891112	13.3580611617106	15.4562856145971	9.73075834660382	16.0249835569338	19.5222499727875	21.9856097027124	25.6404584202389	27.1423044342222	31.4038883420509	34.7176457295134	36.0253573611699	39.4015358583901	38.7569506798458	39.3100055075041	37.7486038549772	34.5862967083786	35.2356580185471	36.3410800334828	33.4649120423168	30.6575174141678	32.1240147397551	31.005866896444	27.7686417744909	26.3357169258784	28.3981416469458	25.4982919820132	23.2018407459408	25.3148194147223	24.7549943243783	20.7874424833841	21.2658062156129	23.2765647164697	21.6796050240774	17.9182625831859	18.0424303795248	16.0200068976265	17.9906766409716	18.047482843876	18.4182195936524	21.5126022833129	23.527496636914	26.7867862387409	26.2408210618494	31.0275863869557	31.4268387369777	34.1139337221611	34.2421310814616	36.2898224575431	39.2355423054149	40.2764078462814	43.1289963133853	43.9981674163822	37.9148265458251	42.2523723120963	38.3379757681597	39.353586062772	37.5957503715513	38.9151544388558	37.1307839130821	32.1278872632484	33.8850470119196	35.222769013807	32.2056861594346	30.5789222014119	32.4709880046789	32.2623202048458	27.6537224076615	25.8309629321092	26.6825189215711	24.1710165487511	27.6125013354459	24.7940786681014	30.6101514043952	28.1814692661685	30.613494965456	30.0120546780789	32.2616591482831	31.7060100769554	28.3682378374125	29.6129762941856	26.0629584468072	23.3049634627476	19.3436992067185	22.2807230358442	21.2916497716828	17.9480870847007	17.7287712208151	19.4007281048934	16.910254699442	14.4416500788518	16.0728743229081	16.7161785405636	12.7044533137007	10.3206467820578	15.5119393049354	15.0380427250357	20.6404411532312	19.1404433073009	23.27089783399	22.4357745130406
10	8.0518496011786	4.54913903942274	1.31929829833893	0	1.32668948891593	3.18519402862683	6.88869544979309	9.56977894206549	11.9843882196798	15.2707653049872	17.6027296462793	21.2699883638896	24.8202449826749	28.1429927690713	29.3067112791593	29.5810407693847	26.9925463971075	23.9656229003129	21.0176444208194	21.2804692147518	22.0222733158954	19.2471385405727	16.9792395883915	18.8658407975897	18.9464717031958	12.8821706633626	15.3258518197195	17.3023293229553	15.5566117454927	12.0353546270976	15.9047682158528	15.6532878654933	13.2494878768955	7.6165511880378	12.8252442082013	14.3850494959176	7.62536307332313	10.2156419279456	15.0832602907992	17.4126346656673	12.3257916581451	14.7234598175836	9.27716465306076	9.6578256869753	5.53550304850426	8.06571931076206	6.97823344407451	9.18837150968549	11.3144751093456	11.9525625704282	15.1411106924162	14.2358338006595	11.634437545494	9.27568784511424	6.11893569176863	6.00960581070007	3.73605192683399	6.83842299071942	7.72360369257771	10.5688448280784	11.6096260921702	16.7193718781538	19.8360851480326	21.862269690039	25.1136353999177	21.9318273976429	27.2973783722906	28.147053291597	29.5030035420125	26.6001336274839	25.4530836442267	21.605906044413	20.8509295716042	19.251455970913	16.1894201563861	16.4640068938275	17.7645745516182	15.6999442992643	12.8133851108909	14.7443660765731	9.46164266921976	14.9057339973582	17.7967844848444	18.7121588278851	22.8430202468938	22.9445179073346	27.5607733744901	30.4383352534267	31.9894788485214	34.96068789369	34.9047632279607	36.0883188996107	34.5531076894684	31.3277630545176	32.7185666862104	34.2408430094821	31.2046774378458	27.8025932963096	31.1165444257552	29.6829660579936	25.5805972174224	25.8981211287614	28.2387744953636	25.2827410697495	22.7290385630365	25.5225424673954	25.2550900612134	20.8400038627636	21.6375849391747	23.9725738501313	22.9354957434977	19.2813766624689	19.4936595332944	16.9280238953045	18.2124377281022	17.8636876652051	17.7884079950961	20.7016957034925	21.4815765250132	24.6702433105148	22.7545374376189	27.4008767925408	26.4458447775827	29.2904469238692	30.0614481687094	31.3247183067941	34.5230432465042	36.0374407248906	38.8116841170285	39.1690036891418	34.3751445960595	38.3325912768756	35.3836324308288	36.668639271181	35.3712427545315	37.2701897097399	35.3559950503447	29.4582374387878	32.1294470073794	34.4362065709915	30.504761874173	29.2379550755521	31.9194870572821	31.9447010003224	27.3458119828247	25.2911670351528	25.715332974706	22.6315541225078	25.9080430368641	22.2453218452779	27.1848934152775	24.1673790262825	25.7135749556533	24.5858701900095	26.888239882893	26.8228522346152	24.0039487793155	25.44978718968	22.3612911970664	19.2146056165616	15.9663511172716	19.5734756239151	18.2326012680583	14.9251835834605	15.6896532147782	17.5744237743375	15.3436289384226	12.5807091215082	14.3884257304265	15.9879861458534	11.9946202941152	9.86861469508259	15.3265680763829	14.4161276700784	19.6639587825036	18.0680216404564	22.6082015649189	20.7094417355949
11	9.63477436165477	7.24167522055498	3.49925949309279	1.32668948891593	0	1.30474978444144	4.34021497163447	7.71052423639275	10.3990896716972	14.0605260925756	16.6892852453303	20.2251861796128	23.8705070327381	27.297730931343	28.9520219846559	29.3187371658467	26.1066203481033	23.3513969175294	20.727761287703	21.5296123745877	21.7626722853605	18.6006572195716	17.0638487452274	19.1803772121405	18.6165969231758	11.710483764559	15.8493545925378	17.8026308729918	16.4974331336726	13.2673989538266	17.855316127137	19.062892251702	17.2919415046431	10.3998852878289	15.8665390366015	17.9115854407141	11.974372175609	13.705324987026	18.4080089091678	20.5199441763373	16.1619617930498	16.4903092148086	12.1090953006408	10.8867761068188	8.45428589533143	7.40038735472678	7.03929222294401	7.22450759567737	9.42847018343909	7.26427566932864	10.4351641098739	10.2130866049398	8.86387437862247	4.53977102946833	3.92131177031361	3.3717907704957	2.83911852517643	5.53963302033628	7.50488607508468	10.7597651461359	12.2824940871144	17.1585183800933	20.1321313576084	22.4984482353784	25.9014832393823	22.7136204511742	27.22985561842	27.6342499445887	29.4677817454928	26.7708957265161	26.1877134931632	22.2556175605172	20.7544971753112	19.0216737959623	16.5291967741932	16.0150955663711	16.4055116957686	14.9371023294346	11.4558635204859	12.783697274263	7.37357348915707	12.2871190276647	15.4154201694278	16.377077303353	20.7933515095571	21.4824445769098	25.894943599089	28.9664755536465	29.9069905874864	33.3336859498016	33.3852988754032	34.4008850176852	33.1590735998459	29.7925918812043	30.394089310259	32.4316291450183	29.7217226452304	26.1410904324973	29.1140026447756	28.1412816161596	24.7867697572717	23.0441298815989	26.4646389357573	23.646385157144	20.4727279569675	23.3204319428264	23.5774052007425	19.6370274227033	19.1632811908608	21.4967269369083	21.2166341581317	17.1497675202902	16.150402781355	14.5208212233331	14.2063910265767	14.7439636800963	13.8365842967114	17.1819971772783	18.557098776479	21.783460583663	20.4182511738885	25.1011626423957	25.0578899550621	27.73887780715	27.9877879261652	29.9822035547756	32.9077036877385	34.0160120678483	36.8259915413014	37.6399188495406	31.8208254292688	36.5625669366909	32.9757988985862	33.8470858716079	31.8395613349179	33.3980173513339	32.0231598378424	26.5013058923518	27.8714480606947	30.2775335356102	27.5850699473465	25.3448649039603	27.5032908212817	27.8751200535531	23.3557947199405	20.8887799069261	21.3556719866175	18.1795582729614	21.7307923003281	18.7420286522031	24.4522876025946	21.8921064313145	24.380678210419	23.7335815670539	26.0496936066434	25.7173499606783	22.3308522452682	23.4405452368327	19.9193065391343	17.0816249227057	13.8587666478659	16.4002991741005	15.1854566608976	11.8209010654857	11.7152255633428	12.8678587962411	10.9874332762479	7.9758365705423	9.40495576810439	10.7877150963492	8.05688835717611	4.29059005266176	9.59758276859335	8.62478138853386	13.8737648098849	12.9864890944397	17.2319190747868	16.9144469315435
12	13.1677930573046	10.1211768584488	6.14564325355776	3.18519402862683	1.30474978444144	0	1.31615576585753	4.26754285274325	7.46192428264989	10.8688749187761	13.853384351847	16.9244500649209	20.6058155140727	23.9900808877336	25.1420328931453	25.8015551663073	23.3017850818344	20.935780472674	17.9318017778471	18.667015990779	19.7834341053317	16.8531973524314	14.6198258197559	16.7846862943577	17.4630101929765	11.0630409020305	13.795956255367	16.0085637706822	15.4867778766275	11.6483024085057	15.5719858078538	15.7069966893738	13.6952565145747	8.22067843915574	12.4785638196068	13.7561681074346	7.30678321835266	8.53904333049083	13.4299209975338	14.5419731123393	10.0682468185876	10.6263232117229	5.95674223044778	7.14171295978773	3.69731551263887	7.10723581992324	8.24792028331991	9.23171999142088	11.4485629229174	9.82453194813881	14.406489475233	14.5979812987961	12.4316545560114	9.05629245331664	6.32325976059817	4.57826495519864	3.11715960451177	5.03725014268698	3.65220098023096	7.30779918990663	6.74058706642085	12.669673160741	15.4757768787224	17.5780888039627	20.7562461201442	17.0925601066663	22.3471453657956	23.1348449530141	24.4177390026186	21.4825788721932	20.4738836814123	16.515651909628	15.7514066038561	14.1583381440055	11.0522019977921	11.5242515158252	12.4853002366783	10.8049370659898	7.4845834219414	8.94197774544312	3.76486175044981	8.97240497302702	12.294539478972	14.0986913222469	18.0032264052864	19.0753376116912	23.4440227350171	26.6639434067806	28.0574773277998	31.3147302878374	30.8590063838744	31.6537203184713	30.2044151077289	26.9366292063428	27.8581799297801	29.2403948160759	26.3808900721716	23.1525538332168	25.5260995453673	24.4435814274423	20.8866085327417	20.0552373458905	22.5942695832373	19.7265079778454	16.8873913023889	19.8422882500986	20.140080685042	15.6534444132913	16.1402194842573	18.9543133877226	18.6354593181923	14.9960376433243	15.4728035921096	12.3896454347976	13.0609082762264	12.2808509477153	12.3158849458738	14.9847240214827	16.3282510086047	19.4773404241955	18.3574731648994	23.1526968191613	23.5241638533658	26.2170710415943	27.0391266316055	28.8108394532336	31.7333057212765	32.8322216275414	35.5695681587505	35.9318689884064	30.2126886754555	34.3058497198364	30.7234089742659	31.9206411119827	30.4433783440669	32.0284636846665	30.0946926384039	24.7090533610659	27.0757714940867	28.8122506930646	25.1640194325152	23.8748487325051	26.4419856100105	26.3696589852808	21.7886326785322	19.9255324395611	20.2896113565539	17.4665523215087	20.7554636903154	17.5987438756293	23.1302367692162	20.7477941478124	23.5125080329598	22.0467354499481	24.6792895562251	25.1961434152134	22.1698002246299	22.8394902526304	19.3505442559118	16.5293217646702	14.8195567410095	16.0527135089367	14.1538289519126	11.0891977166971	12.1019065026962	13.1877143963615	10.396914975126	8.56802200043861	10.5548504015926	11.6384593482127	7.05189286645791	7.21497061671078	12.0221533013017	12.8727335480853	16.7702895323843	15.421791270796	20.3774987915593	18.5171208885183
13	16.4326108394254	13.6283083689796	9.43292600416223	6.88869544979309	4.34021497163447	1.31615576585753	0	1.32265603994387	3.84363616904618	7.28404921729665	10.2749583454144	13.4873879976814	17.1180793607227	20.5802736862268	22.2933369866424	22.9204773292355	19.6596623826555	17.5700201764255	14.8529227763427	16.2941696934824	16.9455569988124	13.7992822277103	11.6041140118494	14.4653078086849	15.1087838689949	8.49161498185122	12.733241574713	15.149670260438	15.6696111630123	12.4490202024095	16.6988598712607	18.5074510940864	17.4484924850257	11.3529163213687	13.8797331746687	16.7338569971181	11.9725922840461	11.9152642438177	15.9920848859678	16.843882034733	13.6925749587139	11.1245073598789	8.46264621734833	7.03185274305428	6.72370679015675	7.10671808924485	9.05738118884261	6.95659406606423	10.1306000809429	5.74820841654163	11.1503273942965	13.4393634521878	12.184471182616	7.94333714505434	7.71720946975006	3.4112368724555	2.89091317752713	3.45111054589678	2.81584800726176	5.28492847633721	6.67395430011324	10.9637861161188	13.6562141898844	16.1931773904938	19.6017351527869	16.4657626303794	20.7267097726581	21.212534054186	23.0230875861601	20.7871352764156	20.8383987148725	16.6758677735223	14.7479597911033	13.5645085793773	11.2515343398134	9.79036470209358	10.4947309160359	9.71816798578827	6.39092215568301	6.91331664253851	3.24107713576829	6.31164748698785	9.15184254672249	10.6164143664422	14.5173559576116	15.2109757083495	19.6692495789748	22.8133188510572	24.4223949071339	27.5042369099744	27.0730924351098	28.0070760523122	26.561808165108	23.2749206658154	24.42339108314	25.9399860832654	23.0792914535954	19.6113432992235	22.6679246734235	21.5763717061048	18.1919367852903	17.6148128005948	20.3779223916473	17.586717146756	14.4799055936149	17.7342209865559	18.6628320734019	14.1765499681693	14.5769613431607	17.9741980905964	18.3551362021642	14.6019679153188	14.7418329932204	12.0435244426206	10.9243157222775	10.4659035921415	8.75416689354275	11.8611566889574	12.6587023426574	15.9186546542099	14.8487714643333	19.6207444558049	19.784739624266	22.4483387581353	23.6250805289633	25.2295459531082	28.0747463212048	29.1671097299681	32.0003209671403	32.2009313529904	26.4394267903069	30.559715869098	27.2858491896441	28.1129074448019	26.3218601356363	27.9607770635939	26.3807595228037	20.8112931121543	22.6378268833384	25.052829580708	21.9864609475923	19.8411218936833	22.4437689125512	23.0997231801595	18.6908049585886	16.122113354024	16.1379479798393	12.9015730048704	16.3569551261841	13.2562286492049	19.1925852609803	17.3140908510958	20.1374079017137	18.722030365321	21.4838268006424	22.2075644319678	19.0814784804532	19.5736965083246	15.732191551084	13.4114046244232	11.6929954246121	11.77072380952	10.0700715985538	7.15776766876378	7.42946949653877	8.1779622767533	5.61018689528254	3.67214297107288	5.490236697994	6.98987896890926	3.9258214427047	4.20376069728047	7.98428443882105	8.75022496853652	11.8158792732492	10.6618247031172	15.4610439815686	14.1064690833674
14	19.3917196246233	16.6036638426583	11.8684516681832	9.56977894206549	7.71052423639275	4.26754285274325	1.32265603994387	0	1.32684776820855	4.27758635213832	7.71895336169354	9.19440922517592	13.5928202371693	17.0611184275826	18.5498827220012	20.0923552128664	17.3739456370739	16.2417199520248	13.6105480051319	15.3742570226987	16.4418170528686	12.7590726152021	10.6558650516981	14.3945609172354	15.7617953926575	9.95012607960322	13.7672651241995	16.4339084517348	17.7442042932333	14.4837490657633	17.9057426821676	19.9914071790857	18.9528641898791	13.3734326932168	14.7267645462267	17.9233845297142	13.3897077264592	12.4358588364455	15.8851239844075	14.232166419769	11.2572291883927	7.92635420606473	7.12627518413371	7.95133460495784	7.99786884113512	9.34402573840634	11.3773250371078	10.734807543687	14.0283132984689	11.2619555140304	16.466680873813	18.6984966775407	17.0724425317527	13.1979986740415	11.5145072842914	7.35143366970008	5.5554917874118	5.69480157687693	3.43121173931309	5.675148456208	3.41076780212315	8.36297608510272	8.66925077500934	12.0255406947048	14.9284141823571	10.0828866402435	14.0928734472428	14.3945749155715	15.794501131723	12.9063126802352	12.4029061513824	8.5430325997271	6.99307099921058	5.34178949416766	2.8299429322868	3.16791129926329	4.62375312922306	2.82503964573951	3.66735040594705	3.62999297519981	2.83752885447884	3.0634643787712	5.66608789201156	7.99353276092617	11.4060229703433	13.0482334436505	17.1883766249172	20.577153374556	22.4880076707564	25.4894119194618	24.4129674968038	24.9417576164953	23.3208524286742	20.1787025350987	21.0154013999257	22.2803670077492	19.1090090009922	16.2890775061082	18.8294897169307	16.853989824371	12.9444333595565	13.9277260886334	15.7639122364976	11.947682369397	10.6820206889895	13.9925929691391	13.7131599203101	8.81818966681938	11.1494359498586	14.5513539232609	12.6800276419257	10.0334947550691	13.7422853266842	10.2346981391734	9.75300435763257	7.17775250339547	7.25458992638454	9.46750595457959	10.4760690146638	13.5745332516444	12.8419837252661	17.5807588289016	18.3844547920247	21.1354201992769	22.838884517419	24.3779477602197	27.0047845575557	28.0948731621981	30.7239140410202	30.3903917875371	24.9587045336892	28.1038530810279	24.5715653144036	26.1344163125944	24.9735956161703	26.3073416558952	23.9863491594698	19.1305754487417	22.1380086502829	22.9876251274463	18.5037164104944	18.293658436737	20.995832395978	20.8619932412989	16.4842602199795	15.0987208067439	14.4312414573383	12.9845553639699	15.9951266953407	13.3710270734899	18.5996226305804	16.5853411481344	19.749580476557	18.0094424955355	21.0263535117243	22.3904284014398	19.3908434834589	19.3448175488941	16.2565906019682	13.656253183066	13.5433520592208	13.9940642416705	11.113671265608	8.34731058485307	11.4087611071492	11.2367427219813	6.82487868024041	8.1511156291639	10.3691258069328	10.194467568245	4.69049517641795	9.12355692698851	12.4072092349569	14.2700813242252	16.2110126148862	15.4112167916748	20.2780668210754	18.3056185090808
15	22.7856190172661	19.8528523139623	15.3195604049202	11.9843882196798	10.3990896716972	7.46192428264989	3.84363616904618	1.32684776820855	0	1.33064420488724	4.2802331712186	7.38812899183548	10.9955748371788	14.4914542403445	16.1760262425603	16.9629411954413	13.5381073270971	12.1607982468257	9.70930502147296	11.3772959001689	12.6518727862716	8.16775128171763	6.83158554070722	10.906351223026	12.5113478490529	6.55818938427368	11.2631904005925	13.9566955258041	14.693069965123	12.9052574170374	15.1826384070754	18.9244874435214	18.6567481893282	13.6716845341019	12.248229504708	16.8289341611404	14.0058483855852	12.1152730468611	15.0836633481393	14.5724521272159	11.2484538048569	7.41430961047622	6.71250698323659	7.13303792223201	8.82489422032922	8.27641232660626	10.5174246372389	7.49702374279287	11.9945283358705	9.34274702643714	13.4195834138024	17.1363343221355	16.4042498761754	12.4686753907542	12.1329606032493	8.12177720699109	7.35540896211761	4.0841044305943	2.90702700365855	3.43514424733518	2.90047496110551	5.64494720967344	7.80340111746154	10.4776421488806	13.8567234943907	11.2265353515677	15.1390270823458	15.8492413067629	17.5729162349338	16.1442651737389	16.8496831127473	12.5482000701296	10.5307076210481	10.7787953872406	8.76065556907701	5.90203015919098	7.79522219054723	8.32247306994742	6.19246259576915	4.90561453846508	5.00572292481316	3.24211936856125	4.72239568439579	4.08086485931598	8.06061145323356	8.72733000407341	13.0607248650295	16.2873587791268	17.9544500333483	21.0026409053719	20.5032251365486	21.4637487871993	20.2297969836575	16.8359965846991	17.9059453255057	19.851209887561	17.1875107272694	13.2967609213673	17.3780557025232	16.2638236894034	12.205954325656	13.4089410842169	15.9743149774881	13.3308054145277	10.3300290899881	14.1661484885624	15.9365656902609	11.8639206841583	12.3302985365319	16.2673727749751	17.4259642487869	13.6864897618053	15.8805147586594	12.2318831747201	11.2174161463325	8.48055829530108	6.8688320695734	8.65954363693607	7.59976374632791	10.3513824197544	8.42387755134178	13.1602462742914	13.7257601246707	16.4149600669633	18.0869872283916	19.7147729380787	22.2506531589524	23.3069717252156	25.9388154895323	25.8075327956781	20.5802170299538	23.9371545719202	20.71135671558	22.2916959650898	21.3569506016191	23.1182194383564	20.8595339113797	15.2328448426418	18.8433466772758	20.7128451208423	15.9171607392776	15.3697011682075	18.9059016447246	19.6993013327884	15.8294643623845	14.0937380776003	12.8642248503359	10.5542549713374	12.9533851560123	9.90389458748426	14.1900681816544	11.8866239950627	15.1920225776557	13.6792308994329	16.6919261021609	18.1886207558462	15.0832605891432	14.8101464206131	11.7007844608812	9.14201432945716	8.76682930140652	9.22529614700797	6.56806394609553	4.37840667366566	6.59778424927642	7.42311673086177	4.00238453924657	4.64513961038848	7.24411878698852	8.6488277818442	4.05291870138052	9.34570901537171	11.7568911707135	11.8310610259604	13.8438006703362	11.3180168757605	16.6023828711423	13.7736290787868
16	26.1061166395923	23.2395495007971	18.536345621508	15.2707653049872	14.0605260925756	10.8688749187761	7.28404921729665	4.27758635213832	1.33064420488724	0	1.32953149643023	3.80581778334171	7.55230117249041	11.0715608204083	13.0047359450317	14.3006476776403	10.7907601678473	10.8477671435185	7.54062338271843	10.0420718977709	12.0460453676715	7.98880278890398	6.82072217584032	11.4119556168082	13.3573204273911	10.3429102770932	12.9617221849567	15.7054209749373	17.7317940716669	15.7390078785164	16.9203189390744	21.1690872028059	20.9170535927028	16.3385336551356	14.1108212730514	18.9993706737881	16.2229847746954	14.2437636880145	16.8305517734862	15.1202430205338	11.9650491432338	7.80411910467799	8.46698818943312	9.3859652673553	11.3879354581943	12.0634763231831	14.5262715450318	13.3544171344166	17.6291915299596	15.0695412670725	19.3737869039587	22.9994929074534	21.9953958364018	18.0313794813375	17.1117795976923	12.8109987510732	10.8515943989812	8.82263605732436	5.26823423928739	5.69099657353613	3.58756477293442	5.70433773544309	3.85872478935723	8.04460222758092	10.8836742876659	7.50400133262248	10.3816399956847	11.2536485194802	12.8461879559658	11.5108173471739	12.648699893665	8.77123463373315	6.0722322089986	7.74357385191102	6.78605960775471	3.45245159270916	4.4802036784057	6.61292658359368	7.11433159193469	3.51431614969399	6.008868945151	3.00292873708318	3.44084480905489	2.85567540172198	5.63330080858461	6.71856844870989	10.7172689151668	14.0244718617137	16.5564103597368	19.1369962637818	17.7848749784754	18.4789126032892	16.8430761145344	13.6379076840988	14.9593342766314	16.4524883832203	13.5355064183059	9.96775039815906	13.7192315382459	12.1263374932417	7.86065563423306	10.291297148562	11.808943305817	9.02911606969364	6.31213917780652	10.2826187812249	12.0134079677667	8.5177839841123	9.46239435872338	13.1491582240081	13.8935730465564	11.3445758845362	14.6018654630153	10.5992986088703	11.0673952220023	7.4276964127514	7.11967169186894	7.98790354223184	7.30360746480806	9.50416124652775	8.04225378858439	12.212189033912	12.6442679503402	15.647451070382	17.7438893988888	19.4218663109393	21.3387251962248	22.6940382479628	25.219129049196	24.1731017662194	19.7976088960258	21.6772814254925	18.6462258379544	20.9425508952467	20.4587101255187	21.8868539767597	19.1742921642495	14.3882898566855	18.6471454383774	19.2431789993234	13.4144966733754	14.6121507314974	17.9763715471171	18.237757153773	14.7133080236907	13.923184190407	11.449414875879	11.4421664469627	13.3628419133057	10.9502450200897	14.5526677966619	12.2652996702078	15.5952063468234	13.5865711642047	16.8438088922904	18.9564080194535	16.9239235699054	15.9973595946331	13.8428205940841	12.0136184807076	13.4250048417123	13.4255029700939	9.15495849253288	6.87289385921243	11.9541189972327	12.2613645651697	7.49014192121885	10.0639082865455	12.6979505826728	12.6060571551933	7.68851259997667	13.3802610213702	15.6871659008248	16.5953299756287	16.9557032882744	16.9198471033281	21.7668570537871	18.9152467866534
17	29.4259383537722	26.3911136748717	21.908172835725	17.6027296462793	16.6892852453303	13.853384351847	10.2749583454144	7.71895336169354	4.2802331712186	1.32953149643023	0	1.32503320713105	4.54819755507608	7.7749722829088	9.22130983103811	10.3365782055765	6.91398192071689	6.11129626184167	3.80400065720289	5.87253488708241	7.74397178455604	4.44688036717877	3.58243785710234	8.06051096395259	9.87632224059138	8.21705269546204	9.92767384637509	12.6105705659974	14.8346724601523	13.9372285623793	14.0260435975367	19.1596786507499	20.0110472739435	16.2563379024921	11.8581648664538	17.6612690653871	16.5303656644371	13.7937065722017	15.9433188514813	15.5204983489577	12.2075256706673	8.33402861766145	9.29848380113661	7.4838363156873	11.5305115671422	11.79612165078	14.5559666460184	13.6696184657802	17.9213636199928	16.2445846053385	19.8534556437916	24.0317452133631	23.4020754207827	19.4435404697807	18.8869995764282	15.1509134048083	13.0248452198097	9.80447545766728	7.60283249848371	4.28916623599506	2.94760682588435	4.5272046562973	3.50829046687985	5.84712074443482	8.50325549422102	7.62481986672472	9.61847955760161	10.3395111102992	12.5217721988543	12.387992694541	13.9922150140712	10.7951213517959	6.82709704047042	10.953029991742	9.70805160678496	6.44722234764708	7.3061068976576	10.0488057001815	10.4118322114794	6.99920181163538	9.39095330624107	5.7989705120823	5.6658353311758	3.80548985020326	5.9704407709984	3.64067150399483	8.07356141984441	10.6502562410489	13.2122941611213	15.6486628502246	14.8377953551058	16.3017413487026	14.3702466575908	11.398158009082	13.3988637577968	14.6896548972398	11.73922919105	8.31353883734237	12.9771202891859	11.9516846511276	6.60289731860189	10.5242074285905	12.8805589164446	10.9197665268082	8.63945391792791	13.1809061145279	15.1488982437668	12.3798911949984	13.1443996059158	16.9623189452386	17.5131752118227	15.2923975229524	18.5289094390361	14.4879700786549	14.3225856255077	10.7215527793319	9.37403637714299	9.82055970910009	8.20307131506243	9.88009822825664	7.1984290647335	10.2222544480168	8.75483849080039	11.7271146493927	14.1295752943958	15.2337342106261	16.9787445354478	19.1220704161448	21.7392708939375	20.6354799798793	17.5588646842556	18.7171088846542	16.1369408810964	19.4824147630626	19.6114809486688	21.4421751928297	18.8316157830389	13.4669899383641	18.4535327241155	19.7287084726801	13.1707901433437	15.2578921873239	19.0714557650956	19.4904752635743	16.2049159516487	15.8569665762402	12.8196522963768	12.5323162264603	13.5814542299417	11.1602146036714	12.8701191913673	9.19934655288081	11.6977128533744	9.15454389907001	12.4359573415158	14.8088594429146	14.0598259946558	13.1840529049303	12.0165353991906	9.27772892468841	11.6832653397926	12.3695861288889	8.28885504759252	4.59063688391927	11.1709563153743	12.7935009282057	8.95573291249801	11.3368486802991	14.1911700363289	14.0575779563906	10.7249714218733	16.3842769446808	18.5627257157994	18.1667338010992	18.2283244155902	17.0598501165749	22.0362786558892	18.3122897530593
18	32.1543567965525	29.4334701318074	24.4276840899828	21.2699883638896	20.2251861796128	16.9244500649209	13.4873879976814	9.19440922517592	7.38812899183548	3.80581778334171	1.32503320713105	0	1.32909480474494	4.74513993471215	7.38804750932207	9.21459608447381	5.10447470363014	7.67469536854721	3.43146237047705	8.48033525280693	10.6364054548517	7.39595058123024	7.576544397019	11.8525761334825	13.7499723272449	12.8719040549563	14.5687035112943	17.1249709488805	19.4894669244697	18.5880226490071	18.1561379428556	23.5312446759622	24.2425586314646	20.8135350673546	15.4327303481918	21.7129059547542	20.6017280100481	17.4913702436373	19.1602081930234	17.4986235744415	14.5427886252947	10.672740697684	12.3162260859404	11.963913657328	15.7904280815942	16.5664302431151	19.2043037103666	17.7591446584569	22.2548225335544	19.8021217802538	23.3931190951527	27.567678901206	27.2357515776598	23.3030142685447	22.7998602407997	18.6856394324626	16.8142847305498	14.0483299007391	10.9477247864568	8.93247362156754	5.68659405971624	6.65516536233323	3.64247937537057	7.87142293362515	9.68488611187556	7.26570031036238	7.76367799435294	7.72222234852118	9.97131144835022	10.0643684849075	11.9418331088657	9.23754263860254	4.43594916562397	8.59890458139872	8.87893203037392	5.67082269163831	3.98283366461619	8.35487600147363	10.8763098061797	7.54574495990953	10.3837564012259	7.30716121349461	3.62489917101152	2.85442638720987	3.87948269747398	2.911053074061	5.53474642598918	8.45609602594483	11.4987214506657	13.786404933847	11.7636272042257	12.5853867640212	10.8255742572854	7.69829753906667	9.66484252329028	11.2066061767156	8.49116823529012	4.80595245502908	9.34051106738812	7.66316475093678	4.01519924785807	6.03512866474278	7.92240834595137	6.14390543547018	3.54799633596203	7.98031716161707	9.90471453399845	8.23063083852022	9.32811974622967	12.6423498211369	13.3682292395066	12.5735374895055	15.4907188341923	12.0461883598091	12.4177343344106	8.90885009414795	9.03422885475014	7.21021622421963	7.23939396634829	8.31231357685693	7.03820111960436	9.2334488681099	8.92391590054501	11.663752312185	14.3913643550568	16.1150476263646	16.7125266192757	18.7344782420008	21.0395357600875	18.9221691674078	16.2023245554457	15.9921546078069	13.209842126233	17.039978667827	17.4904550827015	18.8263554359308	15.7523901361032	11.8483012284462	16.0965294396028	16.8757030372071	10.1076322647789	13.3018945267206	16.8526294980932	16.163001639547	12.7686210296962	14.0053926042793	9.65748129690138	11.6909488921986	13.2908948156247	11.3607226002574	13.1976896084125	10.6106683578368	13.7765897812194	11.6496347582231	14.6972378697495	17.1910136408532	16.9457072440191	15.2633152689709	14.5744819805028	13.0001633066666	15.4648982214562	15.4624426595541	10.5212990642791	9.02943968361271	14.811728427162	15.2165548006111	10.9687321965667	14.1703072655465	16.97774817224	15.1893406703517	12.8877193482788	18.0712670834117	19.7373456422083	20.1669619675349	19.1640238206907	20.0620466553141	24.4492081875876	21.3103011241043
19	36.0395626222073	33.1692907822884	28.4113783016594	24.8202449826749	23.8705070327381	20.6058155140727	17.1180793607227	13.5928202371693	10.9955748371788	7.55230117249041	4.54819755507608	1.32909480474494	0	1.34652627155953	3.76259019825439	6.37749057231761	4.28266237287041	7.43747450415798	3.12173173094678	8.57369850181355	11.0003727664111	9.287207815054	10.0999399503165	13.7849429088408	15.611153480765	15.6241545691279	17.1794910867581	19.5225597706858	22.0298654784817	21.409270375237	20.1653009647761	25.947748765548	26.9856721428242	23.8612051875005	17.3328154089288	24.228724543401	23.7060547750991	19.807147068672	20.6162238540427	19.1267638140905	16.5138729860684	13.1784148136261	15.076312049039	14.7965937296393	18.9795334241914	19.8865461556299	22.6503326907134	21.1827939847415	25.7004063002903	23.1250069189179	26.5867037633476	30.872488043564	30.7529893506306	26.8477825527547	26.4284337220351	22.3197566967026	20.4577990262882	17.5746843214892	14.4910310882283	12.2023570264109	8.69637476193385	7.6312820023899	4.08612053175136	5.8900163836784	7.10121038978568	5.0766835631148	6.75358608444433	7.0332331825413	9.99212775138509	10.7533085606245	13.4975587792756	12.7800217918437	7.55860820521873	12.577832046899	13.3478074978627	9.82730731177162	8.18151459083219	13.1447591837964	15.4423830414868	11.9237709639191	14.6521353392603	11.0204706342334	7.59232250368753	5.08103434351708	5.51134185112845	3.63610794669245	5.89172682666126	7.98458383386385	11.3098677269011	13.1694588347434	9.49469030563925	10.8516240719995	8.37345585764922	6.03383576176879	8.18119490050201	9.40748388252672	6.86608578449177	4.07655540867532	8.78503608416038	8.49436601518913	3.38500782864678	8.06808657613439	10.6280717442065	9.53841171264902	8.46049342532692	12.5468396419178	14.0605683028816	13.0532312091681	14.5406220981085	17.7763699893988	18.0117094136009	17.8110426982813	20.8383399290826	17.3774869011604	17.2705037853561	13.9365657893184	12.631208414083	10.2238726028839	9.0712039443505	9.07537316037197	8.295027426115	10.5206182803103	9.8990266188146	11.0746725910972	15.2170026943548	16.8190844875695	16.3080943399283	19.0550011283127	21.1614418695891	18.1673944471958	16.7123335892987	14.812088779102	12.3799393374927	17.0982515480385	18.0024501665745	19.0086612890019	15.775633109324	12.9233077422152	16.6838303455771	17.181848154375	10.0634368383768	14.4936760347401	17.6890856179736	16.8333251617142	14.3726875705277	16.5206399694443	11.604992029295	13.5616915611586	15.1195676525488	12.9773533896554	14.8065035035284	12.4149435761907	15.2461047156315	13.0150871299427	15.8567230536451	18.4660474655515	18.7247068067834	17.1469237474248	16.7817961196053	15.1655295324628	17.8560019321236	17.9929877730187	12.8516996541314	12.0039495583745	17.8801679242674	18.1283913792703	13.9519044578151	17.4577789538074	20.225845371702	17.630766290777	16.2715106244012	21.5509834810386	23.2549728875353	23.0325926677828	21.2166065382756	22.9843017296589	27.0218497331326	23.910961963083
