1	2	3	4	5	6	7	8	9	10	11	12	13	14	15	16	17	18	19	20	21	22	23	24	25	26	27	28	29	30	31	32	33	34	35	36	37	38	39	40	41	42	43	44	45	46	47	48	49	50	51	52	53	85	86	87	88	89	90	91	92	93	94	95	96	97	98	99	100	101	102	103	104	105	106	107	108	109	110	111	112	113	114	115	116	117	118	119	120	121	122	123	124	125	126	127	128	129	130	131	132	133	134	135	136	137	138	139	140	141	142	143	144	145	146	147	148	149	150	151	152	153	154	155	156	157	158	159	160	162	163	164	165	166	167	168	169	170	171	172	173	174	175	176	177	178	179	180	181	182	183	184	185	186	187	188	189	190	191	192	193	194	195	196	197	198	199	200	201	202	203	204	205	206	207
1	0	1.336345015331	3.95573848983979	7.48405631993774	9.16121334758666	13.3821150794633	12.7608252867908	9.47039159697211	13.3211450709014	15.2272996292842	16.9564685887127	20.2553669184244	21.2922677279805	24.9870256933473	28.3111364307405	31.1932989919309	33.023186097044	28.7793597739769	29.4004803702252	26.1057966359964	29.3499455025048	30.2338222525701	25.5620093498144	25.7152977427834	29.6591068982193	29.8283995044991	23.8139542705532	26.4807195899205	30.815529364267	32.3996363096872	34.0440459552034	35.4859158117696	37.2203482251308	39.7779205213143	39.3318818390374	36.1229627937687	35.7941283033964	35.6341887237524	31.3932881202336	33.1798108795092	30.6114253343421	27.4525104680792	24.8381454420414	23.2231115270973	21.8771967811235	21.7186078283117	19.6528695360245	20.6045267356472	18.3685740600625	20.1845217183861	15.3147838378477	20.5067980435757	23.0737808345316	18.52875432942	16.4340610623181	15.2998988885548	18.1382215225198	15.1472566823171	11.579830180102	15.014192918702	15.9695123908027	13.6908696948003	15.5060112859497	15.2808353829233	17.3560136840232	19.6011143050593	19.2162802071577	23.2768137424348	23.1930688568805	27.1392202172428	29.3486080249132	27.3357725700226	26.3506955316174	28.9006252008499	26.9205227846712	25.2112575251613	25.8562870110927	23.7185444958159	20.9967494865277	18.8235647261617	19.2299634945051	17.4271545583322	14.4314497539229	14.3566344941981	11.555277625397	10.5759913483323	9.01262569953951	11.9451925476319	14.6574074788143	18.0220073521237	20.0272709573721	23.9099926181503	27.0725748498365	30.6932199353538	31.759009981421	35.3484572506354	33.6914258231972	32.8667400421764	31.9782677767261	28.9450572982677	28.0317206393043	28.4157922289701	26.0692905350337	23.50266695505	23.5068214354897	23.044300228039	20.1469604159039	18.48175386699	19.1097332529787	17.679470891404	14.5393224395087	14.0750726463489	14.6133802728869	13.1176444912949	9.76089616787311	5.46811201421478	10.2244632621962	9.12243986003744	13.7825830307675	16.9677762243613	20.1934330414618	22.7253751124156	26.3774178228272	28.9491844617426	32.0389351414806	31.7936806456881	35.598367181656	37.7941861137398	40.6379379398119	34.1978995407613	36.5839733353281	32.6893925302995	31.6065186156274	29.2788770959543	29.1333393382908	28.0109662989337	25.3932927758493	24.2349590674298	24.2454371789828	22.4446280655305	19.6278949711883	19.7296765305466	20.1059534466784	16.9024194126166	14.9265945546866	17.072098552902	15.3175827401062	20.1406870289968	22.8831408901838	26.398204200286	26.3459607150698	30.7342803071749	31.626591880884	34.1592718013719	34.4601276985446	30.2521334950116	29.2016025758861	25.216080821571	24.2001786357043	22.3525932500012	20.9137440454836	18.8010823890541	17.5515134390172	17.2655767931454	15.1664415734212	12.8313524618413	12.8632506389326	12.2661844515725	9.19891634922288	7.95885934038289	9.19861832016091	7.90850491559562	4.68700341369622	6.12175285355428	7.77487067416558
2	1.336345015331	0	1.33000789471341	3.64717781304943	6.11835222915451	10.0217179166049	8.88217321380303	4.6453182883415	9.06368363304898	10.0113897636642	12.4675679665282	15.5618026269452	17.3010366452418	20.4251298404686	23.7791880012754	26.6729853972142	28.0803968810984	23.7508171017336	23.9967347362094	21.2699270802699	24.1897388369532	24.7402258882169	19.9826833533437	20.4225766493849	24.0763844669419	23.9589092614835	17.9574835931987	20.788343296184	24.9762853322907	26.4941329542976	28.263259613852	29.8907233268116	31.6359801017765	34.3051584604998	34.0955904040391	30.8969643978175	31.0507198789336	31.2017188949583	27.1455421570467	29.1494979202044	26.8218649053342	24.0234058784345	20.5569588217713	19.3750845159447	16.8325130031139	16.8430069761904	13.9267385270206	15.0316103262425	13.1613885665609	15.2603036667034	11.1078155368191	16.4360671086486	18.6889800149714	15.9469908446704	13.3669341660681	11.9701549697571	14.0966722314169	10.9370490078448	7.60031532240604	11.2890242713886	11.3536726216674	8.5367690609504	10.2121870821093	9.3915669619079	12.3081013158001	14.6705326760824	15.5306357886598	18.8639570080087	19.2432351490076	22.8309196047816	25.1923468736043	24.067068143004	22.5488904161602	25.4436868594156	24.3412759525872	23.5017572534481	24.2344052536884	21.3334552522558	18.3343657921402	16.9841326243055	16.9084377752648	14.2613424333055	12.0494511908219	12.781790563141	9.40414828679344	7.57006294557714	4.04482224578534	6.99528584119334	9.75550726512978	12.9381326705209	15.5152637747478	18.8943954388596	22.0021919135344	25.6118225435052	26.6854442346385	30.2081359074008	28.946095246164	28.5013161275054	27.7778193888577	24.480518907899	23.6633555101554	24.7291828413314	22.2799432001071	19.567794203742	20.2827274793111	20.2580634069498	16.9410281270058	15.677387346111	17.4662225166176	16.1081497696042	12.7183754858866	13.4788015045849	14.9972260435055	13.2312672106643	9.64610854179031	5.17256329105792	6.78978129250125	3.83564362265318	9.02736118696931	11.8819480305209	15.2288563260673	17.2906373219728	21.1858445665968	23.6053551127705	26.5887202775914	26.6114551274446	30.2005037209647	32.4216392090221	35.3622992040959	29.3446571798002	32.0281585015436	28.0614316099518	27.6648813299461	25.3956332466824	25.8934771902114	24.7101096921887	21.7200862337146	21.1125152693846	21.698444736893	19.6043920844284	16.7455132199643	17.8986553684907	18.6018926994002	14.5243613973214	12.1454459366464	13.4839448604628	10.5484943949362	15.7183004806499	17.6448963159323	21.3527937282221	20.9279564936474	25.27735375786	25.9977881751506	28.5570650627826	28.911453699183	24.7348310889725	23.8210703789733	19.8691512903798	18.5792049883734	16.7841930696712	15.7542424127598	13.4278812178244	11.9892632801186	12.3011551490094	10.5039837680758	7.60183398924233	8.06267170359801	8.66282246153065	5.68007561569386	3.96267939656995	6.09211958188609	6.78954564017357	3.72044258119918	3.56478835276374	5.64395127548068
3	3.95573848983979	1.33000789471341	0	1.33427358513912	3.66068149392978	7.16742833936971	7.49953231875162	4.23303177403619	9.6656088271769	12.0768951721873	15.0146944690859	18.3443469221447	20.9266223743824	24.2300366074837	27.7924486326772	30.2553319102601	31.5992766531134	27.6348062414051	27.035590524344	24.4857951678111	26.6986343470972	27.1803070070962	22.7760531479886	22.3028103386098	25.9431988968207	25.9618205255333	19.8288908666118	21.9597588556887	26.2580355129625	28.0328922696178	30.1770098584999	32.4924961491111	33.8024090709523	36.6845764048053	36.2113600959699	33.2197625217279	33.0067200127489	32.558764350018	27.8885852814373	28.9189267089911	26.5374434714424	22.985931719206	21.142791372002	18.7294158745007	17.3962273496296	16.5167655731986	14.5588232354129	15.1474804505568	13.7840274593458	15.8147782469436	12.7777083234827	17.1424735088026	19.560571719661	17.290919148501	14.6789961850257	12.6673590380947	13.5896770381051	9.91207682577168	7.62698898648739	10.8962408655462	10.4306721739301	9.35561895333494	10.1905813867512	11.7655756340266	12.769549326425	15.566949123062	14.6636269046918	20.3678958657982	21.3834718649709	24.8375581730572	27.1868901678732	24.8244303459314	25.237909838178	27.5211655458122	25.1538971334463	23.9776694864201	23.3211403237492	21.0110587310587	19.0645350585846	16.4614077466054	15.7661569826004	14.9898458297609	12.8429189049842	11.4932438414923	8.20333743058275	9.79975622145776	6.60294918956673	10.4941124922501	14.0064331291018	17.019882549536	20.0757478565557	23.1303152810332	26.591409891166	30.1827117568982	31.5593024162449	34.9297460912615	33.8124987689464	33.6570024809103	32.6564766776822	29.3414809953417	29.0989980068043	29.9006597418853	27.1299084038262	24.7311519141345	25.6535992211619	25.0028417784859	21.7300226875169	20.8912768638013	22.0875042954155	19.7391637867464	16.9949898793733	17.5592534294599	17.7807114312111	15.0560351022439	11.2993687434299	8.11957141726089	12.245337806692	9.14363882707536	14.6225493331361	17.0888488202102	20.4741731456975	21.6471007296589	25.9591594817706	27.9836455630785	30.6743656006119	31.0204212253799	33.8896549111967	36.5492897605412	39.7281897146094	34.317825455585	37.3133687302554	33.3385544527653	33.3120819823679	31.0158272016079	31.7261868178324	30.6112270580583	27.5282452219534	26.9861070182418	27.5175697146387	25.3329464926605	22.6294543018607	23.4106255149238	23.9318859056281	20.1301751855268	17.9297470701625	19.4187493933054	15.6099389813029	21.0824505454181	22.0751899425577	25.9750252550407	24.8254092816211	28.9593979564493	28.951291249269	31.578822175629	31.7761591606034	27.6306398948703	27.2597052992141	23.2392832505652	21.4812834346554	19.5259841493329	19.1831069954791	16.946310542416	14.7848915450875	15.3902795946013	14.3953985009099	11.2066176877772	10.7284076637682	11.8822505023249	9.63597581981192	6.17523149363649	8.64514944925766	9.59148690245678	6.14947192854801	4.66049589636125	7.8635001112736
4	7.48405631993774	3.64717781304943	1.33427358513912	0	1.33691510575653	4.58946238681613	6.65435098262783	3.57562232345644	9.99508749336393	12.7927315691372	16.132455919667	19.3444066334432	22.1910138569647	25.6370052463231	29.2465602934772	31.4534253301608	32.5698726586396	28.8380755252496	27.6327533734878	25.238349747953	26.9240573465442	27.3226066472436	23.2407050882713	22.3509540959665	25.7318375752685	25.5851123311976	19.5986895735404	21.2532704542148	25.3773009400133	27.082827972721	29.527037677356	32.1928346220087	33.3215488685625	36.722299465039	36.2075155181904	33.3814995768614	33.1622857173627	33.041619739353	28.3841942989404	29.4409386569111	27.5367452143495	24.1980550044833	21.4984728759975	19.3754917356954	16.7696648147779	15.2542427212891	13.568448326909	12.42908194518	11.3713884376535	11.9957329496784	11.1651426323178	12.9967705988834	16.4352394567283	14.6685180233042	11.7551608240806	8.31532206231364	8.22194028195292	4.35197897513304	3.82401608260216	7.09380201302517	7.08377314713	7.71770522888766	9.13773062636452	11.4992196256963	12.3137981955203	15.362175659717	15.638813893643	20.8426649207821	23.0486175290407	25.8652092781017	28.4937869368043	26.9210591359255	27.2069920792432	29.830866531162	28.2444785046564	27.651379441178	26.9849302574604	24.1007488265406	22.0442343936005	20.0439694172587	18.6820221871188	17.3361896909327	16.0197811782808	14.9519879614719	11.0682232539825	11.9869823141606	8.23860073070664	11.9675591914141	15.8658352758372	18.1880514899205	21.7685099168501	24.3510835282539	28.1464362930727	31.6682883812814	32.9223785440846	36.3698072307237	35.5244372369219	35.6068414774464	34.5804708614559	31.2052561437973	31.0261389315525	32.1071046810515	29.2433305558721	26.9243113375254	27.8535556258084	27.4171760398477	24.0154583758045	23.1809382251884	24.6563525688614	22.7249067324819	19.5808172454574	20.4503226624912	21.0281328224833	18.7372939881937	14.7438236899388	11.107735862902	14.4415324671587	10.918690168697	16.6650463245681	18.6834193872535	22.1545085704919	22.9202982092293	27.3169540212667	28.9931855959293	31.710162298544	31.8017685200053	34.6128619157677	37.4670073264466	40.7513602472359	35.5765263059788	38.988258976261	34.9386588323021	35.0032991873623	32.5884091817935	33.4185689998839	32.5003088293019	29.338279789381	28.7126009271191	29.5246628261865	27.4571325159784	24.5848317870999	25.6269440043092	26.4570534073619	22.4885815693209	20.0289446052457	21.2870872126743	16.9188340910359	22.5072794668747	23.1118709541223	26.9981698083407	25.6432922613303	29.655914856905	29.3490760501928	31.9412539202831	31.6484931868802	27.4670371354466	27.7365909044352	23.7257402413497	21.7798903578507	19.3021018803653	19.6254550520491	17.6528651782083	14.8855143680022	15.3486212410105	15.0974084531088	11.9669280937089	10.7317055960364	12.1772181141671	10.6658240187995	6.73555491403641	8.42384449049245	10.3214253376169	7.61738472180577	4.24191666584812	7.75671444620723
5	9.16121334758666	6.11835222915451	3.66068149392978	1.33691510575653	0	1.33340241487707	3.22720560237491	2.99144396571288	4.63743646856752	7.87974301611417	10.5810264624941	13.8795444809979	16.8291638235534	20.1321848044369	23.754162035315	25.6861429957867	27.1760932806759	23.9624742253383	23.4440397542744	20.0936271986916	22.3423043350501	23.6991705762037	19.9450325143881	18.0987575816684	22.1823119173814	22.2658258548835	16.3630958256682	17.6661292025163	21.7639754410815	23.6883669973259	26.093219847309	28.771817339195	29.5081058016268	32.8767859895094	31.7171424154195	28.7806782581648	27.664884547021	27.1508713672324	22.4448597456077	23.4962151420181	21.2088252857154	17.7272521559321	15.6644091813257	13.2869320386611	12.6680912926928	11.6751259093853	10.0244334503253	9.86305500339525	9.83904685424356	11.7213578138371	11.6837719080783	14.5017488600513	16.3637473703305	17.1980638735876	13.9570923547851	11.0393433228612	10.240975246528	7.06692769172007	6.78797473477914	8.55524558385088	5.63391675479857	6.42651048392516	5.94343377181912	8.08093818810663	7.79894762131404	10.7594645777566	9.32454840729566	15.0275994756315	16.647795319501	19.708202353335	22.1566885838114	20.0282774596319	20.819140256024	23.1489103199265	21.2200774975022	20.7043991943741	19.7867697717439	16.9122033159491	15.0960252053314	13.0062150143691	11.4500462007802	10.5231315681217	9.51576239720181	7.84658823948345	4.3398273007114	6.45028200933882	4.14788982495919	8.28244474777828	11.7008477470652	14.2871598647177	17.5679734460182	20.1310047936013	23.9635735857572	27.4535418115769	29.9435162597849	32.5796240156328	31.0341039825544	31.0880241089716	29.4895589319339	26.3927906823057	26.8290971521593	27.2218627209822	24.0036593251946	22.3001834073175	23.6140231642133	22.4214759772857	19.0275760411041	19.2936531014735	20.6128209859786	17.9167879654809	14.2515669313939	17.4157363898286	17.348703784433	14.0642105004156	10.8865613487455	9.73586616588375	10.215738544031	9.83774471106056	14.1069898631848	16.123537018905	19.55697241395	20.0198150091353	24.5273672048184	25.539444943068	28.4828960957273	29.9572424799079	31.7276184577412	34.0402388505134	37.8086819262455	33.280817462917	35.5377366893279	31.8836509985917	32.7318393311467	30.6915097217455	31.799962452808	30.3804487458629	27.2524488991357	27.2890656857284	28.0658120317229	24.1516575207583	23.1068467342474	24.7867806905213	25.20629510658	20.8313890319393	18.7875936191946	19.5211691504377	15.954979818226	21.0827672993846	21.294726131134	25.3319183047791	23.598164462517	26.9707176026149	26.1396910081202	29.0525866662506	28.9831265566709	25.0207943319152	25.4088457628441	21.5713479875505	19.2036133058339	17.17972307693	18.0501278111818	16.048825034874	13.1039883241706	14.5142282605724	14.8670799419388	11.6180305559936	10.6399645206175	12.6685413919677	11.435401435892	6.75192698420236	9.50011499930396	11.5406542708808	9.75357626719554	5.48415590588014	10.0675942508625
6	13.3821150794633	10.0217179166049	7.16742833936971	4.58946238681613	1.33340241487707	0	1.33336904118852	4.73314789542858	7.6365336377181	10.422303440219	13.9690448492372	16.5868952489609	19.7719004144771	23.3285897987855	26.8684246840041	28.3988891508101	28.8985193219307	25.8355693182868	23.3786829611935	20.6279597633891	21.5462231029014	22.1635627551168	19.0821236501601	17.2259337337632	20.0265719732559	20.0492695876932	14.4213955288661	14.9593786301437	18.9838527438452	21.082094891163	23.5510553054423	26.316673099007	26.9540740705371	31.1679456172524	30.5190954322044	28.0406764183748	27.8994194563256	27.8786771745002	23.2086578672701	23.8656438630932	22.5381388095823	19.4944924273498	16.604609058933	13.9475676374055	10.8380930056906	8.42054469734589	7.88461146791648	7.30693978352087	9.39364343585597	11.2423854230319	12.6837568961251	14.9887713305661	16.1320763077789	19.0478832944766	15.5956435263185	12.8014336697106	11.1698725149395	8.37880289778916	8.91645299432459	9.86257070950571	5.82660724607382	6.07239812594662	3.66810536926081	6.3117333593871	7.42907046675424	10.4679897306025	11.5755527729781	16.6729288668788	19.6626679268099	22.1072738482157	24.8810247779307	23.7428995070105	24.5593519051297	27.4062294378486	26.348396269982	26.5710459523143	24.9525649583364	21.9552050548384	20.4817968938275	18.9770833638892	16.5066070408185	15.5698679827415	15.7921074907689	13.9892307508312	10.7687177045366	12.2001672939349	8.84745675321445	11.7654035629892	15.4040611852849	15.4144520175062	20.4456800816212	21.6836798306929	26.1007630156668	29.3000576961889	31.0968453223153	33.9377488351835	33.5673111374742	34.4074796810228	33.1579059200065	29.7668950513822	30.6133534425747	31.6376753412763	28.4458702802358	26.6129004995698	28.5020174899953	27.7917678458928	24.2853330428059	24.6222792405577	26.4591903315275	24.0377088134456	19.6928660433163	23.0734287439037	23.467427830932	20.4820245825455	16.9272314924798	15.0137332799008	16.0192529788377	13.4865378062719	18.0127155920477	17.8664734628857	22.0734254251577	21.0371372577164	25.7233975399829	25.4673450716795	28.5067423779007	29.3811706199736	30.7463777703976	34.126899859202	37.6459451468548	34.0186419188068	37.4273746608014	33.8608960749712	35.0822487876704	32.029219331729	34.6204331284287	33.6087820963509	29.9508847949439	30.4150700475932	31.8129382641717	28.5285854188391	26.9455288684412	28.7676004039266	29.7433259404526	25.4268377506917	23.0352095063188	23.1547605904272	18.2719373083425	23.2742215551885	21.7761887620401	25.7091526698178	23.0101801818239	25.6016768591434	24.8178348975087	27.3812075336352	27.4032700420953	23.729789442808	24.4907648104342	20.932799860506	18.1900277624857	16.485441910971	18.0662683473926	16.126102101872	12.6450412415302	15.1180318824905	16.030489761701	13.026920971588	11.5151059916963	14.0194706390791	14.1589777173354	9.19272957287443	12.1260459342689	14.4813408909534	13.2783467720948	8.4821608685523	13.4716042474532
7	12.7608252867908	8.88217321380303	7.49953231875162	6.65435098262783	3.22720560237491	1.33336904118852	0	1.32439986408939	3.96877651172247	7.08216598224018	10.4032763108552	13.2239240015965	16.3720634618853	19.9137823629767	23.5153132022518	25.0236266556229	25.7763948022217	22.907770864927	20.9354639308519	18.0733168234278	19.1651091570072	20.1081756755803	16.9716606730161	14.7151848102564	17.9426143580026	18.571246430975	12.7580769710799	13.2749898681694	17.6632751776107	19.901364827569	22.162250179077	24.6490211976054	24.9532142618942	29.0519089045797	28.1093443893663	25.5086800520921	24.7401678652349	24.447286250216	19.6593742016372	20.3303053346476	18.7086915362887	15.5541303196289	12.9273111666734	10.376250430671	8.13422829775511	6.31095024540679	7.02508099597435	7.80494304911958	9.78553268861742	12.1203703738788	13.2976432874401	16.049996510903	17.4218513367552	19.9959618423321	16.4794812114945	13.9631123321414	12.7018684058685	9.99262718207779	9.64436166887161	11.0056900283444	7.25200034473248	6.33844626071721	3.27188462510523	4.87434180172052	3.88908382527299	7.35196198303555	7.58113830503045	13.066622937852	15.9552803171865	18.4173484790835	21.1133445953028	19.8136627860676	20.8777473880685	23.6775710325194	22.651176967213	22.7991092369856	21.7067636694188	18.2932401175954	16.7647511463785	15.2702496050327	13.0717082663285	11.8457123888772	11.7558748717397	10.3225964272561	6.98719707751255	8.218325133505	5.44360441251934	8.62353112129828	11.8473616894227	12.671904710816	17.0427361066233	18.7852063337085	23.0343118412511	26.3839698870356	28.5068587010214	31.2574037629487	30.4236759613299	30.9874189631857	29.6561480135233	26.3083025108045	27.0902860265446	28.0119942346131	24.8070722577252	22.9995481042563	24.8281932488049	23.9523763539236	20.464137900239	20.8319682699451	22.6158536650731	20.1247431039504	15.7916550747539	19.3178438755468	20.0922024925094	16.7077763032667	13.7910723295906	12.2957513393855	12.1268575484336	11.042211961378	14.7471396887668	14.9191812778048	18.9083245159374	18.3636284540937	23.052652623939	23.4228506804787	26.3674367923771	27.6882539897336	28.8829122319755	31.9794287785132	35.6673486819528	31.6336443995946	34.6429594290095	30.9616305933651	32.0992790261713	29.4174375668582	31.680604886902	30.4348061929101	26.8641413412005	27.4770508970668	28.7331235510517	25.0915263385869	23.8813143691883	25.7756231156494	26.6321403946435	22.2386000008993	20.068596363473	20.2060802235367	15.7008862488714	20.5806933556671	19.5368681471724	23.5793486975362	21.1372024165924	24.0158087309172	22.8263097324119	25.5775182728896	26.112126110296	22.6148612642218	23.1358667440837	19.5731219277866	16.8594258799047	15.7153206139741	16.6948539975646	14.2328745164145	10.9483913886927	14.1710252981215	14.276201315476	11.0332502010967	10.7554120795068	13.0059617483676	12.5000496399014	7.23430203958889	11.3760739712785	14.0571360169844	12.7020279876876	9.30999301825732	14.3376704174702
8	9.47039159697211	4.6453182883415	4.23303177403619	3.57562232345644	2.99144396571288	4.73314789542858	1.32439986408939	0	1.33653357608404	3.04648666499626	6.49007134013179	9.17006913823445	12.2605626298307	15.8222533793389	19.4086186267854	21.2539805448297	22.1351074314086	18.7515096992216	17.384679548384	14.8099306548005	16.5775099457066	17.3658423636747	13.5299457870311	12.0265889178936	15.9203803032465	16.8431561472308	10.696671491637	12.424187901026	17.044701258749	19.063227350058	20.6579233225414	22.9028383830476	23.618870654627	26.6876294563605	25.9048293567049	22.9663902692609	22.67684056477	22.7105759284083	18.2689862335051	19.9462155057043	17.9655966780956	15.1750211202489	11.4774640056068	10.3344017727201	7.37260428885208	7.89980942808116	7.15179264240791	8.82662642236546	8.17646445598585	10.4183216498628	9.31804217633726	13.0695043517342	14.9397291809457	15.0815308904633	11.8895023445054	9.98680920013995	10.4276009225516	7.30105348562795	5.25685723602991	7.47052862922029	5.44917736910811	3.76122174299788	2.85458613462617	3.64972026325306	3.00153527382238	5.20689053082548	6.81372680696841	10.4432219645088	12.9041286416402	15.5520739131474	18.2942574049891	17.5522835266526	17.5366066843047	20.5173262877988	20.0651551202576	20.4966518973222	19.9370175051335	16.3283287571019	14.2259938141418	13.4053595998019	11.3373332402289	9.1978632844808	9.66141495848305	9.08291153760731	6.11153581352511	6.10529385042194	3.57676418009351	5.20651332467324	8.25620378866704	8.65534568922582	12.9802130953232	14.6305266138988	18.8814397756103	22.2233354157291	24.5024780991638	27.1463566984596	26.2513087864205	26.873726202371	25.557925287472	22.1870925314697	23.0936209590441	24.115653443355	20.9116210275531	19.1618849542523	21.2684973846297	20.6226375131795	17.1464999635494	17.5758703056207	19.6596699870573	17.6350127303612	12.7735048831556	16.7528744100826	18.1804999381205	14.7650939042053	12.5114972325458	10.0119235913984	9.69011357002589	7.21707122037742	11.4110172640304	11.2587818168752	15.212877242652	14.459021889464	19.130298821503	19.6050182096319	22.4450089997754	24.1162733646805	25.4051521152698	28.0735604083273	31.7831995557401	27.7816422840695	30.5638854859784	26.9635746331973	28.3110267916937	25.6174956035909	28.2276231730552	26.8673528655132	23.0757325777536	24.0358347889147	25.3080536786218	21.4946618954567	20.4518990316303	22.3250997086239	23.2890839021203	18.9948692282943	16.6708762817076	16.7440594241659	12.2654443458034	17.1888995866518	16.0300576106264	20.0567219903951	17.5500411965328	20.9574541869951	19.7128257994637	22.6130351346298	23.6175225415368	20.0757747795695	19.8959939937667	16.4122294037099	13.8693869367034	13.252416873914	13.9305730678964	11.2423227582204	7.59437199510269	11.0876569661944	11.1165385349937	7.74910201249151	7.38404401395333	9.46041526572698	8.51489148492217	3.69925303270809	6.67944952821713	8.96654247745473	8.10881310673763	3.26886081074126	8.4805548757142
9	13.3211450709014	9.06368363304898	9.6656088271769	9.99508749336393	4.63743646856752	7.6365336377181	3.96877651172247	1.33653357608404	0	1.33446543604546	4.23071069679788	7.40098540736299	10.4344455051526	13.6497448327798	17.0679075753298	18.4778962276554	20.3215545419144	17.4075298936983	16.8978345950006	13.6181553816954	15.9418207554846	17.4360922800953	13.6633200211369	12.0380606411498	16.3728585775362	17.8827223319046	11.9482561070643	13.7147478285239	18.3629305395408	20.3784551426255	21.332102404592	23.0715515516404	23.8239194298503	26.6774054772948	25.6352365504982	22.5574765211005	20.8282917686497	19.935943544262	15.443353780834	16.8242393290157	14.0758453387354	10.7961685796397	9.37837800475114	7.12365678566844	8.10508648935963	8.8620687201127	9.217353524738	11.4510665878773	12.1050471291937	14.9335855707864	15.0876421617163	18.9244505336351	20.2770958472854	22.5370001774859	18.5534984571644	17.8804638921925	17.5272928314672	14.9398062571106	12.9348484722474	14.3991609825017	11.3859466887914	8.55982640010883	5.61078256573894	5.65957781110923	3.50110425437461	5.69811846138706	3.60456835141186	8.55067745854093	9.00918042887365	12.2022424578436	14.346771413806	11.7207147392981	12.8026498429036	15.1374122953694	12.8164749053708	12.7561788949513	11.4516594430676	8.28667044113618	7.06929833859061	5.43460881756912	2.79400250536752	3.14059023115082	4.59170578325746	2.72959062864745	3.79244261657312	3.48163381187626	2.79859714857283	3.23907409609598	5.79552982910105	7.88747938190649	11.1945220978834	13.5951136074694	17.5004979643438	20.9807010845682	23.4685667223203	26.0982797325801	24.6491194568893	24.8833852399548	23.3160812530751	20.1772792516732	20.8193968692659	21.535843285091	17.5664222026001	16.5669304942104	18.4028847195216	17.2861238570132	14.0702311992376	14.735023040362	16.599257242419	13.8627521437844	9.53220069029183	13.6155256233463	14.8443295907899	10.1228786913605	10.3047176574616	8.45255576734043	6.64468464262978	7.42524167956842	9.61735972083815	10.2964219513382	13.665483269903	13.7479515928738	18.2121905327174	19.0471999516989	22.0360107551253	23.7371885866882	25.3474961879867	27.460250927477	31.3690855939411	26.9911146305594	29.1712531955691	25.5562061542789	26.7481595815488	24.5676561763633	26.6253436221958	24.9529790806629	21.4560966860238	22.5989077833421	23.5491783720791	18.8977169785136	18.8605456177704	20.8571917093361	21.4144690805072	17.0432180646731	15.401565926879	14.7957182319751	12.3344508592803	16.3029420044359	15.7249695071246	19.6976163532545	17.6671439966962	21.2848074691786	19.8144171753802	22.8527321998924	24.375379176538	21.033634826154	20.4472312551113	17.1145672162635	14.8057029890512	14.7070470863461	14.7542878174448	11.5062397854382	8.51584059268373	13.3246421715557	12.4709754630502	7.87355885225989	10.5749669030215	12.981158576953	11.6539038094537	7.03025070676715	12.3217423280963	14.6868856467258	12.4110778339353	11.4471868159823	15.9764745172394
10	15.2272996292842	10.0113897636642	12.0768951721873	12.7927315691372	7.87974301611417	10.422303440219	7.08216598224018	3.04648666499626	1.33446543604546	0	1.33638018542629	3.60881822761967	6.88919451024574	10.3764281426703	13.9350670611949	15.5807798906217	16.649200941787	13.5890325262691	12.8992591260118	9.58888950817559	11.8213199347619	13.5602077417715	9.31312332142123	8.37487779015312	12.9451389332058	14.2724491240992	8.63843747445104	11.3754721220704	15.6320023669394	17.25858203909	17.7780435650271	19.052870781066	20.1017858659374	22.7778422375782	21.6078089819398	18.4762362238633	17.7408361978797	17.7211382817245	13.5875079024816	15.9468891637209	13.5823415138922	11.3039442231462	7.32242999283708	7.5905655257036	6.77137881084791	8.64329399014056	7.7405713613402	9.90328536395877	9.66839598899425	13.2850644334154	13.1736728743354	17.4108417659802	18.1964464662747	21.5786945388269	17.0095136026872	18.074881078447	18.0861390296547	16.2217950917893	13.2689726052924	13.8359638984785	11.8418330084493	7.5642545567954	6.19339535311609	3.38388696619731	2.8278707537651	3.33038421206923	2.81959873031607	5.30628702578366	7.25423938121703	9.93451931398797	12.641287315776	12.3358762963966	11.8043546625811	15.0182095137869	15.2843625643989	16.3052779491795	16.3341858076857	12.2835229881333	9.97797223888702	10.6573757557853	8.89305138858424	5.61715684310132	7.604254861589	7.91853906980322	6.39646425769737	4.70695071144791	4.99496586574924	3.32846436063239	4.85587994085521	3.66673096913313	7.83778929290651	9.38427663701364	13.5713874382835	16.9346569495812	19.2196236695727	21.8690057158527	20.984393581898	21.6946187106388	20.3927910056471	17.0754956004211	18.0990388695091	19.1769224590391	15.8410765417001	14.5046938954257	16.5782155252005	16.0423849224484	12.6302153980049	13.1869722832802	15.6420829175657	14.0341977326814	8.80679288958245	13.7430579202738	15.8587670706143	12.4409493206909	12.0897069443391	10.2642584242604	7.71409139173241	6.73821296784244	8.60181916805974	6.72749946116683	10.4876764347495	9.38277245807443	13.9789452391802	14.5320174098437	17.4560185036566	19.1861013236144	20.775213332238	23.0815045220194	26.7913990116231	22.684509009454	25.2592452183354	21.7106776494885	23.2842292335392	20.5638049008446	23.6260307500012	22.1834456521073	18.0907922159313	20.0077087643738	21.4741750947504	16.9893968403825	16.428079193868	18.8408382509909	20.3148647546569	16.3335150534109	14.6171815682778	13.5042505160412	10.3037475706657	13.3068764930017	11.5414629055419	15.4463237050115	13.0101967317946	16.6027320944476	15.5087632646836	18.470911211957	19.9875172545266	16.6649259224276	15.8268923671073	12.6348985354058	10.4768230394524	10.922537067916	11.059132832189	7.03591060204719	4.65211296079534	10.1452205003144	10.1616292492887	4.46262131487761	8.29323585821602	10.9932885889528	10.7126932187942	5.93732304999484	11.511590333225	14.0119522551285	12.5990294864327	12.2498064066335	16.347768440983
11	16.9564685887127	12.4675679665282	15.0146944690859	16.132455919667	10.5810264624941	13.9690448492372	10.4032763108552	6.49007134013179	4.23071069679788	1.33638018542629	0	1.32621076756298	3.81256199949588	7.04772083726363	10.5426158992918	12.4561012359406	14.4166394835967	10.7774778589427	11.5307494986232	7.29817251097835	10.855367842685	12.8513951771782	9.60278798058147	8.85533545383799	13.3440481863638	15.2471350095682	11.0621629892169	13.1210203109362	17.1346210346188	18.7729535768882	18.187328638368	18.6656010082719	19.7991513454491	21.9457477885808	20.9665351214739	17.4886213293101	17.0240585349088	16.8095245024956	13.3246823977159	16.119848820631	13.1534724312632	11.7408373210772	8.36730864734892	8.96241652680793	9.01552372300134	11.044858532367	11.4444632464786	13.7597922222685	13.837000975645	17.7703976882905	17.4900259576708	21.9615056405521	22.4135849207573	25.9127732788291	21.2412211513369	22.6190377116269	22.6703029534234	20.5933253507053	17.7424520571425	18.4966842974626	16.3909662924429	12.210035462684	10.3894858871842	7.88770270737938	5.24669229133937	5.45329973502282	3.62482068522017	5.75723735831692	3.82638746077811	7.88019885535892	9.90933040119261	8.91790384563547	7.67046706530965	10.5634204214355	10.7319653838428	11.8780718974083	12.3586747266849	8.69560181931073	5.85773975181554	8.00074277801755	7.08811773322086	3.62163747495522	4.11971467458609	6.92630247679092	7.75197845714241	4.37977419509271	6.17152404192028	3.00606852882631	3.4525148804893	2.75427612994776	5.17284186883767	7.20528042479958	10.8612789762532	14.2465720789248	16.9646534299997	19.4928835475924	17.8431056713791	18.2959925940081	16.7382010383434	13.5115759998603	14.6552900346598	15.4636928965884	11.9329903628554	10.9431429214828	12.9735767234792	11.7914271400878	8.52463430300679	9.71861111476326	11.5899814495106	9.76158890754984	4.61772508926203	9.90994697261292	12.0009028410366	8.922384658823	9.73508957329104	9.41075905546412	5.60683680875411	7.15165561251379	7.70210964606451	7.05566630446764	9.29997951610647	8.67956364110547	12.5832360702643	13.0547544595829	16.1729216902822	18.2684276827537	19.9798794040405	21.2673849121137	25.3123181277417	21.2151810975066	22.583450688502	19.1960076317968	21.2677482823171	19.0679971155861	22.1127692747878	20.1877432864597	16.1321142135803	18.6862812244705	19.9604974637407	14.1812073533955	15.1942500966649	17.7596417756665	18.6372725740651	14.6311227525436	14.1121552570825	11.8906738665225	11.6545634409874	13.2372799320706	11.8381031419734	15.2690534742662	13.0641010789109	16.4859397972939	15.1802698921989	18.2517346846813	20.420551020969	17.9042257023307	16.4603876017547	13.9314381526101	12.3015466913718	13.6541216487916	13.2681996141149	8.47905124409565	7.76968551487124	13.2330309831119	12.7635381850018	7.16717747791974	12.2196055582821	14.9097506686061	13.4916801029375	10.0621661683755	15.4185998391553	17.6453255283092	15.0615375377151	16.218900517606	19.886547965899
12	20.2553669184244	15.5618026269452	18.3443469221447	19.3444066334432	13.8795444809979	16.5868952489609	13.2239240015965	9.17006913823445	7.40098540736299	3.60881822761967	1.32621076756298	0	1.33133391754285	4.49996133316721	7.8880939396029	9.29524190110188	10.6568642667531	7.14437317054477	6.23228288831629	3.67247954385045	5.37423789946072	6.96697294382574	4.76490167789431	3.61461809877614	7.59006521711112	9.5483858321708	7.58102948154141	9.05551080834207	12.143000041176	13.5260031790622	12.2973129178695	12.8314639460975	13.983693575018	16.2106820029263	15.3811705991449	12.129325578943	12.6288939737413	13.4931034977132	9.8158774442227	13.6476626570267	11.383724039171	10.5055129812875	7.19832661109511	8.71487332093818	6.74124009363263	10.0315783902634	10.0957082465769	13.3288089115269	13.726532737731	18.0870998504459	18.4121756997917	22.8443280925485	21.6372291664159	27.7439568194589	22.277484732348	24.9917994750278	24.9352149780185	23.2134095082993	20.2659948435797	20.3307818098567	18.6192845727219	14.3854910934594	12.6286876990446	9.56949679972777	7.01197133479594	3.91712956129868	2.80684039446492	3.63705705206833	3.00293339919486	4.91353213075889	7.24585598808036	8.15959594587869	5.98393056443672	9.87175896180615	11.779219541209	13.7152465891066	14.3663015769543	10.8912519482381	7.73337190363945	11.1097648039911	9.73798485314082	5.87334495836912	7.32643119124175	10.212638493553	10.9636958184729	7.55201059321291	9.60113144374141	5.82634413676363	5.69173839876711	3.61027907508547	5.63603442147047	3.54873174528591	8.12774950401401	10.9368200588654	13.4342339193569	15.8813326267036	15.1574122131715	16.5635247456572	14.7990511520165	11.7768850295823	13.6903902427944	14.513819896912	11.3052754942107	10.3988055564089	12.6081285288499	12.7578993960605	8.2956001591205	11.0874808680782	13.7161326181982	11.7351650606202	8.43058871016728	13.6331481690767	15.9376491051849	13.0857563021783	13.9668940355399	13.1620038747905	9.64017276816137	9.35727369483227	10.0147753844008	7.51081793149055	9.11789986784238	6.47069501676597	9.88634922506787	8.69862857006781	11.7509213681311	14.2593520890677	15.194381395766	16.7270192801945	20.9622360925546	17.9679467942222	19.7058645078058	16.8977201420783	19.633418296364	16.5840151049135	20.8331922661891	19.4136659340785	14.9501873566855	17.8836024614729	20.0690183118159	15.1022785698053	15.6034928461547	18.6271586936924	20.5903314689201	17.0944907499463	16.3432480553897	13.6888919200935	12.1725815667836	12.8311804601136	9.92902467516322	12.4591618096885	9.02432811903468	11.9948692781539	9.87122565844789	13.0890580638944	15.4968738137729	13.9262874090692	12.5581105664825	10.9577951249328	9.04419780854002	11.4944018548161	11.660183917932	6.61687184400605	6.08685583860831	12.5895107927195	13.1603011363722	8.38401956104588	13.6329965158068	16.3019018215667	15.4294719611528	12.6053552905105	17.8928736931774	20.0724191616257	17.637924169244	19.1252596322246	22.7641560353113
13	21.2922677279805	17.3010366452418	20.9266223743824	22.1910138569647	16.8291638235534	19.7719004144771	16.3720634618853	12.2605626298307	10.4344455051526	6.88919451024574	3.81256199949588	1.33133391754285	0	1.3305788214157	4.82828447794866	7.50831132812166	9.31364917741698	5.37020828273914	8.16366229090841	3.6090991950901	8.80605836910022	11.0052255315373	7.46110320261019	8.85971178989475	12.7926896702765	14.6396069960911	12.1779998768271	14.1682871582983	17.472371361667	18.7728345488901	17.1893890525522	15.7255785903095	17.0835332411068	18.3349994818653	18.1109430179657	14.2494018470952	14.6100958929091	14.9362632542413	11.8896514246634	15.7108304681834	13.6050574419956	12.7627922493473	9.50928935304842	11.553744760899	11.3071234626672	13.9612836802351	14.1539010170341	17.068333193373	16.66064638602	21.1862695158917	20.7024227084658	25.4065375444983	24.7579785321823	29.7556704007824	24.4327036981174	27.4159883462187	27.5926060748165	25.9957724447649	22.7920957132072	22.7361074065021	21.2974621492797	16.9027891781209	15.6483649305606	12.133824870996	10.3067175182014	7.35365902119482	5.26601148878352	5.51892833800186	3.82871714807976	6.54568514366525	8.04962079852213	6.7465679422948	3.69569871607522	6.93445116790074	8.69019637292507	9.99048317149876	11.4783199119035	9.22577227119768	4.48589088141921	8.54694781778852	10.086690884527	6.75475462174608	3.49753598980768	10.3181849663591	12.8413841543659	9.5522180146812	11.7003470034012	7.81585938972804	5.8928922440513	2.81927543883176	3.3803990888651	2.8668552457353	5.76340324808181	8.78268193662961	11.8662048692916	14.1561800991652	12.0497295405333	12.7317900155477	11.1629359041428	7.91577096687366	9.85313209086329	10.2443682577307	6.73804407821736	6.32502782602575	8.33124246436268	7.15372804906645	3.51832843833545	5.81546008498038	8.29680577089762	6.2669733524246	4.12511745287331	9.0861240911623	11.2500995995591	9.7417251552279	11.5789110455172	12.5967140556575	8.74136110682999	10.1679392700783	7.86369436079506	6.9285976214527	7.62746674853453	7.22049748978559	9.36183155157152	9.16711132254867	11.7357991206394	14.6556696537552	16.3745932773917	16.3981551096457	20.6733168359603	17.0332040732212	16.764782939245	14.06365653022	17.2682748124994	15.2969198206698	19.049350356377	16.2441703389247	12.6882951967552	15.976493107062	17.8687348460936	10.6127328243012	13.8354452765352	16.7553442817508	16.8724707437885	13.3723216383693	14.3059479937542	10.7486731274144	11.5112093630513	12.2086283422832	11.3056597330717	13.4121548604242	10.6719881465451	14.0708946766011	12.828392494775	15.6537010639657	18.100878928936	17.24731561722	15.1130497914881	13.9232693358995	12.3329442551242	15.1811192275142	14.6768693187614	9.76533599012343	9.43274832697237	15.3806414040507	15.1582713394371	9.97608199645532	15.4409353991266	18.0881792063215	16.5347537326687	14.8887673767844	19.8162516384911	21.7413352625822	18.8288492213412	21.5604836680442	24.7594052432606
