34	35	36	37	38	39	40	41	42	43	44	45	46	47	48	49	50	51	52	53	54	55	56	57	58	59	60	61	62	63	64	65	66	67	68	69	70	71	72	73	74	75	76	77	78	79	80	81	82	83	84	85	86	87	88	89	90	91	92	93	94	95	96	97	98	99	100	101	102	103	104	105	106	107	108	109	110	111	112	113	114	115	116	117	118	119	120	121	122	123	124	125	126	127	128	129	130	131	132	133	134	135	136	137	138	139	140	141	142	143	144	145	146	147	148	149	150	151	152	153	154	155	156	157	158	159	160	191	192	193	194	195	196	197	198	199	200	201	202	203	204	205	206	207	208	209	210	211	212	213	214	215	216	217	218	219	220	221	222	223	224	225	226	227	228	229	230	231	232
34	0	1.31431921541154	3.64691719127265	6.51054329530186	8.68415033264625	4.66229278359908	5.39744244990162	10.3936067368359	12.5772916003407	11.4772179555849	12.6259783383309	16.540708479385	19.8329697977887	20.0143312903529	17.8410610951255	15.5396301436038	11.2328447866068	15.7063983777313	15.1101711770582	16.6560123078725	18.3593387680494	22.1850202163532	22.5472277896863	27.2182525890256	30.260250643377	33.1759012688427	36.3914287435929	35.8387099098168	35.4130232118073	36.7093818117385	34.9740618172954	31.7781082350728	32.6298161502635	33.6914408270112	30.7673964774402	28.4812038018058	30.4025442356392	30.9336499139691	26.8666869747649	25.0576873234543	28.7917378773842	28.2974983169891	24.0059766100028	25.1137773741825	28.0551237922772	25.4588712436353	22.0238329770274	21.3661762840242	18.3582649506973	20.1175788553195	19.1518515031837	22.1236573377911	19.5398543495083	24.9255459920139	27.9377190371727	27.076083930288	22.5146864734999	21.2225014548238	26.1565263175369	26.1433140018629	23.0775637145692	18.6962547318975	22.4794503936373	25.6497626889607	24.6176168221053	25.2127341833447	30.7519614171194	33.6990970205434	32.5548615877875	31.355708921981	28.4157865103185	27.839179118645	27.9003898180653	25.5050126053684	21.8568587175742	23.5193201644945	22.4567991040576	18.533413797787	18.2742556346353	18.9594335885859	17.12364966939	14.1282958986567	14.8817842008275	15.4897542265848	10.5748621267608	9.97610515181151	13.1994991950452	12.5089701414625	7.31732061618185	10.0821184777803	11.7654971420676	14.4633709072263	17.9393118318402	18.3327084196526	21.7178531858008	21.9977357243876	26.3482755602715	24.9400514434113	31.0434000231933	28.6142778870969	31.993372860641	30.1805608463461	29.285543327724	27.1720413292782	25.1308137552289	25.0230871396796	24.1881948479005	21.280679523925	20.1081399686794	20.4677471403181	18.6282644924319	15.7587193959408	16.3621079937764	17.9052380604113	15.5111220419414	13.0031292003117	15.0315056132112	12.8830565472639	17.2416991622056	20.8280294075076	22.3997823873358	26.5017475084191	28.5973379530333	32.247450348826	33.5060634661847	37.4781367066187	40.1585366516261	37.8820801567179	33.7352085068405	34.6832208135288	35.661363490478	32.887190591475	34.473961666742	31.0929778245828	31.3453211979077	27.1292143269944	31.4291783856976	34.5461992554897	33.2854578757751	38.8320177559704	37.2866456120687	42.0326703172663	43.9426434798818	40.8699134939138	39.3522568857238	36.3584445624397	36.6317046422904	36.5990760675731	33.8645025949002	31.8891520896997	33.300245899993	31.9615256363022	28.2454204960733	28.879452695645	29.9514678939113	27.2634615006972	24.1612656332403	26.6970838107835	26.8113028590555	22.4465417380941	20.8787513755014	19.9274258749092	23.6275687704004	23.8625432215428	27.5334548867373	28.0887985147104	26.7902820627182	29.2062297121693	29.1043834670999
35	1.31431921541154	0	1.33797085170044	3.93915562018055	6.19084404584706	3.29412871636796	3.32033748284719	6.70698270461465	8.26099885001808	7.14673813708044	9.42235453588964	12.5883144622304	15.5797906596976	15.7027440595585	13.6978007358846	12.1502403679927	8.18998327226619	12.5745375660499	12.4625816747574	14.4081298578268	17.1306424281169	20.4808497382311	22.7445368825131	26.0870523248603	29.3965300673396	32.6743912873675	36.0431386119467	35.1488786876623	34.6799426470114	35.4451049934966	33.4634737736536	30.4802437326213	31.302322932971	31.9109152015419	28.8721750133238	26.7397618538386	28.5788495919622	28.6662795109515	24.7468076527054	23.8928343651397	26.6702532046473	25.3604843408007	21.6023512840616	22.772721642351	24.8918619633004	21.7007784422587	18.2234085999299	18.3911388989372	15.2230794190926	18.0108755200851	18.3292481024182	21.2655978989541	20.0304705136949	25.2871195275381	28.7574926062757	28.4743808009937	23.2902289383338	22.9940474253664	28.3386971118998	29.2307233232433	26.5030674073776	21.8820914448322	25.5754570047145	29.21568019061	29.1925377451156	28.6658055878428	34.2785509320333	36.8374073599106	35.5456297735741	34.0994839990285	31.7200726670038	30.8680222074561	30.1409873262307	27.9179505873909	25.7914466441881	25.7033898542585	23.9839316835251	21.6990422138858	20.5077055274353	19.9708211899261	17.982381905632	15.6787606653077	15.5591929739302	14.9484564086062	12.0077197668833	10.6959293191382	11.8412916947434	10.4645872350514	6.97395368496235	8.46608628588205	9.49077178105132	12.2391169616112	15.7082851069109	17.0701897763323	20.2842391279535	21.6400097504599	25.9067574968385	25.5214340702085	31.2921387891592	28.9675974495642	32.6124654388472	30.8635766235866	29.756728802071	28.2341849005775	26.0161681459818	25.0972583960878	24.5038677967377	22.1314086763586	20.2310567198058	20.0108467586956	18.9475303140014	16.1370109375931	15.3921327307167	16.9040234855492	15.3560426542778	11.8280160212945	13.0082074476078	11.2226429596597	14.9359669924649	19.0224643251078	20.0035774050543	24.8839816950584	26.7223666242345	30.6864277816757	32.0150202405059	36.0157722393953	38.9203998566305	38.6224051296653	33.2581587884838	34.7290915804027	35.1045813107064	31.9339641447785	33.5781052175372	29.5263274045385	29.564672178125	25.3051789560951	29.1290382264846	32.5604000743234	31.3103572640109	36.8964315483219	35.535070578233	40.3018811471624	42.0484295782851	38.7832296875853	37.0976510038035	34.0875246534564	34.057760862981	34.0548125673891	31.4863698447439	29.2973858731457	30.4870103650719	29.321261245042	25.8782807195532	25.8851613477683	26.9480024120527	24.3765053483882	21.5406838099444	23.8394448970608	24.1409259557292	19.6744333844713	18.0021095985998	16.9920300729489	20.5145836175146	20.2538795049245	24.2875854295976	24.3095284610788	22.7142019670514	25.0117260100138	24.5913626096644
36	3.64691719127265	1.33797085170044	0	1.33109428666793	3.16936413180941	2.91865037303203	2.77344208520748	4.5904964873094	6.81498209828903	7.77666490212868	8.16554284784545	11.5641054128713	14.6705875137978	14.1291873793223	11.8192317855265	9.48922494200659	6.15216977984191	9.99014819709898	10.4780170833989	13.0259053044309	16.2561833774106	19.4336542369159	22.3423599022127	25.3283257243743	28.6747419691965	32.0781409218178	35.5132819942061	34.530213856853	34.0317969258163	34.469482357587	32.3797421391833	29.5581685156574	30.2950549595144	30.5643174469838	27.463188343672	25.486128972443	27.1388510073658	26.8640392532471	23.1960082988431	22.8326964023087	24.8842000675127	23.3316125675016	19.7812492274881	21.3053482487379	23.2896511566833	19.8681400739979	16.7086976751631	16.3037653626394	13.8182095801157	16.5290946818028	17.8051123557253	20.6815269262209	20.3465066043289	25.3047689576491	28.901971887745	28.7893794653515	23.435530077214	23.7283464868499	29.098663096438	30.3373855828086	27.8294983785191	23.2046906680524	26.7944642417049	30.5902840947906	30.8285612216983	29.9223956427289	35.5059221116703	37.8552926022241	36.4552714843821	34.8888116449959	32.7844807950347	31.8722652473902	30.8101044139743	28.6701616667922	27.1579315486287	26.4806174588132	24.4881494605044	22.517932898026	21.4637491832159	20.4621079070559	18.3504572150124	16.554371839487	16.2062463575006	14.9457551833288	12.213538594527	11.2681049870863	11.3725364365211	9.57882002127611	6.6666934082797	7.76123740134265	8.3989077266035	10.9440644186701	14.2393724931965	16.2119780409424	19.4958872329525	21.4642638122066	25.5843579165083	25.7105321026228	31.165153505157	28.6714901077708	32.4985473675363	30.6862989785344	29.4261374631466	28.2119428965819	26.0146870440526	24.6871990310768	24.1492314163412	22.1312263781292	19.9821527118577	19.4006190365153	18.7223447783658	16.118244972701	14.6804543867007	15.9819196907005	15.0253715095501	11.0490073762307	11.4032790898057	10.086590900795	13.1691978874949	17.6234805302471	18.1925389651912	23.6233199614279	25.3504918492719	29.4987999925421	31.0168743267274	34.9118597184395	37.917124970124	38.4315982623674	32.5791551302363	34.1277459115014	34.2510821142924	30.9257849859951	32.4639390093069	28.104574663211	28.0352425707359	23.7182495349046	27.3663463947967	30.9604402100487	29.860366273708	35.4330257528199	34.2431151766308	38.9987667240901	40.4112991501139	37.0990151486532	35.2930274983601	32.2762386129487	31.9539707861167	32.0095395936899	29.6279752936309	27.2299978149099	28.209008153425	27.2558232493535	23.9465901956834	23.4661438672825	24.5299650223966	22.0521822502899	19.5534367567443	21.1411292508229	21.4686293228049	17.1287348627971	15.2685639796282	14.7524413233878	17.8640621080425	17.7956269909211	21.5584528433745	22.0614802993815	20.7384734250137	23.2862831083022	23.3451049687081
37	6.51054329530186	3.93915562018055	1.33109428666793	0	1.31522469563189	3.29413023421965	3.36633168300451	2.63086867783247	4.80478397016973	6.89482131748169	6.7522131186745	9.54501262440234	12.4534521318388	11.349370202791	8.85470157599905	6.18456223188027	3.19420866569484	6.66130835497051	7.13219545441654	8.53884266162576	10.4942297478186	13.9329819493172	15.4185680917522	19.2187673642198	22.1658845075039	25.3354891407291	28.8664391465245	28.886755390663	29.1580986691519	30.1390991902545	27.7340384545778	24.8378516381752	26.8005691170915	27.3500702924142	23.9923428201583	22.6232949412768	24.6837711259848	24.1007489717643	19.4342037912542	20.3282544503949	22.2288316607059	20.3159269539935	16.8745519051618	18.8575045538905	20.6598835185487	16.916402513537	14.0646563413402	13.3472956436875	11.6649193739177	14.3715138729363	15.9617781590899	18.1516373366151	15.3627237493877	20.9759569507567	24.2432724069998	25.4983499466142	20.6446859990652	19.149474901417	24.517157543239	26.6445261170095	23.9126726653463	18.1797746410675	21.106071661965	25.7211401185873	25.4817362830715	23.6682712930201	28.9754733524752	31.2284905975297	29.1916669616519	27.2327432514611	25.4529672533479	24.9194101655717	23.4696674241456	21.1076166584482	20.2355975696296	19.7645073300601	17.1892369522326	15.3130996535646	15.2028512457368	14.1342405172687	11.2032671573965	10.3464448000267	11.1870130955497	9.40446176024976	6.07878367767763	8.03157967027657	8.64274198388451	5.72695800578282	2.90747037818101	6.37710286885824	6.49862000735541	8.93903652526378	11.8053511595378	12.2835572616405	15.5024824141168	15.6137924284909	20.1728226086485	19.9998035240349	24.429180604351	21.4978853378652	24.9815266547103	22.5554114571204	21.0595130285579	19.7372158370931	17.8186320743204	16.4921599252493	15.6125618973953	13.6221624568201	11.7336647301685	10.9974893498471	10.0933451838328	7.55454128322825	6.27164013635987	7.66021239914403	7.04564361857737	2.96624830383433	3.40384914471837	3.62687482552128	6.38907301570424	10.2017791095475	12.269067160954	16.4673146869792	19.1949095856167	22.799925570054	25.2541866034129	28.5602589974251	31.596771148331	30.5336142963783	25.3513570839906	26.3139498745437	26.506905911479	23.24581682798	24.4265689977123	20.2255994719563	20.6065231662209	16.0484343784682	21.0159403073001	24.3590478262185	24.4754228155511	29.4945370365429	29.0198770672792	33.5715031239294	34.8013695851183	32.1480420710189	31.195107725411	28.6304059873415	28.6285948834378	27.779130961929	25.1033616075616	23.5431240280469	24.261045505089	22.2907885235135	19.4492651275055	19.8533205283147	20.0987515035138	17.0573492958314	14.9534432489644	17.5892929079028	16.8186657615876	12.5185756777678	11.8764547740477	10.5258159778708	14.4586539829958	14.4636435243683	18.148935643723	18.8375586794043	17.6032911695512	20.3494301885827	21.1018230018167
38	8.68415033264625	6.19084404584706	3.16936413180941	1.31522469563189	0	1.32814381751375	3.40942707797073	3.52173323805196	3.26345859480398	5.67570171873047	7.56676126225745	9.56373990654284	11.7572722176532	10.0631356445196	7.51056449276617	5.90960988560158	4.77990010355865	8.07908293063019	9.08710349891537	12.0098587002512	15.4292627497233	18.5574706789476	21.5512961327155	24.6467384657686	27.9964437384465	31.4957671124232	34.961842299856	33.9950990732488	33.6895171232833	33.9046175911188	31.5983520298132	29.0260452008192	29.9243122059639	29.8823512127142	26.6567555415133	25.020018744997	26.3279159258761	25.4739015857406	22.0306454285842	21.6604972703768	23.1241008041394	21.0263015054954	18.1305136441304	19.743578424389	21.0083260875301	16.883654018014	14.1141641268621	14.4211123704103	12.6165625667216	16.0602019912578	18.0683783998454	21.0253473217448	20.9422968415597	25.7894443135171	29.4196399196183	29.7798015439996	24.3910079742515	24.7605744884887	30.1535622107903	31.8571120160004	29.4392919412135	24.5914938952476	28.0470397903237	32.0213138237643	32.44151343572	31.1971299320947	36.5715366644608	38.8360248866951	37.3686152539802	35.7178935969074	33.8949529281278	32.9046019425855	31.5340794221109	29.5183969246299	28.264143379908	27.3373804524135	25.1313406128682	23.508965715233	22.5675580867758	21.1363059449848	18.9944852259807	17.714722972714	17.1251687290958	15.3032096960082	12.9451971788768	12.3890965772327	11.8341094721994	9.3818709221562	7.48155157704604	8.7834636675972	8.5241631847355	10.9695018118418	13.7715734395166	15.8427576513687	19.2374704418226	21.4389905079507	25.454896621279	26.0052629096497	31.0538964704914	28.4457155649142	32.4275884703134	30.6134512265442	29.2425240531661	28.3631409579405	26.1845104785253	24.4736648052555	24.0477289364297	22.4118405759099	20.0316978311875	19.1368035470922	18.9145661065751	16.5684107264396	14.5011747110363	15.5961560007586	15.329314335612	11.07049795628	10.424088497322	9.65542236258984	11.7867285537591	16.4993009245847	16.4843186392401	22.4923317377279	24.0325031155725	28.3413945669581	30.0141047009568	33.7766837626194	36.8617315518411	38.2576685646159	31.9318725727133	33.5790704755209	33.4505793522325	29.9922421635996	31.2887885511728	26.7977251273312	26.5825901108225	22.2838366086273	25.6007495593391	29.360886720261	28.4874407063885	33.9131425409088	33.0903168464734	37.7743072206493	38.8518090569796	35.4960681062002	33.811135458603	30.818934115248	29.9896187038115	30.1765507306584	28.0258599511237	25.4437177707976	25.8693004543996	25.1694379357188	22.0325161068817	20.8375787700971	21.3303647648136	19.3557894698201	16.5651495012873	17.0259847879645	17.5603593642044	14.0931734538393	11.621862888539	12.6506225933746	15.0557300055494	14.0885191201914	17.0778123306236	17.1045748851002	16.6583990527301	18.174436607499	18.5267449110738
39	4.66229278359908	3.29412871636796	2.91865037303203	3.29413023421965	1.32814381751375	0	1.3360666151057	3.08495721202094	3.34094088543931	3.61521396323924	5.64847891029081	8.30730142705801	10.8880461516289	10.6336101583611	8.65835394286928	7.77133251122354	6.57138197033166	9.59699499843571	10.8738455019372	14.0028194303862	17.5445963475937	20.4045455965086	23.5692115693334	26.4369202064083	29.9322163061809	33.4276330750474	36.7331984177801	35.1929281248378	34.3602951529814	34.3947251333689	32.4585590561257	29.7110700413163	29.965841853684	29.9150041952195	26.9936545691761	24.9313877070652	25.9764380352657	25.5246522013523	22.12352494518	21.2332549082801	22.7745895682008	21.189543506173	18.0750323651163	19.0748204971895	20.7342792737052	17.0440575861501	13.7168983739036	14.4445196874109	11.5914467172998	15.3188515888104	17.5240140664175	20.6749047156208	21.5892423442788	26.0947470767586	29.7502629568211	29.2540358070472	23.8479256330608	25.0541561821587	30.2813777923	31.4667661668625	29.235085103348	25.0983308409145	28.8048649710427	32.2207616297318	32.9671442651619	32.2509056461985	37.6366013476244	39.9854801396707	39.0229256335298	37.7236730449197	35.6958933352284	34.3851809650611	33.315708397091	31.5154454513973	29.8197104949059	28.747090444078	27.0093576006539	25.3653317344757	23.8478493998935	22.5344281933223	20.9743289284783	19.2250854094332	18.0577131165605	16.7781203953244	14.7972820815175	13.1253899370647	12.432777646206	11.1098641305823	8.79959209281885	8.09719587264628	8.93161267633119	11.1463754198394	14.1547960776551	16.7520255790158	20.0541780684226	22.792467110868	26.5072455189143	26.9719500963501	32.5532890657764	30.4983446927862	34.5721109711282	33.0197789514103	31.7874780849315	30.8614095757145	28.5632479070571	26.9727325460362	26.6665131016412	24.8986586385693	22.4845125808855	21.7822173802393	21.5347530517533	19.0430242871241	17.1758371557255	18.3875451325075	17.9567142874191	13.7413954531554	13.2341492737539	12.1273570492503	14.3666370455998	19.0430370739544	18.7312122672293	24.8787135720479	26.1184796647891	30.5321549190358	31.6176345415023	35.7334005798497	38.7173056138983	40.5803702545948	34.1859720060729	36.0053491303723	35.9354436872567	32.4745647853824	33.9202762518232	29.408272747647	29.0576060094427	24.8793280455884	27.5785619277003	31.5550930437544	30.0825066940905	35.777160060575	34.3663669595725	39.0978214354713	40.139717512708	36.7052265215732	34.5694309614723	31.4343903074324	30.8201348796529	31.3162695415658	29.2394820234559	26.402765536966	27.1218837656974	27.0194950915075	23.7070620912841	22.7347590486462	23.8422943946257	21.7087809192502	18.8820762364736	20.0542190324131	20.8045585389356	16.7549398387461	14.2635861549612	14.6728509158922	16.9250138552381	15.5575467539069	19.7493340140877	19.4385269503633	17.7163624088016	19.9962740029236	19.7856775976968
40	5.39744244990162	3.32033748284719	2.77344208520748	3.36633168300451	3.40942707797073	1.3360666151057	0	1.32167053383209	3.45731630025371	3.22144905283321	3.20407443733756	5.8470430988663	9.06601803439635	9.59694248185327	8.19131155554469	6.51913560220985	4.75241180875563	7.76243801907622	8.33109842697828	10.1951998509102	12.9529469233839	16.0443358229626	18.8082350049121	21.6499875519595	25.0683051281893	28.3896996461745	31.6691487255341	30.4230902276544	29.7883629291708	30.4598650358139	28.5659498879348	25.5379954969062	26.2266560010993	26.7615785408858	23.8700385839655	21.6434821135602	22.8026451755054	22.530036351502	19.1178891617249	18.1468671125349	19.898698851935	18.5092608172234	15.3450215053613	16.238471695329	18.0510044595862	14.8657388985546	11.3559849859006	11.6003373226816	8.5466904120835	12.0607723633273	13.2756590043583	16.2046591448262	15.6419036245593	20.5802882875824	24.1440310843074	23.9176910674923	18.6001417736532	18.8660907715404	24.208493798665	25.4487497924751	23.0023743557051	18.5369134971278	22.2288604071374	25.8079965320828	26.276921604328	25.444332669575	31.0139393660335	33.4366274016983	32.1833773398629	30.7735365208486	28.5572549626185	27.5287849713713	26.6349233901658	24.5593306912057	22.8341277915317	22.1661499814469	20.3970258126032	18.3372035490693	17.0648151176624	16.186393081845	14.3477637978885	12.2269906763684	11.6105675141226	10.7773672573593	8.24308346433542	6.59475443060619	6.9333588541197	6.18330461808247	2.92040065744411	3.47929461241787	4.52395988045871	7.20201902246863	10.7413906455356	12.2968835482817	15.3723228238285	17.1990082853634	21.2347104995571	21.1173662420293	26.9694509769851	24.9667735200206	28.8260974812755	27.2820923867654	26.3342949402485	24.9314058167605	22.5190238243135	21.5922522678853	21.3116321758799	18.9277441603589	16.7827095845695	16.8305762527609	16.1495775176938	13.1533850776141	12.48104438739	14.5623788235302	13.4072564307542	9.48491971500023	10.5773472099577	7.92162041504136	11.9078784424431	15.6667045035004	16.2144771423565	21.1594002986852	22.4620324993087	26.5310630016967	27.4033302173294	31.6021013858256	34.4514843366726	34.9249952469574	29.2712830262016	31.0493411685337	31.4812869177866	28.3315035075797	30.1316175968035	26.2294063409754	26.1162190793384	22.0890626555316	24.9320485720688	28.5500364448104	26.7242711032499	32.4441673802858	30.791375204755	35.5817077442891	37.3533358349693	33.8387246509085	31.7466981747709	28.5674001267179	28.1613866846077	28.736144278591	26.5498145567912	23.607394561874	24.8375821085709	24.7501246461508	21.3038512246026	20.5933518641332	22.3085637592383	20.3449790857597	17.3562909632214	19.1839977585487	20.2688284071872	16.1364215983594	13.4554912582187	12.797707685363	15.0124405077922	14.1593789764947	18.5129030138442	18.6622451489632	16.5454096655236	19.4283751507943	20.0026743461968
41	10.3936067368359	6.70698270461465	4.5904964873094	2.63086867783247	3.52173323805196	3.08495721202094	1.32167053383209	0	1.33681300113366	2.92054258657531	3.01114280631126	4.29732125864474	6.86156046391781	6.63915762728977	5.1506521917132	3.920167598458	3.95353247109468	5.70679060418375	7.15929870867252	10.5205424765076	14.1761003452995	16.7515973566702	19.9824820530384	22.8398441982427	26.3447398924339	29.8894534911564	33.1656441065148	31.4860887536067	30.5638141926036	30.295176447745	28.338116962847	25.7625479718137	25.897969823907	25.5658017085324	22.6675319785812	20.7572686064424	21.6316117753625	20.9156073065068	17.5584498461567	16.793261297318	18.161270522736	16.4161336190956	13.3638595473014	14.597398055818	16.0799896144245	12.2973526419307	9.08647368344838	9.71631915902313	7.48581258114308	11.3648497130406	14.0223051599942	17.3916184985757	19.0607733840996	23.1885776622888	26.8738655388465	26.6940476885766	21.3054292611062	22.8594462968813	28.035737372147	29.5941777044067	27.4816529706639	23.2698094104786	26.8542616915826	30.3707990181358	31.3163610593568	30.3290226350933	35.5796316731919	37.8163958753343	36.8697442627421	35.5818965346143	33.7447191424081	32.3093670782948	31.0518279172096	29.407792521711	27.8337293404962	26.5444916319752	24.7415434643839	23.3710010697017	21.8462118913097	20.2332782563775	18.7777998977516	17.3504568815925	15.9228485516882	14.2811936826023	12.733280802684	11.19856517595	9.84252757171652	8.43954228616694	6.95092655694189	5.85384864853885	5.75186682738743	7.87191996910537	10.4593751725426	13.2181506270734	16.5579402402594	19.7184487726596	23.1852734294854	24.0916363288175	29.3288957514599	27.3180890620116	31.5345991254051	30.5265993847988	29.6281177431169	29.0279767293554	26.3994924383027	24.7233920609612	25.0516073935386	23.4002405543191	20.5729652699848	20.2305042942582	20.6407376079441	17.9604139707302	15.7890830006052	18.0323315186916	17.9418519111044	13.4415628927592	12.5133084753793	10.4775177881023	12.1799805418564	16.5183116873366	15.2989966010847	21.7227902673667	22.2844287788581	26.8533102987323	27.7297530641728	31.8221322038609	34.8200063325669	37.6609567324039	30.8007274914084	33.0646860865183	32.9954310321899	29.508402362717	31.3672484448349	26.8333566666565	26.052502470972	21.9891257215925	23.6073657996821	27.8773519725242	25.8906502042726	31.5912443724523	30.1315503915746	34.8089094342239	35.6470776502086	32.1821027436058	29.9516017267858	26.8091762835041	26.0907421703561	26.713665023729	24.7564585916484	21.7250565246676	22.3814124219183	22.7807454004473	19.3879971631935	18.3080300961081	20.043627166758	18.224024500642	15.2355623788556	16.8294221231746	18.0011270202729	13.9649401359261	11.1268943555693	10.4231406495355	12.6096674420859	11.1848589620075	15.5931667405951	15.5581510790968	13.4681485735791	16.3269880259649	16.9718521676333
42	12.5772916003407	8.26099885001808	6.81498209828903	4.80478397016973	3.26345859480398	3.34094088543931	3.45731630025371	1.33681300113366	0	1.3313665911386	3.73046605667443	4.56152660849413	6.49303981198329	5.66210923596498	3.31821292264376	2.8457345273233	5.1939100877855	7.0132521699993	9.26525601373216	12.7304402516174	16.3899728492759	18.6709113596525	22.1034826667654	24.932260306679	28.4376265359822	31.9958570599382	35.2349560238125	33.4317951357686	32.6198212288173	32.3849240696964	30.3446560369367	27.8026137800028	28.0515247000943	27.700595841967	24.7386020825753	22.9114646192687	23.8005067172949	23.0467938334164	19.6800427336934	18.8312719963363	19.7108258071548	18.0079600732565	14.9681430043944	15.4982923898086	16.9124337988357	13.2444707331022	10.0778573615625	11.6039400636163	9.3636115895524	13.6065721620105	16.1494086888654	19.4829401528619	21.1500543025308	25.2065152887106	28.8869014953144	28.6985629779611	23.2827023130907	25.0084261400033	30.0940472685214	31.663571008337	29.7329907846486	25.74334572273	29.2920892733857	32.690654230223	33.843255916061	32.8301391559646	37.9174660941366	40.1374438897147	39.2846000743294	38.0319115217734	36.3114105068916	34.7727896493796	33.4246550617953	31.8981828009058	30.3797041131081	28.9334249787335	27.1310956653063	25.9509940079373	24.383379769835	22.588314589628	21.2575834938969	20.012342466588	18.3812691890413	16.6525028148924	15.3496986615373	13.8316117282116	12.1245126087608	10.8477712457444	9.75053090862236	8.14450274725228	8.03757793119295	9.9905729064954	12.385350782275	15.2980091842043	18.5846688967009	21.8219145356222	25.2785254910171	26.2825209217076	31.5092179687151	29.5737910488324	33.8245661169511	32.8658781869586	31.94917316614	31.3988221753619	28.7839737701381	27.052444547582	27.3681389575543	25.7846710469612	22.9461678499919	22.5170487186931	23.0161431608339	20.4732316208263	18.1671739409298	20.1132770328457	20.302722502167	15.7801466406368	14.5118239377412	12.7845708570918	14.2416431987324	18.6400014484978	17.143826935664	23.7801569801379	24.1575527113158	28.797459558093	29.592336812087	33.6748718334606	36.6747412533477	39.9434523921005	32.9449684929277	35.2755447441992	35.1306520007813	31.6082970278375	33.3651029670223	28.7918952658556	27.9369585674604	23.8207319157074	25.1735458567124	29.5925112486251	27.6549259807362	33.2814700696949	32.0200057776384	36.6881520248704	37.4427473618056	33.8971531843015	31.845342343897	28.7652346766022	27.5763763391784	28.0579703471224	26.5123007111793	23.4524664800954	23.0147456427396	23.8490831270303	20.7344722865088	18.9468774472207	20.1687816439169	18.9053913474437	15.6108324569832	16.0940906546471	17.8346114339506	14.6717562002645	11.1628185060942	11.2882279388751	13.0005127591184	10.3798877161557	14.2080549689252	13.2234580197466	12.1005658132172	13.5676153394766	13.6312628175089
43	11.4772179555849	7.14673813708044	7.77666490212868	6.89482131748169	5.67570171873047	3.61521396323924	3.22144905283321	2.92054258657531	1.3313665911386	0	1.31392313321594	3.45208994668447	5.71482186948989	7.23567667879101	6.47469142121847	6.61693289976557	7.77224446347385	8.49685953749972	10.8819215674439	13.8739667363015	17.2557635009292	18.9748997098799	22.4019764753024	24.8203491514523	28.3706224640913	31.8051778331768	34.7865012037716	32.3620774055066	30.9564503617582	30.7004063328159	29.1983958463474	26.419638358615	25.9760516245252	25.8470506634703	23.3769406681028	21.0040545847701	21.3090233703941	21.1483108072489	18.070666064094	16.4085221150474	17.6263348998026	16.6010870126025	13.3323145402439	13.4261084831011	15.3989744463714	12.7410829602511	8.89340682753241	10.065280522668	6.79872112974197	11.1149129551248	13.9614243184569	17.1422689571713	19.3370182034356	23.1886251640756	26.7337183721232	25.610002948067	20.4145284785126	23.1636250617212	27.7604984285225	28.7658271739229	27.0681680392301	24.0850408552695	27.8672358514439	30.5838873918931	31.8983299092602	31.5822469909916	36.6507430347599	38.9037912548379	38.6338526554109	37.806750270289	35.7716721023773	34.0368284068889	33.0009434107572	31.7747681974236	29.7182487034482	28.2323312002392	26.9939230198206	25.7142119070369	23.6193712236376	22.1029236980088	21.4951385201399	19.5569043306961	17.6660479168375	16.6384930207035	15.6828286032846	13.1356831188941	11.7360496761048	11.9100176742102	10.2083928705747	7.4261336508307	8.22154614412642	8.35102550588848	11.7782940190844	14.7843428328756	17.6628797765257	21.0522712788906	24.2345288173713	25.0872256337762	30.7598129545678	29.5210008129806	33.7601772062885	33.5151916151467	33.0972666847279	32.4937522302365	29.53936434658	28.1954155848074	28.9963550467986	27.0840367190713	24.1876954462388	24.2740081774725	24.7698867175448	21.8499059265709	19.3164476288991	22.2747640840481	22.2652023345848	17.7789183585504	16.7920050619335	14.5477949531879	16.3286296118198	20.4865724805298	18.7496119959854	24.9977388177411	24.7378672686228	29.3258729622837	29.2415915093553	33.676412353456	36.4721268093869	40.1576703134034	33.2231526649715	35.9596353290742	36.0960734429661	32.5965824742411	35.0745215362947	30.6893422705668	29.5432495504472	25.7162151764213	25.9506888347882	30.5312154687625	27.5900056360995	33.4098733610291	31.4653167471742	36.1275687668019	37.1204912413616	33.4065504055717	31.0915107545452	27.7333206450292	27.16675273197	28.397700611141	26.4634981247756	22.8247480599458	24.0093416194614	25.0979233005442	21.6693807248846	20.5421857405681	22.8063679046007	21.3162056661123	17.7488011144415	19.5431302508068	21.1408917740004	17.4709900120171	14.2246221390939	13.174635251118	15.2085012082059	13.4034131847078	17.8841795450616	17.2985779184302	14.9861938129733	17.5784653767045	17.601457041961
44	12.6259783383309	9.42235453588964	8.16554284784545	6.7522131186745	7.56676126225745	5.64847891029081	3.20407443733756	3.01114280631126	3.73046605667443	1.31392313321594	0	1.31896398737797	4.62393944597029	6.34760600541653	6.85660119884481	6.25976565056552	6.25677560729167	6.35625573746054	7.36715996840031	9.62961941096324	12.75911168538	14.331282775802	17.6536439581181	20.0113368119174	23.5603988506137	26.9867348154607	29.9717196537002	27.6713548096222	26.501858614067	26.3820069365467	24.6792154859104	21.8762441474765	21.8062426612197	21.7853447298866	19.0577374837623	16.7787617540747	17.668095256705	17.5122762940744	14.1640865925057	12.9939469369395	14.560525952039	13.74637555867	10.4623378362582	10.6382282829426	12.516128394995	10.5962700041099	6.66895876430497	6.647130283062	3.48764103657472	6.97845505824893	9.55944538140158	12.8883801930266	15.1241512158534	18.8870573674143	22.5201670286879	22.0701274577199	16.7243011812153	19.1800847495521	23.9386416907894	25.5748997260986	23.9301762216662	20.460817432351	24.0553399269268	27.0628989023719	28.5303223606043	27.7590808565413	32.5482922132637	34.6979822324008	34.3736307945495	33.5360974622868	31.7952270317417	29.9038572261172	28.6549841214404	27.5963152793992	25.7339956672103	24.0036395157068	22.6968002370378	21.701282980506	19.6507487389158	17.8470262228753	17.2687559771977	15.7614804507698	13.5648742714409	12.4202084121	11.7623924437165	9.4012427901847	7.51840016226856	7.85908315263301	7.0754782170536	3.38483500336427	3.81058656902058	4.09622582385298	6.98234466350667	9.98734579355296	12.8621078754612	16.257976042546	19.4842783289502	20.5076786838491	26.0010052882576	24.7680216004428	29.036573248233	28.9504162664374	28.6737798868583	28.2233309692531	25.1705608399972	23.8123724353539	24.9130983420369	22.9605421974308	20.0480663905525	20.4501316866176	21.0953331568857	18.1791686828634	15.2015566966018	18.7963536357454	19.2635321267934	15.0453660972407	14.3900374912646	11.1940709752976	13.3072259318011	16.5182143405394	14.5888742197608	20.4875376997823	20.1216637980064	24.6397316137981	24.5042702605077	28.9679135941821	31.750352738198	35.4245355932862	28.4392257278569	31.2541485246359	31.4390849898657	27.9319655233927	30.5886688170636	26.4227018679014	25.1906745642113	21.5836691505406	21.6312585394378	26.0853814041505	23.0489513427401	28.9206358678367	26.9074636671686	31.6308205710822	32.8667897276263	29.2135285270369	27.0838223668669	23.8300458035649	23.6078043239942	24.4500421472029	22.2607892941827	18.9373223291996	20.7733242886159	21.1218915109419	17.3499012965492	17.0073153966168	19.2224160292092	17.8173538158729	13.5820830508431	16.3604384415577	18.4414345700111	15.0582781552208	12.3734843112197	10.1183469499716	12.252646856904	11.7089572977272	16.3199622854956	16.7227197847719	13.7203704760477	16.7429463954228	17.7441410612067
45	16.540708479385	12.5883144622304	11.5641054128713	9.54501262440234	9.56373990654284	8.30730142705801	5.8470430988663	4.29732125864474	4.56152660849413	3.45208994668447	1.31896398737797	0	1.31599430089951	3.23659002655573	4.7020613564691	6.48418213809575	8.38485736312789	5.93398820356091	9.50779932476491	12.1448492786037	15.3168426576759	16.1727367195537	20.0258445764467	21.9063923090955	25.7745860296533	29.1825436005842	32.002031748	29.2906362853387	27.9030624304932	27.302007197274	25.7136023536182	23.1910981413128	22.6918410006769	22.1889748749238	19.7114133689089	17.6056710465691	17.733818342365	17.1553207489688	14.1318818987423	12.6882486577147	13.6320229606614	12.3119524852884	9.09304596931083	9.52910630646967	11.3517451081321	8.39006609032372	4.52821388629116	5.9186137735115	3.76067813033767	8.26759360394547	11.6512084780936	15.0021050189632	17.845735625073	21.3127912296818	24.8672227641126	24.2282021825805	19.0314921643049	21.945580352317	26.5006935003596	28.0332171182688	26.4687930589969	23.6308551262962	27.0312829699221	29.7965553210434	31.6770651102655	30.8099697176093	35.4081503329389	37.5294506354676	37.3250905692136	36.5393024153445	34.9743151755685	32.8923553580463	31.6192799570136	30.670747512899	28.9310744529131	26.9898535750011	25.7189784594956	25.0732265773673	22.9492238212973	20.8801794293057	20.532387903018	19.4653053919018	16.9051996143199	15.4937532250904	15.4960353639245	13.3674834580036	10.7798950365947	11.1689530395646	11.2530747798102	7.66305317742217	6.43621115253377	6.93886835153975	9.38862977222981	12.5595605814853	14.8175761175706	18.7221328646071	21.888915208388	23.1712155270284	28.4878663644717	27.3801898459452	31.7014446358522	31.7278335535221	31.4346205798639	31.1253207694314	28.0873996482409	26.5907085464077	27.7208363690564	26.1026612819459	22.9730807250573	23.2747314914695	24.4146735591529	21.712753901797	18.0880497566764	21.7566846279483	22.7476145122956	18.4986599784957	17.1484010624898	14.3539077954402	15.5028975356222	18.8665260448234	16.4354809178192	22.707185228469	21.8339918704757	26.4642076208603	26.0063296526057	30.4137027834494	33.1478443643022	38.0387847071906	30.7730437071148	33.7336039284272	33.7784989749397	30.2015221470707	32.870901995534	28.5105227942246	27.1175484695796	23.4405319478889	22.5910625912107	27.3877335316378	24.0256294194346	29.7656555781995	27.7641062885157	32.3278047661761	33.0526563531587	29.363548729675	26.9549976256723	23.6903525511969	22.9740942367702	24.2654597731014	22.529731889217	18.6534419880085	19.6974437173964	21.4798141053409	18.1336596692449	16.4535166149975	19.0599622507496	18.5080642423782	14.3358165097074	16.2604861243445	18.5440816974042	16.0549758330556	12.8808849851243	10.2439196599739	11.7802981710991	10.1452895966552	14.7775442479459	14.1027917094453	10.9013889482029	13.6519661953874	14.509006685504
46	19.8329697977887	15.5797906596976	14.6705875137978	12.4534521318388	11.7572722176532	10.8880461516289	9.06601803439635	6.86156046391781	6.49303981198329	5.71482186948989	4.62393944597029	1.31599430089951	0	1.33319878487794	3.82302001041062	7.38771107989477	10.1106225327623	6.17929332529214	11.9089464689367	14.4894432605259	17.4503211718295	17.4323811339702	21.6327737703698	23.1024606048793	27.1628592014906	30.5534510980347	33.2918411176072	30.420126446154	28.9678792112919	28.098333188999	26.5447931805844	24.2262559633139	23.5512601998279	22.7574456607063	20.4193149248451	18.4994781548021	18.2496487637434	17.0622308916507	14.6013705178658	13.1546176303228	12.8004633119274	11.2150577796104	8.78124877224191	8.11137361980078	8.64338995996363	6.28218576611676	4.0126719277808	6.20711760803676	5.13119333099037	9.81549514797904	13.3627523362517	16.6591410943062	19.8838724850065	22.9810771070461	26.5183771939385	25.8676472451594	20.9188479606311	24.3786801324436	28.6062874557325	30.2254736273892	28.8601480938681	26.4919793522492	29.6845777298583	32.3028121531238	34.4650344552272	33.524430107013	37.7808387942883	39.8457548177971	39.7978626561779	39.0935181455954	37.7281371127704	35.5021488222896	34.1024337108072	33.3708010242487	31.7368191380296	29.5919959786426	28.3586361272893	28.0053255828244	25.8711869460989	23.599171574443	23.4343427260079	22.6429698582143	19.9283844302543	18.3786033473711	18.7126553433766	16.744417935539	13.9008418809797	14.2617029137477	14.7083782246718	11.2181172217088	9.21373333670994	9.8836410294992	11.4344268330337	14.6188353161256	16.0230807587056	20.4321882577467	23.4948275158597	25.1792725272197	30.0937839096382	29.1981259330115	33.5693132190696	33.8590864318576	33.6325668511935	33.6019136508622	30.5480628682082	28.8775557656807	30.2055677152408	28.8407853221787	25.6082562467654	25.8242662625678	27.2620617158717	24.7236471824041	20.7736971673316	24.4036560785469	25.6986943248096	21.4757175200271	19.7386251040948	17.258148770943	17.716244692372	20.8806483855267	17.776671032564	24.2019951450288	22.9274675007948	27.5845303385793	27.0283816200674	31.3423528472258	33.985677409756	39.7915544556882	32.1721831090152	35.3466692348798	35.220625959798	31.5688028597855	34.2488333669922	29.879239448152	28.2134042788175	24.6164241513669	23.2428612696458	28.1762172230411	24.7441161490969	30.3430382295511	28.4260311158628	32.8235070338317	32.8010001829213	29.1902355420439	26.4808342013616	23.3567567311902	21.7604032361535	23.7717566241959	22.7477541309027	18.4112925401776	18.1929697960503	21.7920931761958	18.5831502711462	15.7220651951326	18.9014996759516	18.9592243248504	15.0477928614133	15.0940343844845	18.2842063541188	16.7584986201032	13.1493143167239	10.7053187248209	11.6522452342885	8.66248007212715	13.0815655790888	11.3713479412073	8.1075196577005	10.2665165952235	10.511063362001
