2	3	4	5	6	7	8	9	10	11	12	13	14	15	16	17	18	27	28	29	30	31	32	33	34	35	36	37	38	39	40	41	42	43	44	45	46	47	48	49	50	51	52	53	54	55	56	57	58	59	60	61	62	63	64	65	66	67	68	69	70	71	72	73	74	75	76	77	78	79	80	81	82	83	84	85	86	87	88	89	90	91	92	93	94	95	96	97	98	99	100	101	102	103	104	105	106	107	108	109	110	111	112	113	114	115	116	117	125	126	127	128	129	130	131	132	133	134	135	136	137	138	139	140	141	142	143	144	145	146	147	148	149	150	151	152	153	154	155	156	157	158	159	160	161	162	163	164	165	166	167	168	169	170	171	172	173	174	175	182	183	184	185	186	187	188	189	190	191	192	193	194	195	196	197
2	0	1.32859700436212	3.18885355574695	3.15765656777301	2.6606771694439	4.94508129356838	6.70242866429774	7.2329793308152	9.22604514404736	10.9437825727671	12.4321136577816	13.0394258309176	15.5863241015962	19.3464039035682	20.0855891374886	24.2993675843632	25.2801196990837	22.9313943317889	20.3163766700659	16.8918320202398	14.299210083078	10.8547400245238	10.6249699293692	12.6923417067143	11.9367167177579	8.35984772588592	10.0710514843287	12.4866658880583	11.7857855487023	7.41240257946099	11.8406051365629	14.1951196190804	10.4814646400205	10.3504872349083	15.3073226267692	16.5649664654052	17.6461435446955	14.8441455463088	15.7927853148202	18.0339239490467	20.0337254149097	22.6383586640021	19.5096340560247	22.9947093697659	20.6037665731293	24.2892925380712	24.3993445403765	21.9118317810264	23.6378542596404	19.4081126851634	18.1859001701868	15.1474129144221	16.0812171803008	17.0334571065301	14.2724048078801	12.3278861529461	14.3647433322005	14.5580083115789	11.0190643885949	9.04544603654236	13.6269820576678	16.2806535495354	19.7356901070117	21.6625628446867	19.141918843209	23.37757158047	23.3118559750184	26.3068851443876	27.0844010640811	30.9260258358555	30.2020218528495	30.8510341803966	28.5075190607671	25.8750098357469	26.6346560142984	26.6683448867754	23.3230505723415	22.0302175658798	23.5616896253219	21.6199991905643	18.3197856428507	18.3752442432747	21.4696487395579	21.4913231793671	19.7642802297478	24.1628565571209	21.4949211908302	28.1828295953405	31.2057758916519	32.2884268120948	34.046069288539	32.1406783686966	35.457235213705	35.5917967234024	31.2874794446596	34.1874037183288	31.5113072721523	29.3241998867829	26.4063264578775	23.8343003673278	20.6709855836629	22.7656784216944	18.2174294564299	21.991210676086	21.9883957122842	25.0045510457596	27.7715270556014	29.437912527895	32.73225723961	34.8202095484792	33.7663474186948	28.8538248591066	29.8395524262681	33.522370471075	31.7094187269335	28.8736565921256	30.7896456134201	33.1741010277596	29.7942619643447	26.9894447145546	26.510974142796	23.0616690853026	23.5220363914352	19.2502978937989	21.4908544734731	17.730560143436	22.5411589320514	25.1709027450348	26.228427974242	28.9528921871374	29.8304824634132	26.2009954200217	31.6555166440227	32.9242484196678	27.6979516571172	30.6532805748422	33.2165093590522	33.0790852654665	27.3449052475959	32.1125752938004	34.6542320792136	33.0439409725898	31.0679269987555	27.4148643622397	26.5491939237334	21.0354843538246	17.5047514978077	23.0977658226938	16.6258354677291	19.730868049835	17.3756859145186	17.4943328252323	18.8908525217895	17.1525385584758	21.2080925592096	23.7030041344974	25.0773348863072	28.7786933859062	28.2646040304831	26.3389010590799	21.8684112591656	22.2973246377228	22.3058333850139	23.8945489390363	21.4107035848895	22.1132194625749	16.9712736410677	21.7938959573547	22.1904399685991	24.1212419663665	26.4799031720284	28.6028831064283	32.1376228430169	32.1186267608066	31.6120100594695
3	1.32859700436212	0	1.32836177301216	3.36465540583282	3.44063671433065	3.05723976815689	4.92684056977694	7.07287593557246	7.97041479472681	8.48021520953331	10.8561751091257	12.7390730432006	13.3536096243675	17.4571944481351	18.0233853923174	22.3269685582257	22.7674565553555	20.7530746155841	18.2873603617362	14.5755464734603	12.3257721461984	8.88558231068735	8.96479860342663	10.8725857550079	9.29486697053809	6.00763464268592	7.85608146597271	10.069505697898	8.02265392498018	3.62198578130837	8.30807065449013	10.3234094174357	5.78179185028309	6.36669317621008	11.1897077709831	12.1308926711928	12.9380868369323	9.89955099991914	10.6575427749552	12.688314032999	14.7403674988109	17.4391333786975	14.7510451833082	18.6574027667304	17.4178684401967	20.9666940169403	21.39255431219	18.8102981900873	20.8541842324268	17.0481487558034	15.2114531521482	12.2457805386182	12.9215988561788	13.4404310198743	11.0488014734631	8.50451632957454	10.1208968970146	10.1405614736069	6.58833066868991	4.30138803178695	8.50004523517375	11.0919672285848	14.4374118525448	16.5415985321855	14.6393139183501	19.0753287782937	19.9396894158359	23.0038221824113	24.130995897393	27.8843901493291	27.3622052108378	28.1254382721408	25.9686136903763	23.1798251071918	23.8837478424137	24.1930722521965	20.902707145248	19.3820470023163	21.0797595811717	19.462853721898	16.0305767207546	15.7313502599109	18.7027345594167	17.8161161311886	16.1287595927275	20.2181099512294	18.518803660064	24.8444994515889	28.0966083362387	29.1182889263775	30.8182218176195	28.6785180579471	32.032079998027	31.7322422939193	27.3763732623589	29.8048619691486	26.9460042492389	24.3990384646609	21.6969858275291	18.9362320697651	16.1378285404202	18.7127233186407	14.2862695620655	19.0418894283104	19.1662461113281	22.1870721592553	25.1032739896612	26.8738970006213	29.7593230769787	31.3807547551043	30.2831261761397	25.7224999757022	26.539012396847	29.8008967314744	27.524829191114	24.8962829554936	26.7675784112048	28.7706962550439	25.2718947449533	22.4263855536286	21.9689902134805	18.5769268179643	19.5823035672517	15.1251120987581	18.7519780289974	15.3913404549441	20.1192852258722	22.9545575648933	24.2897991757857	27.0170453973043	27.4654305992096	23.8906777216554	29.1169035785057	30.1238644267298	25.1408290634975	27.7694509488394	30.1109571750883	29.7010833977483	24.0949239052544	28.6362501385918	31.0937265859208	28.970500340864	27.2662688683289	23.584521067853	22.8649092278977	17.1758288882953	13.7603823711407	19.9584056727986	14.2565279433669	17.8917848746289	15.5049513704494	16.3463599311896	17.455375246611	16.5109248983817	20.2076523624096	22.5708057676282	25.1760973345751	27.7052702026167	26.8559699322143	25.7714630356912	21.233181509138	21.6291316515481	20.9761875706717	22.3255626804791	19.546935974725	19.7401987325356	14.5297195086485	18.5268500560673	18.6267473811184	20.424243902774	22.5161423205664	24.3449103304982	27.8869184565093	27.5599798621117	26.9289444835849
4	3.18885355574695	1.32836177301216	0	1.32825223508188	3.34246346277712	3.39250291083147	2.71115326014595	5.10227684470375	6.98967538588167	7.07122768690134	8.84297285984753	11.0245161798602	12.2865354351827	15.9591223129594	15.7720439385642	20.3265620801945	21.0551699351964	16.5445664192205	13.8383834677321	10.7728538001776	7.14636676920517	5.78386142641747	3.21040324569983	5.81976580284808	6.56505704468742	3.66315192150148	4.04738236394833	6.44888897407918	7.61277754830653	4.16027859644039	7.44947521641625	10.0772556780108	8.74962873498071	8.2168652781946	12.7700507829844	14.464680466571	15.3736443629999	12.5297496383607	13.9004228352953	16.5245523388684	18.1570114556333	20.4557010635177	16.9912544857641	19.3225663668158	16.7014792758007	20.1548538570737	19.7854052270859	17.8128108955325	19.4359910218131	15.2779538878739	14.4826866292135	10.6120933373204	11.3790611211998	14.1642020601233	11.7560545252223	9.92145206106445	11.5838364111377	13.0974456669993	9.64928893753317	7.19183578789171	12.4358694107006	14.7792118869715	18.1706732951754	19.6719319081782	16.9915405422816	20.4463288147286	19.8823487043156	22.6756067394017	22.7844791031088	26.7631851056633	26.1759505080522	27.1093091206692	24.6899408261745	22.0670643947037	23.2290429419725	23.4609840799571	20.0246953784571	18.9420932581381	21.0121691169665	19.1904203184818	15.8536084535982	15.9242674556791	19.3520043923104	19.6636997790345	17.2406724926843	21.6875707261095	18.2526900483189	24.8906808464534	27.6654162809816	28.3155681737097	29.9766085473324	27.6572252765891	31.2186504032445	32.0512524872274	27.8420668234239	30.8150399155997	28.282979298511	26.7342489888906	23.4736143148004	21.2898844759665	16.9939752265325	18.204223960389	14.32538906976	16.571134813283	16.0110992127336	19.1721052312989	21.7371251319028	23.159676940752	27.1102848011599	29.3027186110777	28.6797042174427	23.9878649737737	24.2048649861965	28.3470251349238	27.2129106308017	24.0394043395422	25.789711010401	28.7338937667696	25.8508223080041	23.1345278101802	22.7777350278732	19.3386575025259	18.5598125529327	14.6178183734783	15.4605789671668	11.3024611921475	16.1164613361619	18.4683753752191	19.1789860524481	21.8752709240366	23.2970546207026	19.9683252677835	25.2343652386978	26.6641930123527	21.4995933449914	24.6185066362686	27.1797401201704	27.3579940967901	21.4797994404045	26.5699019757319	29.2361607260598	28.3271964020444	26.2313147783332	22.7139677511438	21.2113515599549	16.6334103839231	12.8408564745503	17.2168374854385	10.8659688017222	13.3610624577539	10.9496679858341	9.67498759689127	11.1896046847062	9.43907299473841	13.66706105935	16.6404175728856	17.8406216539671	21.8093374727432	21.4627661311398	18.5378964556392	14.0839469964921	14.3120888063203	14.5248218921954	16.4049964644922	14.3302897388713	15.6754338057994	10.6308581967779	16.0088098870591	17.0093306452664	19.1524175236444	21.9993471494042	24.389750900737	27.877817364349	28.496664682029	28.0380490583778
5	3.15765656777301	3.36465540583282	1.32825223508188	0	1.33027102501708	3.29438233968069	3.20277801291316	3.06881394027073	5.1618382384573	6.98379839342459	7.83622070898976	9.15106086746231	11.4900071366383	15.0014924924155	15.6693067491833	19.7550082257639	21.2855835015158	19.4483166623747	16.6088798538613	13.2879650059744	10.8209542093107	7.46659601157046	7.61500105055804	9.62429992259177	9.45988398448945	5.81754252240583	7.52208887211525	10.1674035033533	10.5236406723149	6.62318843156376	10.9068792053456	13.3824938258906	11.4718303683414	10.9032724445462	15.6092234912567	17.0971068312741	17.8646726810205	14.6710546996458	16.2826265694451	18.8542433685364	20.4873949051606	22.4629476471811	19.0036970613615	21.7182288412292	18.3353317395677	22.4688337258523	21.5674456762965	18.9069533769986	20.1205977296898	15.3213241268501	15.3488144819071	11.4621443456275	13.7918094896935	15.4074825328475	12.5835156454784	11.2973531855917	13.286453326603	14.0832529267922	9.66481686324164	9.18471997395675	14.202624053322	16.6615623217032	20.1441362932244	21.437430956157	18.477797108963	22.1210381763605	21.208810339102	24.0993164425882	23.9155379199382	27.9166842407905	26.7321472575624	27.2950073273483	24.6359152052446	22.2799554083934	23.3821619616322	23.1171469260374	19.6502680134394	18.9027734737525	20.6553502269993	18.3532469606879	15.2439938008384	15.9122643894576	19.1049238156031	19.7242802910524	18.0369910461806	22.5691177053956	18.8930154819182	25.8054447161834	28.5568960848339	29.7065512471576	31.7735599044237	30.3334716278899	33.4738692415442	33.9033107970298	29.5883968305145	33.029305926707	30.6260770096335	28.8360685947305	25.7069289103152	23.6774895206396	19.7637511874644	21.2940125152588	16.8860795627641	19.7638386959619	19.3724787004658	22.5752422356882	25.0886915960159	26.7149997005428	30.4615150476794	32.6827037590221	31.7734231866823	26.6418837547197	27.7388246686841	31.6742599755701	30.2269755351077	27.255727434798	29.4489334441844	31.8500401883577	28.5936060859766	25.9812438886209	25.885761221181	22.4455397128249	22.079859963324	18.197959363621	19.2176226677495	15.0367568311787	19.8555118040306	22.3089276748122	23.3435555346652	26.0748176791325	27.1230541606214	23.878901335698	29.140717389934	30.5185023551288	25.227790410577	28.5912091559626	31.1658725210766	31.2036277057652	25.2827003897922	30.5120137650729	33.1480183570602	31.9573397359668	30.0308823047209	26.5175466436848	25.2416657136569	20.3348103015494	16.6446942897729	21.2980115034244	14.821427360413	17.3789317853544	14.8629971741907	14.4172047914982	15.7590995301128	12.9002973609138	16.9941183060493	19.264229805523	19.8430649346314	24.096963169661	23.9799499165449	21.7768531702815	17.4515789543525	18.4407258262792	19.2224487513948	20.9133241260207	18.4907638295447	19.5552215021973	14.6152282568559	19.9683860389367	20.8597709958667	22.9101154514769	25.6349970938169	27.8400067169532	31.3745137014106	31.6687291977433	31.0082678007012
6	2.6606771694439	3.44063671433065	3.34246346277712	1.33027102501708	0	1.32851571311746	3.30224726512113	2.74036968309022	3.30375861709054	5.34579133524682	7.18351153684603	7.63691678624299	9.71349540587733	13.489004929942	15.2048121658901	18.8533309789013	20.1783525095584	20.103176913115	17.3202293576038	13.753845244149	11.7820074265806	8.35096581240757	9.32893423709268	11.2905033103046	10.0128577838697	6.68224071700503	9.40641637394391	12.0119316514872	10.1729054355184	7.79589481714575	12.6706560209012	14.7143185027374	11.3150019443215	12.5311398124831	17.0167147828246	17.9665694276899	17.6572202229003	13.5110124713139	15.3988987917968	17.3116002148848	19.0759094671788	20.9254732085083	17.6380924705593	20.478666606984	16.9873058782139	21.2647745814528	20.7052984523286	17.6845717505401	18.8642700362352	14.2587310795877	13.5688874636058	10.9879581815731	13.0005824869503	13.2301775120366	10.0556883901601	9.36119180446592	11.358238463776	11.3381945652736	6.74706321298385	8.02294740104907	11.8342000574606	14.4210777336508	17.9607368167344	19.2029568816888	16.0835420539134	20.0403417386032	19.2791799877484	22.3480779039272	22.7959446174095	26.5848393262024	25.1794044806465	25.4531228339471	22.9793339546646	20.540788300355	21.2229001552568	20.8971717942883	17.5495909354036	16.5194571944722	17.9336603068085	15.6978746013593	12.5322171222813	13.1152696121734	16.1377759620091	16.6580738982633	15.4179589764664	19.9301119665696	16.6374929902314	23.6038473558867	26.5260555115155	28.1287868739482	30.360429278915	29.2714365209499	32.2200909216594	32.2193074723837	27.8565729765885	31.2869529516698	29.2575819404133	27.2904304106769	24.224035047861	22.9022500641313	19.5062472300543	21.1661718787314	16.2578134753724	19.9921545612273	19.416398069673	22.9796891623886	25.2816281319064	27.2900357090276	30.6726445387417	32.8396559969802	31.4330046447997	25.8408911804527	28.2944215349952	31.698024307518	29.720075824264	27.1737090953738	29.739653814394	31.5671079764998	27.7755779957862	25.3569689631864	26.1225784715062	22.8318773866715	22.7401777477662	19.3845804958477	20.5691382658584	16.5194291668931	21.1379412668311	23.6858806464949	25.3361102184214	28.0835918108778	28.5402716700455	26.3683912478558	31.2572779684988	31.6914048599932	26.539327742051	30.3824536369267	32.9673006780962	32.407441953971	26.366061158239	32.0994770673916	34.6202856862851	32.8479249116287	31.4785188978135	28.2095760336805	27.3458577119095	22.1640216567301	18.6034839210294	23.7150124182974	17.4547192758864	19.9923250273699	17.3556672876614	16.5560783399934	17.4774944714624	15.6482117189154	19.4441067935763	20.9651738127782	23.5670772265039	25.5454826730677	25.0722280820832	24.8776320818522	20.3793716782437	21.1963795257586	21.2670696147824	23.048384021445	20.5035049930494	21.5094441815682	16.8009531574848	21.4981802253121	22.5083043786066	24.2932599294537	26.8884321595738	28.6292004429044	32.182849252358	32.0036496824971	30.8458711013322
7	4.94508129356838	3.05723976815689	3.39250291083147	3.29438233968069	1.32851571311746	0	1.32925129302175	3.28924748232784	3.09060333915564	2.88398248954462	4.89876474225901	6.86100269639941	7.6107182972437	11.323331400255	12.2428147498849	16.2559834214974	17.120906226015	16.8415714824953	14.1032260493832	10.5112840795024	8.77526529513496	5.65835479622832	7.28395448914942	8.0616894011119	5.32002640970888	3.97125181775218	5.8868698813546	7.16143875209444	4.38300638831385	3.89204830391402	7.81454886733713	9.11025361886265	7.27767586527457	9.78096263156137	12.1896791590263	13.0264631423883	12.0251563815195	8.21291385563005	10.6358264370946	13.2387736969857	14.2596273092953	15.5225216057186	12.0193329265812	14.7580964897239	12.2831363258738	15.9097528264898	16.4102872918179	13.354430014044	15.5781080045043	11.2307573208578	9.5921112378871	6.89311482567932	7.8052491311937	8.33666839930677	5.61793324987046	4.22707889682698	6.04360207161259	7.05037878415054	3.96962718652521	3.89967421716225	8.01480511303925	10.0483151323991	13.5005280267107	14.1411997369389	11.1124378063501	15.0146672956812	14.5829699307103	17.661930273897	18.954915088177	22.5457546114562	21.8321014334397	22.4867114758917	20.2545480571648	17.6232564811388	18.1505637928964	18.6335089019755	15.2217058833759	13.6982955509071	15.5499764951591	14.1992852284895	10.7787072972597	10.1523174694254	13.5606794077583	13.5805571682461	11.1495543408694	15.606574447969	12.7293010805778	19.3628431021893	22.409776482598	23.7841016437451	25.6685131045801	23.8238934895201	27.0743730121309	27.2112722782306	22.854530119869	25.9433346738618	23.5641124806346	21.8099047223962	18.7103852980103	17.2588106774482	13.3875775628005	15.0425503156878	10.1642614586599	14.3985032902729	14.5597350594027	17.6964280576618	20.6712149618739	22.6286781098676	25.1037377894209	27.0091785510037	25.7164678367773	20.6712147199917	22.4446501866258	25.71272605151	23.6972523934738	21.0719761294474	23.5841095867535	25.4382513549969	21.7995500182917	19.3212621482138	20.0317959753987	16.7703657980379	16.5844323387929	13.3048651252089	15.021294251828	11.985653590856	16.3685914177121	19.4017186352137	21.25485960904	23.937861245316	23.7030739567677	22.7309268838734	26.3253946219235	26.3393832501826	21.2198521436885	24.9003588929959	27.3939839015796	26.5107953483105	20.4829087045761	26.2165342484471	28.6557823309712	26.6936030351843	25.4877162570521	22.3705274859579	21.8774361386338	16.6022217187941	13.4065137899455	19.2261566362079	14.3289276988894	17.4627044297268	14.4362840440329	14.8859930807454	14.7237792023651	14.2385551233262	17.0903839044066	18.4778975806232	22.2448861763777	23.1328240169678	22.3437753524332	23.1366239974634	18.8224514078268	19.8856373546336	18.9307220147569	19.9303841909784	16.7653085566595	16.6304909428435	12.3715747178765	15.6890252405941	16.6987450426671	18.3290505482417	20.8931500736485	22.5247351593753	26.0647395920236	25.9535901370119	24.7857421111412
8	6.70242866429774	4.92684056977694	2.71115326014595	3.20277801291316	3.30224726512113	1.32925129302175	0	1.33096130672533	3.23079696050371	3.24262378329648	2.94176919556922	5.11892664530368	6.99942719084926	10.3169004066144	10.66204412859	14.7492322173054	16.3825856933513	15.0380962890919	12.0924132827157	9.08111606577077	5.94184230689439	3.6307722319088	3.47445204312853	5.87188368413408	6.88734172231929	3.86211651818015	6.69575865753837	9.41104505355277	8.17862421193198	7.23461913302974	11.3822853153486	13.298646246893	11.8315534483009	12.9703635646808	16.4290566071214	17.5782682594162	16.9836063602522	13.1172247445868	15.4498250151903	17.8352770654117	18.9619961501947	20.2372937420002	16.5330864934531	18.8451465635054	14.8897888165011	18.9696558218646	17.5410386807623	14.6445677641916	15.5213851830305	10.424529245966	11.5333452649264	7.11128539716977	10.4414425248622	12.3929104329855	9.88128377287081	8.31888369915099	10.3697946459899	11.7832892691302	7.46704158284926	8.26495093754343	12.5584472766342	14.7453872787391	18.2236510611897	18.7855102938408	15.7374970373309	19.035504537574	17.8149760875506	20.4224559492731	19.5269653812363	23.5837035683541	22.1035821078847	22.6809338432085	19.859533957271	17.6674288451942	19.0991741444493	18.7711947675155	15.1508281291816	14.934059997201	17.0467963265829	14.7291414888988	11.6105459389298	12.8614920985086	16.1339945146885	17.2474231698535	15.2966056692326	19.7852861743266	15.2296165086321	22.0940125373369	24.5428455359194	25.6791449624009	27.8977727067951	26.9978482475919	29.9096651435619	30.1103990176152	26.3131614596194	29.894912560501	27.9455041106794	26.4130859423885	23.2466156676622	22.1924660414295	18.1136622470444	19.2635904493425	14.5020910905979	17.0460568167538	15.5315026961334	19.3878711827782	21.1501839471906	22.848375740958	27.5501446457183	29.7811066281963	28.7582631951236	23.0659040793982	25.5189050509617	29.275788119195	27.7185864899349	25.0485907188408	27.7505532917814	29.7262510417981	26.1018521565041	23.8311121435824	24.7548289632548	21.4862361524768	20.7122687554985	17.3397650791468	17.5614260241018	12.4253890482351	16.8843671483417	18.7629745243125	19.9789215424657	22.6854504473682	24.0448132036828	21.6780010609835	26.6813454870627	27.8420363658982	22.7981784360067	26.8433618982422	29.5533124539365	29.4769835804141	23.7295167670983	29.6933457023623	32.3335540885935	30.9523782931134	29.5497617756895	26.3862642486579	24.7456147832298	20.5871525714461	17.0325228019809	20.2098776097234	14.0189826307047	15.3123115498608	12.6120457103517	10.4376522743383	10.9727312005717	8.10316154349647	11.7933610985164	13.9554419851182	15.7504893257321	18.9182935012649	18.6967205947995	17.1397115786702	12.7041298403315	14.0731677315379	14.9414669627851	17.1652513235315	15.1312710635954	17.2672432657909	13.1687749620077	18.765308470686	20.4522488983486	22.3227378473161	25.1722213759533	27.0266261490405	30.5460904372393	30.6967167951232	29.5367946974617
9	7.2329793308152	7.07287593557246	5.10227684470375	3.06881394027073	2.74036968309022	3.28924748232784	1.33096130672533	0	1.32918847422027	3.33502713632138	3.32854037079318	3.29343847672915	5.59136423424552	9.15448507563369	11.2875642190864	14.3586005585503	16.6977641916515	17.6139372656996	14.6944450048309	11.3113131421599	9.13033980747705	5.67279551896594	6.97138293310589	9.39898494519488	9.25899162976185	6.3608864162159	9.36880814191432	11.9691036005208	10.4710021487917	10.0792972969349	14.2236671431808	16.1456952776893	14.6402381469702	15.7132625192861	19.3050474487891	20.4238165630227	19.6752586005877	15.6148748634115	17.9932726595247	20.1526647369523	21.1787517573629	22.4714639042498	18.7466947753464	20.814121384291	16.3638177085911	20.7977455749415	19.1416835988896	15.8103898750157	16.2320624382732	10.8417867069962	12.3081689946149	9.15910852648881	12.3253126126683	13.3041958043318	10.3726531321548	10.0353057252881	12.3709631395458	12.9387222321217	7.40486306423016	10.7840499813382	14.5473110230035	16.8090600272591	20.181527865848	20.4472734123648	17.1095777271095	20.2638360632927	18.6334090815395	21.4320549877981	20.597122614579	24.4649587982486	22.3453017209435	22.3876814565511	19.471693968425	17.5553056082769	18.656808301529	17.7732913665421	14.3404696227146	14.27096916821	15.8300421667158	13.0198072182348	10.4078287841413	12.1312285445457	14.9499527089553	16.3286045025287	15.4086338784462	19.7809043271535	15.3375091198017	22.3046693990294	24.7856264395314	26.4295745709234	28.8626940010804	28.7038650707531	31.3454719536969	30.9078078485033	27.4028465857108	31.3371319364105	29.924021805232	28.4767016348453	25.1104297255145	24.7026311351645	20.671596068035	21.5703994631532	16.8516696502157	19.2161215909975	17.6507117703508	21.5964389888704	23.493231897719	25.4348381948854	29.6515237045249	31.8839058774172	30.7234286172621	24.9039243092329	27.7422664719377	31.3825174579733	29.809528426327	27.2597077937384	30.039533751375	31.9984307271466	28.2621033541384	26.1375981681562	27.4007267239393	24.0709631298791	23.2343431368309	19.8555286255491	19.9869468904083	15.330673859945	19.7552636023921	21.8412278729929	23.5735884837247	26.2930437948899	27.0216549826246	26.0163893344176	30.1661492902226	30.5242151250446	25.5296851136084	29.7952467685703	32.4838184177907	31.8906458228741	26.0544152880083	32.1799590583953	34.7795807335281	33.5228831397301	32.1891650870289	29.0934760556383	27.7182659089634	23.3795863735867	19.7962366373005	24.0399247294995	18.3210708748151	20.0214054201997	17.051817879628	15.0074276609951	14.8125987591644	13.1418571366455	16.2341390286027	17.5909984367005	20.5646093325402	21.5112488247428	21.3663620207091	22.0379072055402	17.6693768141381	19.138049900656	19.192339878191	21.3531487373642	18.8227970822617	20.5390103461681	16.5899391198401	21.5926602807528	23.088498457024	24.968095421958	27.8869267041028	29.7059019893354	33.204586746412	33.3568517399349	32.0705628419584
10	9.22604514404736	7.97041479472681	6.98967538588167	5.1618382384573	3.30375861709054	3.09060333915564	3.23079696050371	1.32918847422027	0	1.32994247995919	3.24806034426702	3.32802358765679	3.61706483215328	7.09581122916894	9.84313217426242	12.7901634078693	14.4291855972539	17.1147296210019	13.9542455905004	10.8844184502434	9.84405409371566	6.53917250116557	8.86144576240243	11.27312392374	9.26692888717724	7.82336481317342	10.9507454084186	13.2889055982801	9.43643311850404	10.3286273047293	14.9065755289402	16.1342958321707	13.6369683214415	16.4157541709176	19.067691312794	19.5810863335005	17.9329534656174	13.3260727898357	15.5365472676525	16.2342278535199	17.4843822882022	19.46303177822	16.3553042772062	18.2845395895002	13.7057256648453	18.3723820175828	16.7842576541234	13.2339506573056	13.6482410954672	8.69891907078115	9.31328030287932	7.43488997901112	9.9766524445828	10.4419658110913	7.11766331038495	7.51532853573282	9.69532495587435	7.70978235749882	3.92002385196825	8.83065756328485	10.3188213474214	12.6851025222503	15.6155046668367	16.1637357377557	13.381255733301	17.0786955298114	15.5021508830227	18.3703797184489	18.0359788755698	21.7081253221	19.5530570755573	19.4980211047173	16.8207558094159	14.6821607742185	15.495899005866	14.787180326215	11.3761589739244	10.9578404350492	12.2022311894178	9.98945313818529	7.15873124233617	8.17075938943254	9.97649703052128	10.5346644939457	11.4184444211985	15.3844581640043	12.0064164512147	18.9922310695716	21.5703874791344	23.3629337626934	25.9255353850215	26.0633698895596	28.5616960630842	27.8484411412919	24.3436763246639	28.3542500518	27.2612016793097	25.1763070167171	22.0114899541126	22.287828831001	19.1201422850354	20.0122977441372	15.3753928730293	18.2332397834285	16.4715942762077	20.509924841403	22.3841940886868	24.6476378178518	28.2490737901263	30.460675205911	28.6932574832486	22.5165785145079	26.7279999438791	29.759194646361	27.291579891974	25.680333584282	28.450118382882	30.1127883962944	26.0367412323432	24.148866495138	26.0228951118049	22.7670772168937	22.5813864277639	19.4047246051058	19.8369154356215	16.0025833227014	19.9012463931282	22.080810741456	24.4049757631512	27.0460515417685	27.0172850967672	27.7169303134384	30.7616225027224	30.0423725594368	25.3864487867051	29.9968650695368	32.6281662831364	31.3211006671222	25.527196712526	32.1195561146165	34.5544533164685	32.4310610680563	31.9140089929172	29.1756526919279	28.3934795507701	23.6301808287622	20.4716324214753	25.5474355073068	20.2654277773749	22.0897719770938	18.9065512719798	17.1109653146747	15.8508304514306	15.3214460805761	17.7585699311628	18.297434874867	22.2416995978275	22.0935243453823	21.5475269114578	23.7981288760272	19.6975346173068	21.2013298167827	20.0496056070936	22.8062628459816	19.9728690477858	21.2059663774137	17.9865162830382	21.818598625943	23.4175841836856	24.9606438618879	27.5388431492683	28.8560109162718	32.3274542146455	31.91389658127	30.1972306014972
11	10.9437825727671	8.48021520953331	7.07122768690134	6.98379839342459	5.34579133524682	2.88398248954462	3.24262378329648	3.33502713632138	1.32994247995919	0	1.32863426118703	3.22222205938697	3.08921138804064	5.72907749991218	6.52170054510325	10.1931115955826	11.6929488581794	13.4630798110982	10.2246047356365	7.57124098150362	6.36447869035634	4.25209665929645	6.45609402038106	6.96407725402296	4.17039530500407	4.17273795007547	6.69482680881291	8.04500596643657	4.25124852249312	8.04632002843536	10.6746009293088	10.8273037733316	11.1084258560788	13.5242260037312	15.6066054284716	16.4712416350438	14.4298830556592	10.8307771189329	13.8026398562014	15.9211335651705	15.5115360941462	16.2175857019471	12.2857525207046	13.8750439999302	9.54808802850078	14.0650208673859	13.1961361769269	10.0596805118254	11.0981056491637	5.73019240514662	6.00933948117428	3.56969704596903	5.66824346689519	6.58704858035828	4.43905733236235	3.77018911992489	6.14664941248482	7.70315656078727	4.3480770462355	7.40697752122956	10.7346522999117	12.0064672572743	15.0234954654368	14.3381206927547	10.6968736086765	13.4169538644209	12.0183455184148	14.9080177756803	15.1840416556331	18.9301768084717	17.4226873070718	17.8442598893874	14.9554318560181	12.8744343953434	14.4532596323459	14.049805194379	10.2479714090155	10.2513438143494	12.404422155022	10.802230602982	7.0296391088021	7.55576640718862	11.4794914957066	12.2164349955296	9.53282796446049	13.9300418161612	9.65524028701513	16.491559174317	19.2079670189221	20.5799259716842	22.7437851291292	21.9792713709986	24.7618006816952	24.7806220059142	20.6357602719163	24.4234137048857	23.0373511932253	21.8434955764868	18.4069204920323	18.7458003030012	14.6131739878782	15.0310136384743	10.4419312389998	12.9689664584345	12.0341154224147	15.6735798399727	17.9820667054708	20.1187934528888	23.4051250797769	25.6489994736637	24.1726552534057	18.4965518137841	21.4752145740153	24.8163698795775	22.9614502155243	20.6687726050678	23.4701036640233	25.3894269923525	21.5603920650808	19.6413188966525	21.4157974635548	17.8637600745196	17.1357566217544	13.8702503582307	14.274378515368	10.7016583294366	14.7128986267153	17.295221218591	19.5712564236433	22.2296569924054	21.979968425819	22.5249387568535	25.4236647436989	24.8787983029728	20.0321539031628	24.4442162075203	27.0574529658651	25.90594698134	20.0245176221551	26.490722961067	28.9616892117846	27.167856080302	26.4172938053844	23.7695584098653	22.7289370406977	18.6150155788278	15.4397726343363	20.0797465372449	15.5631077230738	17.60398872415	13.9649624775722	13.4534434625489	12.2648311036068	12.7488563800837	14.8419137243147	14.8762256637899	19.1038595576915	18.7121553542076	17.9447436314928	20.862849397913	17.2633840830817	18.3635251790063	16.3525247897687	18.3058230353076	15.1810109017812	15.7892122032735	12.5930354561559	16.1496286644616	17.8022407859236	19.4074899201314	22.2952191063465	23.8094301695778	27.2280403444684	27.3633680310009	25.7413578701668
12	12.4321136577816	10.8561751091257	8.84297285984753	7.83622070898976	7.18351153684603	4.89876474225901	2.94176919556922	3.32854037079318	3.24806034426702	1.32863426118703	0	1.32912000963043	3.05784711848058	5.50124158713285	6.43453658004988	9.56210531211615	12.1939334916999	12.5058355178692	9.44746368079814	7.39048963195267	5.55140946066852	3.31477585969248	5.42783658560204	8.10403578471862	7.94284350846723	8.00218395189713	10.7100413631321	12.6875049162552	9.87193932315227	12.4749934669322	15.8127951672056	16.4060791476818	16.3027480198892	18.4094982821369	20.9832934736185	21.9100927200229	19.9500509523159	16.0232493895589	18.8926922644709	20.9000128229626	20.8377386009135	21.5838057348559	17.5458917413735	18.7869293925325	13.7318012292634	17.8467398703517	16.0478123742771	12.8410459464952	13.0828164016774	7.33296618020293	9.8913057277591	5.98268451449682	9.70318638386381	11.5211496388164	8.76940898806756	9.09761672087806	11.5002417800671	12.9194254903227	7.77377604514048	12.3703468019292	15.3346679781468	17.0301981785298	20.1832716376706	19.6444087974161	15.8339497599304	18.2796514463488	16.350201803036	18.7558513803026	17.5519633659599	21.4266643460899	18.7928116842584	18.9742762971345	15.7011909102463	14.3164064275921	16.0648579825655	14.9592136156952	10.7092896122946	12.5364064228949	14.285126040746	11.7406773654675	7.78883649847652	11.1942514265135	14.2923550543639	15.7662933500554	14.1065318558461	18.3569129485325	13.3706212645486	20.1653042129297	22.0959125858155	23.8147011108685	26.082312627526	25.7845645493578	28.4935486206966	28.2567667824895	24.9313927408799	29.0460194346833	28.0468992225522	27.1002377295846	23.6139919539243	24.1231001531727	20.1247172402496	20.1615570083265	15.6361828462064	17.282845627963	14.311895751437	18.9261271526956	19.7480609174673	21.6802689558963	26.7911166993838	29.2700610522083	28.0032120657613	21.8719420491185	25.8247483046786	29.1964020728582	27.3096160719993	25.4711088294169	28.382260445567	30.2693101507121	26.3869872854026	24.6945818753831	26.9442895805401	23.3013613765376	22.4651902506967	19.2184670824704	18.7959885613926	13.7806471908978	17.2754126434074	18.3607856313394	20.2328271380942	22.7617177295564	23.8382563540205	24.2957844903185	27.6797802195032	27.7866257217389	23.3048809479903	28.1404785673592	30.9033125247117	30.223547723588	24.6941972941013	31.3984060264211	33.9144110371977	31.7745940335986	31.7470298768247	29.1741105262868	27.7117212926227	24.0773065561744	20.7355206590044	23.6666800586817	18.8275989972168	18.9989125215103	15.5894929680218	12.2841726217112	10.4384743138066	8.62895671561748	10.6862627704918	10.8580751977503	14.6308908819661	14.5841189655049	14.6087902989946	16.4272662972267	12.6333490809049	14.5160273146615	14.4617777952781	17.6621779234612	15.9387503274253	18.6354201455186	16.3691594775052	21.0487076562909	23.0479627950064	24.7836662542086	27.7986965341902	29.3212521049153	32.685475199238	32.8651343828076	30.984099422123
13	13.0394258309176	12.7390730432006	11.0245161798602	9.15106086746231	7.63691678624299	6.86100269639941	5.11892664530368	3.29343847672915	3.32802358765679	3.22222205938697	1.32912000963043	0	1.32830342919079	3.54312813767721	6.32497691695393	9.13193988153667	11.6774084453701	16.0292265877053	12.6809530004649	10.4425757837805	9.5687190887809	6.3424538626623	9.44489015288161	12.1171033667292	10.5143395893418	10.6302768543439	13.4183482590071	15.4041941366629	12.15260424765	14.8245340904866	18.3951264469696	18.8161856655381	18.5155937792986	20.8321559373964	23.3905806041663	24.1785628398381	21.9772658217532	17.8735237991841	20.6982709181226	22.3935408991075	22.2632045312439	23.0382361521016	19.2688798584661	20.1048947522736	14.8756164914265	19.0948144007738	16.8701600763004	13.1859248443179	12.7391907513782	7.35135205251388	10.2180705615101	8.04894912395401	11.4239735643952	12.5547246086882	8.92130960117403	10.6210476413582	13.1761512969455	13.3055123539081	8.52527260561209	14.0965956883213	16.5827721144566	18.3409854697069	21.3933579178211	20.3299003932631	16.5108460715979	18.8410687594945	16.4229941849834	18.8112088394127	17.3749732086124	20.9480285229899	17.8065935259948	17.21713823491	14.0792679497195	12.8796540714415	13.9811538150469	12.3317890835028	8.91136588857174	10.2756557454987	11.4410437023901	8.39732945644031	5.19937477010458	9.14631783834347	11.9684365729196	14.2202645896622	13.8324037679646	17.6056525581985	12.540091785948	18.9804966478752	20.4847638258292	22.8541242229931	25.6365840353195	26.170850196354	28.8042522208093	27.5395406279771	25.0271571098277	29.3988215069924	28.9600237741615	28.0879582027601	24.4568377555235	26.0151114739107	22.2192728503882	22.1853110638548	17.7712383924137	19.4549907478775	16.4840081897577	21.0094580843962	22.3003384727676	24.5289986342696	28.4635174389955	30.9831800982404	29.3447339228012	22.9165765767926	27.9193346088334	31.0001229191111	28.3607810012348	27.4344980088938	30.3355898904241	31.994390602104	27.8295348326198	26.4615180781451	29.0864270923742	25.4366493076427	24.7902605674083	21.6189229380189	21.2179515033851	17.0122577866666	20.5218894354297	22.133278496418	24.5028166952291	27.0474152924083	27.2871990501041	28.5931084354255	31.4152437679544	30.5979560918699	26.210105341261	31.1426693460917	33.8297346871063	32.4914916401202	26.9926572608182	33.8261928540591	36.2972090662629	33.8549502436497	34.1259264489625	31.6953175563836	30.3190071572273	26.6563326997545	23.375849824124	27.1337707847619	22.4347154651001	23.4060825214302	19.7677214923724	17.3700057858367	15.2495861583192	14.3559777793085	16.2269587415511	15.9497495278139	19.8581168039671	19.4602584001344	19.2107778343304	22.0087222255178	18.4080941707717	20.1926189732783	19.2255942690987	22.7652683050299	20.2610173485933	22.1984835968586	19.5675806884755	23.7662174104337	25.6309069094326	27.2719939315042	30.2291901810154	31.6096288019964	34.9462298538769	34.9750427876793	32.8723685943073
14	15.5863241015962	13.3536096243675	12.2865354351827	11.4900071366383	9.71349540587733	7.6107182972437	6.99942719084926	5.59136423424552	3.61706483215328	3.08921138804064	3.05784711848058	1.32830342919079	0	1.32850141136545	3.55265323385213	6.54329718108538	9.02732263741581	13.8162088866664	10.2075431911895	9.03655692174846	9.65074427181655	7.56798691859334	10.6093631288593	11.9122350547662	8.34714927385392	9.87045662570887	12.5715365011601	12.6914617755403	8.40108671541962	13.5333372454838	16.1740990784649	14.6810158708449	15.7330658487149	18.4816758168733	20.4443629639077	20.4978548633753	17.3045603526932	13.703157336906	16.7766736571944	18.2835678684441	17.1194496406865	17.4745456593297	13.6507442654238	14.2962341195155	9.23406351505121	13.8447537356213	12.0917291567418	8.38739321839629	8.8308829683107	4.29936390644012	4.64401345820617	3.88080107709735	6.03287427351176	6.88579036857789	3.70662353092407	5.59208878684879	8.3810034602069	9.14332423137231	5.82717092592967	10.8596332350591	13.2050488829084	13.7550218465839	16.6428626143461	15.0873793947127	10.9543558916077	13.1539862779311	10.9254752299385	13.5834118688936	13.1435367005993	16.7507602812529	14.825165901264	14.9206060868853	11.7418480232032	10.0662592853552	11.0262353956371	10.5833692650309	6.63727195465125	6.82031450887714	8.86522154263502	6.91680142840605	3.65798920173365	5.81866565459814	8.71306272214311	10.4612432817519	8.84608913588372	12.7898902653619	7.57351127285092	14.4053720535084	16.8242735652984	18.4482106720408	20.964728712769	21.1982250907947	23.6998832275604	22.9312004701019	19.658668164451	23.8708699673891	23.219579453556	22.4099894466731	18.8241481613379	20.5815449614454	17.0116698180984	16.7504887988381	12.7476356239108	14.7147368647897	12.8287329849834	16.7720042034338	18.4507688186699	20.9775877068837	23.9239210415015	26.1115684324018	24.1633589966296	17.8589459095435	23.0796774024248	25.6076481934597	22.7838332156817	21.9026395897846	24.7135160185677	26.2086202803581	22.044673778489	20.6572502526353	23.6384509644773	20.2213309156445	20.0370114288534	17.1107303759951	17.390719881592	13.9539758133659	17.5245523195316	19.6134075825696	22.490862989223	24.9301133170309	24.0960024900397	25.769373605115	28.4399529008049	26.4257508124178	22.4879115526542	27.4277372380588	29.96297343389	27.9736433272464	22.4971265276257	29.5133419829066	31.7678258305475	28.7231279633678	29.3955498672843	27.5467427294045	26.7719740587055	22.9065843372599	20.3861000439025	24.7636873062151	20.9271108851652	22.4019805151241	18.5187776324465	17.6288799700945	14.7709042038732	13.9056988677305	15.5547625504217	14.4083426874849	18.8110516984033	17.2324227547957	16.3716512606395	21.3594907008571	18.4594600679435	20.1303729225268	18.0961308019145	21.7021001979071	18.6954651185789	19.4246331754296	17.4930004859086	19.9265921321233	21.8403940669577	23.0536111921755	25.7507108057234	26.6650910555355	29.8679784551951	29.6402173743716	27.123424507241
