10	11	12	13	14	15	16	17	18	19	20	21	22	23	24	25	26	27	28	29	30	31	32	33	34	35	36	37	38	39	40	41	42	43	44	45	46	47	48	49	50	51	52	53	54	55	56	57	58	59	60	61	62	63	64	65	66	67	68	69	70	75	76	77	78	79	80	81	82	83	84	85	86	87	88	89	90	91	92	93	94	95	96	97	98	99	100	101	102	103	104	105	106	107	108	109	110	111	112	113	114	115	116	117	118	119	120	121	122	123	124	125	126	127	128	129	130	131	132	133	134	135	136	137	138	139	140	141	142	143	144	145	146	147	148	149	150	151	152	153	154	155	156	157	158	159	160	161	162	163	164	165	166	167	168	169	170	171	172	173	174	175	176	177	178	179	180
10	0	1.33647820782832	3.49063131825749	6.70906073903046	9.10703980445897	12.2137804548796	13.7607376619133	17.8205707259897	21.3713068154477	24.3755198713792	27.6002393830199	31.2290931344476	34.7074358603455	36.1262634934752	36.6855880830606	33.7129732002385	30.6151352765262	27.9060239733288	28.2779804264732	29.0068896988284	26.0878942423493	23.639465349284	25.7158651419702	25.4030458803664	19.486505304954	19.6184047006886	23.7126214493463	25.6555981220474	28.4785767551681	31.6064148710353	31.3936658101599	35.5727128709633	36.2638869814034	28.36877651574	32.8710615739741	33.5689249455505	31.7640549835817	28.762848485503	26.0473246418898	22.7880148543044	19.4787076059989	17.2909550054356	13.3515051585954	13.7279671838186	9.4786602956325	12.9798449913703	14.625259519065	16.0248614970614	17.588	14.6632186780393	12.7885415118379	9.72360123616759	10.9856539632377	9.7828466715982	13.1374368124075	12.3479519759351	17.8030986909583	20.7163253981009	23.7812951918099	26.4041000035979	29.4258462410174	31.8944485921923	31.2225289975044	28.426412242842	26.874615680973	27.2017713761439	26.1240620118694	22.0033937382396	22.4998747774293	23.3934846485084	21.351002669664	18.102420528758	19.7247191361499	14.2025055183936	19.9932616148541	23.1424072429814	24.9322571982562	28.5195510132961	29.6109035660852	34.0864885108455	37.0067091484774	38.6739312069513	41.4139296131145	41.1321967441565	42.6250632492199	41.0045716231739	37.7609876724643	38.8808105110992	39.8828267553843	36.5530976799505	34.1779796067585	36.0783811998266	34.5938221941433	31.3389517852783	31.7020430414193	33.205431920094	30.6881100916951	27.0637796510391	29.4204633206209	30.8468749470672	26.863026151199	21.9819962014372	28.9717234558112	22.9068228700534	30.6084082728913	27.0607804765495	21.7002285011011	22.0016652324318	25.3426636721557	25.2792137140379	30.0676560609569	28.8168459238689	33.7423138062582	33.131147837043	36.0377485423271	37.5710363045791	37.9440027672358	41.2957480377823	43.7272727368172	46.4247750344576	45.5278155197457	40.7397078781869	45.1503196334201	41.7164701886437	41.9692865915064	38.5498544874037	42.2198467784998	40.9780714651141	37.68149764805	38.4649599635824	39.9290614715648	37.2164562257075	35.1164400245811	37.1065305573022	37.4830500893404	33.1227475007735	31.3986833641158	30.3773950660685	28.9771007176356	32.0769320384603	27.7564789913995	32.6578356447576	31.3490699862053	32.4147923948311	31.7844878203189	34.1065740583835	33.5968209507983	24.8702594075735	31.055736442725	27.7738355651502	24.9243701023717	22.7337858043925	24.4398767181833	23.7610816672979	20.2126228629537	19.7235454723536	22.3861996998151	20.5651173106306	16.3300265768308	19.7917442637075	21.417233084598	17.2586205126598	13.785529877375	20.5369607293777	21.0723343272643	15.3490359306375	19.9891330977609
11	1.33647820782832	0	1.33110405303267	4.48271591783374	6.91945756544543	9.644263165219	9.33997890789909	14.8646104557099	18.1481526883592	21.539984958212	24.1134828882101	28.1123250372501	31.7473223595314	33.4327406444641	34.4727180245481	31.2418347252526	29.1630930458345	26.3971886003036	27.5123623304143	28.6429986209545	25.5493438271906	22.7167019173119	25.717780950152	25.4590426764244	18.9103008172795	19.6018383066487	24.1472351626434	26.1094023868797	28.8838237427111	31.8515647810276	31.2862168214695	35.5171454511761	35.6883329675119	28.0642016811453	31.7362237514169	31.7373404210246	30.0851477310649	27.7161748623435	24.1929193567043	21.6088589472003	18.3786424689094	16.5363595147179	13.6392353158086	13.6481889274731	9.83923945231541	12.5438130566427	14.3806192495316	14.5529796605369	15.5457345275159	13.2976432498394	10.7193548779766	8.67973668955459	9.88533545207243	9.44932262122529	12.3920596351051	10.7730287756044	16.1386230515493	18.4761014556643	21.7686745117841	23.3766799182433	26.992667782196	27.4911880063412	27.0341808087465	24.3895621526915	23.1750570441585	23.0489922339351	21.5297447499965	17.7303191454638	18.372097321754	18.7268116079593	16.3773938708208	13.6423462791413	15.3427012615119	9.52534755271428	16.0522250482604	19.4359525107467	22.0251164355606	25.3521346044076	27.1246890120421	31.330561788771	34.535247414779	36.6650194463333	39.3373685698472	38.4934184764097	39.4156035092703	37.6604953100726	34.518121168453	35.3958026466416	36.070182214677	32.7345649887088	30.8195627645818	31.768930875936	30.2530009585826	27.0414685621917	27.1255192392699	28.3930845453607	25.9073739695863	22.4949814403124	24.6048945740477	25.6548650746793	21.91088521717	17.0604145905075	23.6591246879507	17.5937743818659	25.481709793497	22.1781614431855	16.9417283651934	17.7694970666026	21.5087658641773	22.7250112651237	26.9581684281407	26.722888635026	31.4998047771728	31.9257307668908	34.685513402572	36.3695590982349	37.187346692121	40.3877266505556	42.7121744822246	45.3079696411128	43.7385661058979	38.8387036343903	42.7208124805697	38.9398043780397	39.4590492662963	36.8163222905276	39.3126204417869	37.7741328027527	34.5918910873632	35.2394330402746	36.2988619794065	33.4717762151936	31.4343839290672	33.4894375139386	33.2774324880992	28.9657817950768	27.4239768268572	26.5217802192839	25.924819170054	29.332163200146	26.0560800198341	31.2892790105493	30.1499763681499	31.7657136233392	31.207550400504	33.6476201833057	33.3017484525963	24.8651932829809	30.1888067170599	26.6435700685925	23.9782966242392	21.7046169051656	22.9251109920977	22.0743922226638	18.5897077169061	18.4890954078343	20.1389509160731	17.6359163357054	14.2318672703198	17.4339193528019	17.7664088943151	13.4114688979246	11.6000888789699	16.7076376546776	16.4767066187391	10.9322067305737	15.6931998967706
12	3.49063131825749	1.33110405303267	0	1.33124640844586	3.24849826843112	6.56788291613058	9.25306262812481	12.4348245665148	15.9580099636515	19.140558664783	22.2400234037647	25.8935140334409	29.4691959001259	31.1628146514399	31.8118685556193	28.5170004558684	26.0028412678307	23.3767438707789	24.362021816754	25.1777721413154	22.0489813823678	19.6254618799151	22.372071629601	22.1745095548921	15.5483625826001	16.4077256498273	20.7835491194358	22.7296768344823	25.5174696237695	28.5424387360295	28.0985438234795	32.2782130391383	32.8734783982468	25.6315913278907	29.4423825462546	29.6605608004973	28.4414536548328	25.6526454971022	22.960458466677	19.4856296023505	16.5647784470545	13.7827374639438	10.5641676435013	10.3686011110468	6.52582079128748	9.83991331262628	12.0775229662377	12.0299342475344	14.1720580368555	12.4237751508952	9.05433597786166	6.37275937094757	6.73446404697508	6.30667630372766	8.98717430564246	8.63237562899113	13.4001326112841	16.1436309732352	19.4623556642047	21.6119983805293	25.1636513646172	26.8838818997555	26.9361479428667	24.6146348337732	22.9479556605812	22.5000627776902	21.5012801711898	18.5377768084525	17.5827247604005	18.2195798250124	16.5421596534431	13.1015062492829	14.2261433986868	8.62167234357697	14.1248559284688	17.2543685482837	19.3935018240647	22.7487097875902	24.2032637468586	28.5183127481273	31.6285212110841	33.4008949730393	36.2184232125033	35.8658719537111	36.9641524453084	35.4350071680535	32.1357630841404	33.0756467963969	34.1186183336899	30.8881321060371	28.4263740389097	30.2924211148597	29.0010264818334	25.6806631144914	25.9504311332201	27.67304695909	25.3450360031309	21.3792499400704	23.6639860336335	25.6882251819778	21.9435866940662	16.6789990706877	23.8478515803835	17.7342853535179	25.1051553669759	21.3680761183594	16.0002801850468	16.0449843876521	19.3078082391555	19.5972423059981	24.1470916054087	23.4002197639253	28.2980869494742	28.4382366014491	31.2433038265802	32.814316768752	33.6576678336453	36.8187862646231	39.1426104775857	41.7487120879196	40.5332865309488	35.5211629032609	39.7540219474709	36.0280744559017	36.3743894656666	33.413437386776	36.4305792707171	35.0568206630322	31.7954984706955	32.5464660600809	33.9060262932712	31.1851794447298	29.0976667964976	31.0972108234806	31.4567118593155	27.1068679304711	25.4089490927901	24.3396610083214	23.2486190987766	26.351790280738	22.686556613995	27.8031671577178	26.5675804882567	28.345505657864	27.6813065443089	30.2243494222787	30.0175559464791	21.6106213931946	26.7377753375257	23.1726731086424	20.5202788480079	18.2963613322431	19.5364769341865	18.5221151599919	15.082685603035	15.2364059410348	17.0585214482381	14.6820721970708	10.963914674969	14.3290885264904	15.5451245733188	11.2859928672669	9.07727156143298	15.0405475299272	15.7637734695726	9.87017492246211	15.3215640846488
13	6.70906073903046	4.48271591783374	1.33124640844586	0	1.33085423694708	2.58309988192482	7.86855844484871	9.75534325382762	13.9586227830685	16.7402539108581	20.0985606201041	23.7366565042341	27.1519651038373	28.891261135506	29.0825729604518	25.8546891685048	22.9774661135644	20.520807708275	21.4058191153714	21.9039908920726	18.6978418808161	16.8003055031746	19.2739392444824	18.864193091675	11.9846674547106	13.3194221346123	18.0020793521193	19.8710972520392	22.5696294386948	25.3974366816811	25.1036217705733	29.2134725426472	30.18175172186	23.420509836466	27.2427058311028	27.6232937934635	26.8435859191726	23.716322016704	21.4055969783606	17.6493378346044	15.1988844985413	11.5848958130835	8.56747459873678	7.38542334602425	5.27464614926916	7.2718851063531	8.76898232407843	6.87145806943475	8.43065424507493	7.90508703304398	3.06973826245822	3.31310518999926	3.60908160062917	2.95676275680008	5.73180817892574	7.67972694827101	11.1566113582933	14.1705495306287	17.4015122044034	19.9871193772389	23.4109608730611	25.7901922055653	26.279633825455	24.2706816550339	22.3724004299941	21.5963473995025	20.9298428326636	18.292021785467	16.6244873003651	17.316170737204	16.1710950154898	12.4662655996092	13.0220751034541	7.61203455063099	11.6713523209609	14.007515054427	15.2890378376142	19.0288177509797	20.9724228929325	24.8041894848431	28.0178180092597	28.7131723256069	32.2184590258442	32.2120510523624	33.2009228486197	32.2440914432396	28.7221818286843	28.9585886914401	30.6058442294932	27.8954388565586	24.7254959303145	27.0157424661992	26.5451438308403	23.1390452698464	22.6378978706063	24.9731673201458	23.7960722389221	18.9446713880183	20.3066471136916	23.9806679223078	21.3072645123676	15.8480938285965	22.3220506898448	15.0139742240354	21.347177190439	17.5994014386854	13.679190692435	11.5568546759056	14.5442031407706	13.8219586889847	19.0339119205696	18.4933076273554	23.5385748718991	24.734446688778	27.3106127723272	27.9701521447417	29.8274360614519	32.62052399947	34.6146203937007	37.1790561875903	36.4429819169617	30.3051753005984	35.1780596537103	31.1174993371897	30.9147418071056	27.3109267693354	30.4631241667692	29.5829251596254	26.1743129231695	26.4629989419189	28.1829068231082	25.836758020309	23.2992261459474	25.1575716832925	26.1381139908755	21.9503537329128	19.6574613315148	19.0940455639972	16.6617523088059	20.2141310226287	16.729690074834	22.5041135128669	22.0617920622963	24.4738662250164	24.285758357523	26.7082350783424	26.3654200800973	18.2403054250744	22.2521708828599	18.4287550854636	16.4689055191898	13.7884118374815	13.9716310429384	13.3602604016539	10.2027879033135	9.14527402541881	10.6054858917449	8.96056415634641	4.9301786985869	7.63267417095738	9.20064459698341	6.77525977361754	2.80196359719394	8.24911843774836	10.1598427645313	5.74543949580883	9.85124195216014
14	9.10703980445897	6.91945756544543	3.24849826843112	1.33085423694708	0	1.32995827002203	4.30387395261525	7.16017464870795	10.6448654758996	13.8682020824619	16.9660237828432	20.5692538027027	24.145933405027	25.9553147929282	26.6811862180076	23.2586092447506	21.076225492246	18.4733174876631	19.482086387243	20.6925658872939	17.6489767125463	14.6866280336911	17.7149746824544	18.5328677759272	11.6500772529627	12.1161422078152	17.378857873865	19.7579522724396	22.1024451814726	24.5981773715046	23.2735716640141	27.5106976283772	27.7623135023002	20.4316627076702	24.0896001004583	24.2932621522924	22.8865243101699	20.2509354351842	17.366971641596	14.0807842111155	10.9363643867603	8.68183857256054	6.61038765882909	7.76673432016314	7.46900348105421	9.22366987700665	11.2506994449234	9.58366495658107	13.5298041744883	12.792579606944	8.4465243739659	6.26023961202764	5.41443921380599	3.26490520536202	5.47189272555667	3.1142536826662	8.18361796517897	10.8606282507045	14.1410688775637	16.5170914207072	19.8655294165547	21.8601378998395	22.3547130377466	20.1335793390048	18.1319548311813	17.7088408429236	16.91840766739	14.3832734104584	12.7335702377613	13.2799810993841	12.1411525400186	8.44819383063623	9.05017950098229	3.55657208559028	8.76118587863538	11.928979629457	14.0918749994456	17.4386473672702	18.9398813882242	23.2194835644551	26.3655130236451	28.3590813320883	31.0580316665432	30.5398365418022	31.6150711054079	30.0731226512978	26.7752264229455	27.7694754721799	28.754320197146	25.5225003085513	23.0943696601574	24.929790973853	23.6592308412594	20.3253237366592	20.6781393021713	22.5103020192977	20.2466577241776	16.1242427729181	18.6584332139652	20.9019429718866	17.2516798022685	11.855347021492	19.3426124915948	13.6281676684725	20.6362558861825	16.7915672288205	11.0455762638262	11.3444956256327	14.2718913252589	14.8444116084135	19.1368510993841	18.4780120413425	23.2453308429887	23.5984081242782	26.33814930856	28.0637487873591	29.0533874617057	32.1155686389016	34.4184177439928	36.952207322432	35.4300793959031	30.5930467426832	34.5509161383602	30.8729304407599	31.4018146290943	28.9976122120426	31.6395667637849	30.0673980251035	26.8871555951908	27.8375234889887	28.9912462995298	26.1467750975144	24.2772503797279	26.3136215675456	26.480177756201	22.1526083340089	20.7440405659071	19.3693854574687	19.0420779590884	21.7732057354906	18.4861186028869	23.3176494527214	21.8817062863023	24.0372922559926	23.1487211525821	25.8615189229094	26.260828166682	18.6510126802809	22.5301796264477	18.9449103191332	16.3487534693016	14.697975710961	15.694107015055	13.9629121962433	10.747236202857	11.8167940660739	13.0596548958998	10.3366406051483	7.53698945202924	10.964361267306	11.5956158525539	6.99490514589011	7.79142689114131	12.2025835788984	12.5106297203618	7.11583066127912	13.3938877477751
15	12.2137804548796	9.644263165219	6.56788291613058	2.58309988192482	1.32995827002203	0	1.33125354459622	3.43360728680494	6.93776022935356	9.92733735701573	13.1445911689942	16.7628054931148	20.2865445554436	21.9331323800318	22.6119638687134	19.2971591173416	17.0968650635138	14.4438874614835	15.9407956514096	17.0790153404697	14.0441383146137	11.2914816122597	14.4566363307652	15.5156070458104	8.84710698477191	9.83715934607141	15.2551094063596	17.4677732410287	19.4691022391892	21.6774971341251	20.0396280404602	24.2618646851391	24.601552735549	18.0672305293313	21.0130791889242	20.8925524051036	20.238086100222	17.2858373820883	14.8067686549091	11.433510834385	9.75708583543263	6.9471511427347	7.08456695924317	7.28581086770718	8.67580918416259	8.48248990568217	9.90130723692584	6.42007274102093	10.1726614511641	11.1221339679038	4.5483667398309	6.18796161914406	4.34348086216573	2.87783043280871	3.62642771884399	2.79998607139393	5.10484994882318	7.34152068716012	10.6765142719897	12.8077730695074	16.3952522700933	19.210492497591	19.9246329451762	18.2822104790422	16.0981511050182	15.0656982911513	14.9404653541983	12.4808008156528	10.1778236376939	11.4011680541951	11.1940134893612	7.05445433750903	7.152152682934	3.40011014527471	6.51875716682252	9.04039280120062	10.8020794757306	14.1574097207081	15.1918541659667	19.6082582857326	22.6294209603339	24.87190997893	27.3770255688963	26.669768221715	28.07570200369	26.4651570182382	23.2056360826417	24.4957026027016	25.6120655356026	22.3104906490198	19.7325300455872	22.2630492296091	20.8909283900931	17.6094158335818	18.4617039300277	20.2794887016414	18.129037205544	14.0128445363531	16.3661351271459	19.3811010523138	15.6744226368948	10.7116664436492	18.0022060037097	11.5193100921887	18.1542406340778	14.2640895257987	9.16557723223148	8.34122059413369	11.2736582793697	11.4643639596796	15.7744944451478	15.1441818200918	19.9224822499607	19.9922021298305	22.7366158211815	24.6417578512573	25.5352599555987	28.5162786316869	31.0059463651732	33.5010555953092	31.7441860188602	27.2584704266399	31.10011581972	27.5365315353986	28.0197603308808	25.6939660815531	28.2682587719866	26.7133899945327	23.5223109621483	24.5814555508823	25.8879337723195	23.1072457250967	21.0933637431302	23.1218293610173	23.4633737770168	19.1487238478182	17.4958574239733	16.3063969656083	15.557763463943	18.4374385693892	15.1375798924399	20.1252205205309	18.68240685779	20.7674932767535	19.4810302858961	22.3440028866808	23.2330433219585	16.0847631005247	19.5899774885016	15.9647454724465	13.5391659270429	11.8308055516097	12.3307545997802	10.7292667969438	7.64218044801351	8.06758340520877	9.35703660354067	6.91896509602411	3.82999608354891	6.79533288367833	7.73306620946698	3.45026578686338	3.57885205058829	7.13501352486455	8.48901984919343	3.53769275093245	8.58759576365818
16	13.7607376619133	9.33997890789909	9.25306262812481	7.86855844484871	4.30387395261525	1.33125354459622	0	1.32523582806986	4.25976783404917	7.62422100938843	10.0389589599719	13.9384032442744	17.5877449094533	19.6373477078754	20.7713135357396	17.3555110843789	16.1146831802552	13.5321087048545	15.2459401809137	16.8374179730741	14.2526292311278	11.3081035545312	14.7339318920647	16.4721180483871	10.4457752704143	11.4386798626415	16.744229394033	18.9032882589247	20.1147970161272	22.2027494243393	19.9007677490091	24.0692127208183	23.977314153174	17.0799604214998	19.3135785912399	18.6159437311139	16.5211146718374	14.90777022227	10.1783583646873	9.77754227809832	6.53523044735226	7.88789743848131	8.73071365926062	9.50951255322795	11.5036166921538	11.4921738152536	14.1469107228398	10.8545165253916	16.2158513498367	17.3035722901371	12.6062179498849	11.5544783092964	9.09276421117363	5.62228725698003	5.87715245675999	3.4302894921566	5.65456541212497	6.17263468868845	9.34299106282351	10.2107044810826	13.6452083164751	15.4325413979681	14.322904628601	11.592018159061	9.85549597940154	10.49875016371	9.68039358703973	5.95636164113631	6.57281515029899	7.82205152118036	5.61976627627876	2.67974065909371	3.76606213437856	2.77384678740553	3.41474142505695	5.98541610917737	8.14527286221892	11.4319911214101	13.3961273508429	17.3546237642883	20.6220016002327	23.151435787009	25.6701359560093	24.3980375235386	25.1956701438958	23.395381360431	20.2661125280602	21.3346483214512	22.0758444685588	18.702445428339	16.7005357099705	18.5012609570267	17.0202632470829	13.7528346896194	14.6896633045145	16.4690997325294	14.2675709915879	10.2382594223823	13.6235723288717	15.2927316722684	11.0892905994928	6.717849283811	14.0245437002421	9.54652963123249	16.9124314632758	13.4329590559936	6.96095460407551	7.85970082127812	9.80372311930524	10.8965107718021	14.144042738906	13.8692352348642	18.3847710075486	18.9074136782374	21.7642186627501	23.8173856877702	25.0260012387117	27.5096900382393	30.1782399917556	32.5227599228602	30.1722798111114	25.8943109195823	28.906967551094	25.329449046515	26.3924759164425	25.4198159906794	26.8171429872759	24.7123106770694	21.8433283864891	23.2559605477822	23.9795074803466	20.7012477160194	19.6782311705092	21.7268162646993	21.5210719296228	17.4334366376799	16.8897744804364	14.6712458230377	15.8359997789846	17.8489711468196	15.7836868316626	19.9562540072029	18.1684602264474	20.645428694992	19.2261647241461	22.2599214733565	23.7008956159889	17.5346491553153	19.6598906151586	16.3813721647486	14.0774809181188	13.6804550728402	14.272698623596	11.4739426528112	8.66303751579087	11.6019383725307	11.5781866024002	6.52318764102337	7.72744077945603	11.1774419703258	10.7294811617338	5.31263202188896	10.5419526179925	13.2527600521552	11.9937855992176	8.75305409557144	15.3723840050917
17	17.8205707259897	14.8646104557099	12.4348245665148	9.75534325382762	7.16017464870795	3.43360728680494	1.32523582806986	0	1.32651196752988	4.31431500936128	7.47188744561908	11.0592443231895	14.6246382861252	16.2713516955415	17.2263455497677	14.0247512990427	12.6723133247249	9.93919981688667	11.5388541458847	13.3944973029972	10.6261811108225	7.86254316363351	11.5638283453189	12.6074078223876	6.22408563565766	8.92125540493041	13.5943054622147	15.2520674664125	16.8633011596188	18.9034916615952	16.380729959315	20.5131058106763	20.2574237503193	14.1276114400135	16.1820140588247	15.5252827993567	15.2032168635457	12.4270246640135	9.7898276797909	7.45097067501946	7.30670910875751	6.87136034566664	8.98921559425515	8.20400499756064	10.2982504339329	8.02413621519475	11.4811076991726	7.3357329558811	13.1130695872477	15.2111480171616	12.0040167027541	11.5465732578978	8.35277666408003	6.67653667705046	3.85705081636216	2.74077470799772	3.28707620842596	2.8764262549212	5.70770190181653	7.1819878167538	10.8519265109933	14.7738058062234	16.1004952097754	15.1630647627714	12.4195268025799	11.1408308936093	12.2144421485388	10.5176764068876	7.20761361339521	9.01075912451332	10.2470532349549	6.56743420218277	5.66058601206624	4.8943932208191	3.43719216803483	5.44832175995508	6.12447728381778	9.28982470232889	10.2896150559678	14.5312046988541	17.5699595901641	20.1654836044167	22.5886964209978	21.2386370089985	22.654952791829	20.8595739409989	17.7179661078804	19.2200915970762	20.197738957616	16.8043930863331	14.4568382089584	17.5379117057876	16.0254056110914	12.5342369532413	14.1041021337765	16.0277289096116	14.2321737622894	9.85728593477941	14.1976671675314	16.4292565869549	13.3351529799999	9.66325338589442	16.9978180364422	12.85284886708	17.3165566438597	13.7982919957508	8.16549673932946	7.27355965122993	8.54993678339203	8.1094553454594	12.1138169459506	10.5738623501538	15.3421531735282	15.6167189255618	18.3008838311159	20.0297836733201	21.1926478996845	24.1340210698507	26.4006190457724	28.9033773805069	27.0396214655457	22.6867208957134	26.2172293158526	22.9747251343732	23.7671486299893	21.6094113293259	24.5861344867387	22.913022694529	19.8671366331437	21.2292996822787	22.4664080573642	19.0205304079566	17.7113306671182	20.0107271482073	20.5821215864643	16.567996891598	15.5165312489615	13.3864959567469	13.1939595269957	15.1092303907247	11.465528291361	15.6130415358443	13.9299826991996	16.3683241353536	15.6434488844372	18.3903097581308	19.1591388637381	13.0349880705737	14.959264888356	11.4816964338899	9.10362532181548	8.43099816154647	9.22336148050156	6.72780209280862	4.12799539728426	6.42282904956998	7.66747559500518	3.79110973199141	4.34627449662352	7.89182114597131	8.538145114719	3.42490569213227	8.67771381182855	11.263150935684	11.1144076315384	9.39822584321105	14.549118392535
18	21.3713068154477	18.1481526883592	15.9580099636515	13.9586227830685	10.6448654758996	6.93776022935356	4.25976783404917	1.32651196752988	0	1.32515999034079	3.82620869791495	7.43084651974457	11.0136300101284	13.1119863483761	14.3024238854818	10.7250302563676	10.6556832253967	7.50661441663284	9.94846455489489	12.1656758957322	9.86364648596045	7.44739316808237	11.7602157293138	13.8858716687142	10.1778905967789	11.1820885795096	15.8250197156275	17.5503099687726	17.1536211920399	17.839058971818	15.7743535525232	19.5875985766505	19.2226259652525	13.9412283892059	15.1149861395901	13.3482568524883	13.1360189555283	11.3713979351705	7.4402640410136	8.2706232534193	8.48100707463447	9.05257653930636	11.1090877213208	11.7953044894992	14.4023876145589	13.1160149816932	16.9181197832383	12.8963145510646	18.0880168343575	20.7018649159925	17.2041412747048	16.4723786685469	13.3427325911899	10.5293579101482	8.6127025955852	5.25457058188393	5.3485288631548	3.68074503327791	5.88419425240194	3.61303888714196	8.07908980021883	10.4009664935524	11.8589182474625	11.6407538415689	8.97134833790328	7.09709017837592	8.93241227216926	7.45732800673271	3.84063549428998	5.68963619223584	7.37295530977911	5.77003162902943	3.97353671179719	5.34538791857055	2.99542734847634	3.27523144220374	2.99255359183424	5.54876905268187	7.01720606794471	10.7992411307462	13.9884890177603	16.7218206544622	19.1462076923865	17.6874856607716	18.6751170009722	16.9191250364787	13.7342423890071	15.1831372910871	16.2090941758014	12.8993231605383	10.4300720035866	13.8423089114497	12.2925053996327	8.52584552991667	10.5972782354716	12.8424285475918	9.92937792613414	6.90096290382726	11.716074214514	13.7048735127326	10.3319249416554	7.88837752646259	14.6512884416354	12.9233619078009	16.5623600069555	13.8218641651551	8.11110652130768	7.36291939382742	7.69416441207231	7.45547067595333	9.6894762500354	8.75323237438605	12.6721503305477	12.9698549336529	15.9848359078221	18.212874402466	19.8029214258907	21.5537509264629	24.4033712834928	26.5228250003653	23.6600167793685	20.0795807476152	22.4645955227331	19.2077935744843	20.6847342259938	20.281699978059	21.8008627581571	19.3480589724137	16.8449251111425	18.6791651312365	19.4780926684314	15.1335394405935	15.517756635545	17.8837047615979	17.9512396786406	13.2627224203781	14.954204592689	11.8327801044387	12.17032522162	14.1018220808518	12.844632692296	15.3035074084342	13.457315705593	15.9892960758127	14.6932529073721	17.8498453494701	20.0664418370572	16.3932159749086	15.8537343865728	13.2688697710091	11.9151188831669	12.8974362181016	12.8379952095333	9.54534048633154	6.67560259452283	11.2775067279962	11.3519390414149	5.33093790997419	9.56903866644921	12.3069688794601	11.633566993833	7.57825184326834	13.0949988545246	15.4711187378289	13.7468251971137	12.9457786556082	18.5559476179472
19	24.3755198713792	21.539984958212	19.140558664783	16.7402539108581	13.8682020824619	9.92733735701573	7.62422100938843	4.31431500936128	1.32515999034079	0	1.33359701559354	4.56598576432297	7.95883088148002	9.35633630220718	10.1367441025213	6.73384325626904	5.78991398899846	3.68559696657136	5.66379890179727	7.7222554347807	5.59902500440925	3.92658503027758	8.1534042583451	10.1473827660141	7.95434893627379	9.05690642548547	12.5100215827152	14.0150986082867	13.4076545674477	13.1156305986407	11.6740068100032	15.1725949329704	15.2141894953363	11.036658280476	11.8769105410456	10.0967543795024	11.0768343853287	8.91923343118679	7.11827429929474	7.87947872641331	9.36862551284873	7.99384913542906	10.773612764528	11.5213868088872	14.4150235865225	12.7325605044704	17.0849453320753	13.6025716318643	19.0830001048053	21.4429978547777	18.6803097404727	18.2667496013932	14.8518459795407	12.8938438023733	9.54355258800411	7.57951541986689	3.82378843557015	2.94444392033538	4.36808264573829	2.61000172413736	5.78482480287865	11.899040129355	13.9031515132361	14.4069381202253	11.5989991378567	7.5159449838327	11.8924679104045	11.5594758099146	6.23167120442021	8.46686016183095	11.3784185192847	10.4278932196297	8.38271232955062	9.111013445276	5.6836443414415	5.5285652750058	3.70977964305159	5.90434213100833	3.83101631424352	8.1873366853941	10.5461601542931	13.218559868609	15.4204957767252	14.1751703340736	16.5569496284793	14.5799593277896	11.6524528748243	13.5385745556909	14.5797444079106	11.4103971885294	9.23158003810832	13.0841115097663	11.9256639647443	7.32809347647804	10.7543898013788	13.2748177011965	10.3262391024032	8.17046993752501	13.5326695814241	15.7566255587927	13.7425992810676	11.7760201256621	17.6806099725094	16.5106625245627	18.6565361736845	16.0013340068883	10.8546142722807	9.61003501554495	9.84217506448651	8.24757376444733	9.98090887645008	7.365570582107	10.4216450236995	8.81448103974363	11.7887405603822	14.2808893630614	15.3213293809643	16.9083199638521	20.3432034104759	22.504921261804	19.7639873760332	17.3739973523654	19.3810817809533	16.8000747022149	18.7707231879861	18.9422946075706	20.9106520701771	18.5884320210178	16.4407637596311	17.9896723983512	19.7128603961982	14.6503346719452	16.123417627786	18.7937992433675	18.9273518485815	13.7114208599984	16.8015917400703	13.5150269330105	13.083584944502	13.449397607328	11.5195588023153	12.8290053784383	10.3028798401224	12.0453422118261	10.108751752813	13.2712862225181	15.6970548511496	13.0173457740048	12.7171416992971	11.048223296078	9.28471954342187	11.0678829502304	11.6000357327036	8.74314062565621	4.13798525855277	10.5808995836838	11.9596890845874	6.93823327656256	11.1655687271182	13.9177364898176	13.6680482878866	10.6035688803346	15.933724768553	18.1231556027089	15.9723248151294	16.2766538637399	21.5184669993009
20	27.6002393830199	24.1134828882101	22.2400234037647	20.0985606201041	16.9660237828432	13.1445911689942	10.0389589599719	7.47188744561908	3.82620869791495	1.33359701559354	0	1.3316797663102	4.81416337487626	7.50098253564158	9.08668850572088	5.14933908380483	7.57205209966228	3.57483104495863	8.3185872598657	10.6738671998484	7.62734298429014	7.79391044341671	12.0192664085625	14.0325261090083	12.692016270081	13.693314865291	17.0039079625832	18.347427857877	16.9188560192467	15.3341544925046	14.7254021676829	17.2479341951435	17.0661866273635	13.2317878610564	13.4738851486867	11.0701991400336	12.5793399270391	11.0009551403503	8.28089004878099	10.0731286599547	12.1192396626191	11.6587880159131	14.9619710599907	16.1814009900256	18.9766124216099	17.2039038302357	21.3370686599636	17.2792953849397	21.8085444493666	25.0200566945801	22.3850228947839	22.0203066963201	18.8332580558968	16.4627461257228	13.6328508390578	10.9477501798315	8.14428142932205	5.60275128842964	6.61897711130655	3.64767268268412	7.20359500527341	8.85123070538781	11.5226974706446	12.4403899054652	10.1461201451589	7.11824711568796	9.4475769380302	10.1818963852516	4.52782652052836	4.98603660235261	9.7051055120488	10.7870860754886	8.8891203726803	10.2381175515814	7.34222323278174	4.36971806870878	2.92989999829346	3.57264229947528	2.90108341831117	5.52703247683601	8.34706930604988	11.5061592636292	13.6619866051757	11.5885069788994	12.8447239752359	11.0734623763302	7.94266561048619	9.82793340433278	11.0787064226831	7.78982117894885	5.62497191104098	9.10839744411716	7.83145727179814	4.04596453271652	6.45504934140708	9.04085676249768	6.96893241465291	4.72751277100337	10.0046886008511	12.2616935616578	10.5313822929376	10.4764093562632	15.0170229406497	14.9544284411006	15.2177461208945	13.7219764246992	10.3809630574432	9.06093317489981	7.43878000750123	7.25170621302325	7.90746893765635	7.07935208899798	9.2759281476303	8.99932786379072	11.672278312309	14.3476571258167	16.172345717304	16.74182170494	19.9874789055548	21.7647703181081	18.1332557198094	15.8072928105985	16.5867051580475	13.8694963138537	16.4389020618775	16.9082341183224	18.4055995284044	15.5390263852019	13.8321940775858	15.6557412791602	16.6228020201168	11.197683555093	13.5739100851597	15.8048398916281	15.2011837039094	9.95529276314866	14.1491006427971	10.8343747858379	11.8113987740657	11.661345805695	11.1263998220449	13.11990095237	11.5399936308475	13.6370114027964	12.5765654294008	15.4070667552263	17.8520594050098	17.2027350732376	14.6470471085472	13.3947511361727	12.9167170364609	14.7836052774687	14.5275764324267	11.1387377202267	8.5724626566699	14.0295500284222	13.9803526779549	8.5885771231328	13.5732895423328	16.1625988318711	13.7143633100483	12.7298246256577	17.6836617814298	19.2589171554374	15.0254454176906	17.7292414953376	22.4880952728327
21	31.2290931344476	28.1123250372501	25.8935140334409	23.7366565042341	20.5692538027027	16.7628054931148	13.9384032442744	11.0592443231895	7.43084651974457	4.56598576432297	1.3316797663102	0	1.34026042245528	3.91466959014423	6.12648390188042	4.25928186435225	7.35258287950568	3.16544625605933	8.62474689483697	11.1281605847507	9.23140585176494	10.0406611834082	13.8116605084255	15.688018294227	15.2859049781163	16.4012282771749	19.2481989547074	20.3298272988238	18.1019326592494	15.6196144958831	14.6530232375438	15.7960672637211	15.3454796275646	12.2432399715108	11.6420064851382	8.58871806499666	10.8057462953745	10.4679846197824	8.73530880965293	12.2579800130364	14.4920024151254	13.8064934360612	18.0500863986852	19.4449322189613	22.3371233152347	20.5097344205136	24.6743840044691	20.6240284134793	24.7871213738102	28.2416018313409	25.8402336483245	25.588793054773	22.4040673093079	20.0923773356962	17.0839050278325	14.4800733768859	11.3825387765647	8.566737360279	7.9734329494892	4.64190198086948	6.51905951805934	10.7078179383103	13.2189714425896	15.6406162602373	13.3815844726998	7.25979324774473	12.6403999145597	14.2580255996404	7.25215781681563	7.9563918329856	14.0457080633196	15.2773904185237	13.3204590386368	14.4596185634338	10.9372485571098	8.49053296324795	5.20189225186374	5.53547251822281	3.35595902835538	5.58213964354171	7.53152687042939	10.9794689306906	12.606027486881	8.56647728065627	10.7418345267464	8.33442799476965	6.15815995245333	8.15251666664963	9.2759915372967	5.06049503507315	5.31596407060845	9.02988626727934	8.91688314378965	3.47253956060979	8.75406796866462	11.3845580941906	8.12314834285328	8.29369405030111	13.2197076367066	14.0826424722067	13.964418963924	14.7021174325333	18.5060704094629	18.3368044653369	18.5324069942358	17.349413275382	14.0979875868863	12.6024071510168	10.8556906735592	9.25407774983548	8.64250600231206	8.042315649115	10.2790336121641	9.63678748338885	10.6339163998971	14.7199779211791	16.495116034754	15.8626634900952	19.7985284806725	20.9383837485132	16.7257479354437	15.8331595393971	14.260920692578	12.8431100205519	16.3095984622553	17.2830680725385	18.5489080271589	15.4246645992709	14.2770531973513	16.1432296644754	16.8259600617617	10.9101212642207	14.4945304511736	16.951525772036	16.4910344126741	11.3292394272519	16.7142272929382	13.0657728818467	13.5827588508373	12.4943406788834	12.6114754886175	14.3716427036021	13.0935175564094	14.8367598551705	13.5783464751788	16.2157703794794	18.7803222017089	18.6982716046163	16.2944728665888	15.5188078472542	15.2362577426348	17.3194536865341	16.90053650036	13.3535497527811	11.4786970079361	17.0092112397959	16.7531840555758	11.844623168341	16.7701788302928	19.236611811855	16.9001628690377	16.0709103040245	20.8325111784441	22.468796273944	18.5609341898515	21.5657346269493	25.9442401507541
22	34.7074358603455	31.7473223595314	29.4691959001259	27.1519651038373	24.145933405027	20.2865445554436	17.5877449094533	14.6246382861252	11.0136300101284	7.95883088148002	4.81416337487626	1.34026042245528	0	1.33372036049541	3.32453741143035	3.1295581157729	5.24836079171392	2.53678379055055	7.62177833579539	9.63620122247351	9.46409668167015	10.9901014099052	13.5834466907335	15.1561377006149	16.2441104711831	17.3866806780363	19.2604311737822	19.9921366041752	16.7069701023256	13.4162640477892	12.917259074587	13.1953658910998	13.2314372235219	10.4857596291351	10.5997811769866	7.95329126839952	10.1071203119385	10.5502145949739	10.4557198700042	13.1368585666437	15.8553613645353	14.3482842528297	19.8560676116899	21.2323534964921	24.4680082965492	22.7890227521937	27.1394183799137	23.6037173767184	27.5334914604015	31.0644516127357	28.9408606126356	28.7835658319118	25.3825533388586	23.4063558248609	19.9413213453873	17.7654927035531	13.7709327570793	11.355944478554	8.26055609508222	6.79529116373979	7.46524694836011	12.06451130382	14.5937056294829	17.670292187737	15.6043858257863	9.27634550887363	14.9547042097127	17.0558451564266	9.67582446099556	10.5024932754085	17.2082916351392	18.8245580559013	16.9255605815583	18.0963849704851	14.528085627501	11.9423737590146	8.30418623346081	7.40108140747013	4.13581443007299	5.78289036728175	6.83492918763611	10.2626145791411	10.7527043575093	6.48833299083825	9.49980015579275	6.97362115403468	4.86895286483655	7.06018597488763	8.51192228582945	3.46921345552562	6.21335255719487	9.37834750902311	9.06585688172938	3.87843177070321	10.2518748529232	12.7209133712953	9.47487588309208	11.179345284944	15.5521842838876	15.1664811014289	16.3987477875599	17.9842533623167	21.0620456271465	20.6131905827312	20.5867177325576	19.9969824973669	17.2215865122816	15.7805548064699	13.3556770700702	11.449203509415	9.79985387646163	8.9465574943662	10.9307019902658	8.98370597248151	8.30908262084329	13.8585767667535	14.8631894625615	13.681972262799	18.2848685529866	19.2528121062872	15.14925450311	15.6163097113242	12.4983698537049	11.9511750468312	16.1435510963357	17.5719273274163	18.6824639970214	15.5732900827025	14.595309314982	16.679463360672	17.3753585862278	11.2948266918975	15.3945768697941	17.994940566726	16.8315265499003	12.4543399664535	18.1208055560452	14.6902242664978	15.2519760686935	13.2509606066881	13.7027774556839	15.1492197818898	13.5814625869234	14.2202496813523	12.2606890915641	14.6334917569253	17.380754586611	17.9112408280387	16.4909590382124	16.605661113006	15.6528751033157	18.3822171132864	18.9445659754981	15.2834699266888	13.4180967726425	19.6351266102361	19.4516443006755	15.0889228906506	19.8495136968138	22.2236864178741	19.7674913178177	19.5283917412571	24.0847384457461	25.5568859214107	21.3397974217189	25.0885223558503	29.148898383987
23	36.1262634934752	33.4327406444641	31.1628146514399	28.891261135506	25.9553147929282	21.9331323800318	19.6373477078754	16.2713516955415	13.1119863483761	9.35633630220718	7.50098253564158	3.91466959014423	1.33372036049541	0	1.33749803738174	3.33650161096919	5.96960543084717	3.61513955470601	8.92106434233046	10.5675067068822	11.4047426099847	12.5707113959394	14.434079326372	16.4005166991775	17.8886939992835	18.8585266921889	20.2476828056941	21.0907162040553	17.3163221268259	13.1373377440028	12.479376426729	11.7125396477451	12.0856707716204	9.77962376576932	10.238564596661	7.18045611364626	9.19848482088219	10.5827299880513	10.3923282280729	13.545566101127	16.5780294968974	15.3360212897609	21.1434854979022	22.9615596377946	26.0994113726728	24.6449669101015	29.056999260075	25.6076483106122	30.1194263889603	33.1757968706104	30.8897754443117	30.6176117618602	27.1500002578269	25.0415413862645	21.8138329277548	19.2141478343433	15.3326890335649	12.6364231094088	9.37422855492653	7.37130476917079	7.20132342003885	12.5840230848485	15.3329378137394	18.3485979300872	15.6443249774479	9.10533239371304	16.2584534934907	18.340803199424	10.589142599852	12.8837172819028	19.2050737827273	20.3652629985473	19.0682889898386	20.422468533456	17.0249304844396	14.680595423892	11.1597087327582	10.7181305272888	7.25459612935138	7.66576343230079	6.23676310276413	9.42450083558806	8.21194769832346	3.9143074738707	8.96032828639665	7.61746316039664	5.18722025751751	8.37947050833166	10.6017232561504	5.23560369012018	9.87428670841595	12.7975602362325	11.3558610858006	6.74915979956024	13.7271990588029	15.6316526637461	11.8528475481633	14.3609214537229	18.7041925246721	17.3384512284114	18.6448160355633	20.6783782971489	23.9459351456568	23.9469261075404	24.1861944298809	23.4759422601096	20.425604275027	18.9656895999065	16.9127763539875	14.7445190833747	13.3067437790017	11.2965486322151	12.0511122723174	9.539483476583	6.27582098215046	13.3573251813378	14.0120317941403	11.5019456180248	16.5373629094847	16.6956575192473	12.5144526847961	13.7435922887722	10.408049240852	11.810994750655	16.1911629292031	18.0434219038407	19.991654083642	16.8606971979216	16.5398351261432	18.8516360563215	20.2979995566066	14.5816231606773	18.8167659548606	21.5638456681548	20.1919755843751	16.1747127949772	21.8627417310821	18.3538820689248	18.6411025425	15.0993625362132	15.7246725244121	16.289311464884	13.958132862242	14.5630729243522	12.9747344096132	14.6482302344003	17.2824226889635	18.3776847834541	17.5893878801964	18.5087070050828	17.0726396611655	20.3294502139138	21.083999003984	17.4280397922428	15.3352266693388	21.7258066593625	22.1992351219586	17.6761195402158	22.4182948058054	24.9271697952254	23.0362979881751	22.1333999647591	26.9617504253711	28.625079458405	24.813393681639	27.7789723712019	32.2560119822646
