147	148	149	150	151	152	153	154	155	156	157	158	159	160	161	162	163	164	165	166	167	168	169	170	171	172	173	174	175	176	177	178	179	180	181	182	183	184	185	186	187	188	189	190	191	192	193	194	195	196	197	198	199	200	201	202	203	204	205	206	207	208	209	210	211	212	213	214	215	216	217	218	219	220	221	222	223	224	225	226	227	228	229	230	231	232	233	234	235	236	237	238	239	240	241	242	243	244	245	246	247	248	249	250	251	252	253	254	255	256	257	258	259
147	0	1.32487659802716	3.27095429500322	2.98257221203444	5.40710292115842	4.94456064782302	10.5488560043258	14.0135256092106	16.6055641879462	19.8264546755087	19.985287538587	22.0519534962325	20.0978013971678	16.5786367955873	17.7020717714057	18.5751677515978	16.7584635632268	20.0099114940571	17.9430190882137	16.0360667559099	16.2367954350604	17.9295470383387	16.166259029225	18.8900107464236	18.4140629139796	21.0613991463056	22.5832689839182	22.5105453065891	28.7343563352305	30.82028818814	26.8331329702664	26.3123604034302	24.1276541959636	23.8350345500064	20.3200410924781	25.0840329492687	24.832914387965	22.2044413124942	24.5363250915861	29.6267266838576	32.4582706871454	30.9608203056702	26.3639254474746	28.8356993672773	30.5828214525737	27.6572074693017	23.4065620927124	27.9884695901723	28.863458334025	22.8767939405853	23.5552334100089	28.3617002311215	27.7937637069901	22.3709791694508	27.3149447189629	29.840715892887	23.5898214067	25.7270278306687	21.9682016105097	21.081869390545	21.9969656316502	20.8905145460805	22.8502031938449	20.9617350903975	24.6812268333647	27.3037734571616	30.9875982612399	32.4554353691335	31.2326449248219	33.5958449960706	37.6713950365526	35.5774639484042	35.9412249234775	31.4535874424524	36.6218460211934	34.9461345501902	29.6193203669497	34.5151945960036	36.3007700744764	28.4511862318604	32.447522586478	34.9028276934692	33.393742677334	30.0559252893668	29.4667142722089	30.2423498756297	27.1424646080639	29.0122909471141	24.0221779820232	28.4707828835106	29.6982743438066	31.9839718921837	33.1775802915161	32.6951886674477	35.7002526321593	37.3372541706002	37.4275380034541	37.9603737204997	39.9059910915642	43.4192862562249	41.2983378479086	41.1217619393917	40.2066376236561	37.1102361215878	34.4985077938162	29.7007033250056	30.0915142523602	24.7635688058083	25.3161837171403	21.2213093375503	25.2400115689355	25.26322841602	25.1575792953137
148	1.32487659802716	0	1.32310959485599	3.07160576897493	5.56067136234466	7.04409177964058	11.6943669773101	15.2288995006205	17.6773637457626	20.8936365671465	20.935439952387	22.7930244811872	20.2375260592791	16.6821091592161	17.1111785976303	18.4110934221735	15.2581263921885	18.3906701889844	16.6847407531553	14.9517714335125	16.2259537161919	18.1088394161526	17.1633256975448	19.8365911133944	20.3601426812289	22.8189517068598	24.5402441715644	24.4365620536114	30.7190933785488	32.8786446496811	29.0845280346785	28.9736185865694	26.7733039238716	26.825787779672	22.9403397097776	27.6518510591967	27.6602170815776	24.7941326123743	26.1545902854547	31.5088967912239	33.8587055865992	32.1598145827988	27.7651290110455	30.3480008237775	31.4311724248396	28.3582522204737	24.3979201777529	28.8669424428705	29.2319854098212	23.3169216879073	24.0941844643059	28.6066916647137	27.5137078017486	22.3782531266406	27.05516196588	29.4217300137161	22.6335848243269	24.7914590333042	21.4118343445862	20.8773404675979	22.1694348597342	21.618346907199	23.5817302376225	22.5671595244063	26.3869510364498	29.2635918164534	32.7882698079664	34.4210965833455	33.4278105325491	35.9679612294053	39.7724064522126	37.7498395360828	37.8173485850079	33.2001315660044	38.3135079704273	36.0581243133916	31.1399915863829	35.8164442260814	37.1665256514515	29.1706562661864	33.3732680599308	35.5625207767953	33.6022411306151	30.2721132397459	29.771349599909	31.1671718479556	28.5712572702008	30.6966191135115	25.696296153337	30.4109220018072	31.7805136522366	34.15927371886	35.1772941114009	34.5460297139918	37.7314266494126	39.5434512150874	39.1963688879468	39.6964712033702	42.0300182488659	45.4272028194561	43.5444890428169	43.3158768351744	42.3605354309881	39.2575108482441	36.5503880553955	31.7395056829813	31.8905647645193	26.8168232831557	26.9005304966278	21.6501110620708	25.8171633027333	25.5038333393237	25.0984330387377
149	3.27095429500322	1.32310959485599	0	1.3300003759398	4.09049373547986	7.38897638377603	10.3859353935984	13.896680215073	15.7868370803021	18.3370556524214	17.8498394670653	19.7891804276984	17.7871016750903	13.6440895995299	13.9393078020395	14.8209235204828	12.2894949448706	14.9548098282793	12.8631920222004	11.2330422415301	12.08734317375	14.0320650297809	12.8676034676236	15.976152071134	16.2907455323567	19.2902771623427	21.7771762632349	19.9622690844503	27.4456941249443	29.4087220735618	25.7057275524347	26.5489787750866	24.615712278949	26.1015969051704	20.7466334859418	25.5124971141596	26.9012866049191	23.4804130287353	23.1798452540132	28.7196583196945	30.595749459688	28.9645809394854	25.0084558899585	26.8296713546775	27.8490332507252	24.8336447184057	20.8070869657432	25.187351329586	25.4723884628042	19.7102572281541	20.1734772411699	24.6431083469598	23.6069486380599	18.4319902886259	23.0138143296586	25.4190982924257	19.0930592886525	20.8340735815155	17.3916929883206	16.7362412148009	18.0422960290535	17.2093354026238	18.7630584127428	17.1865381330854	21.3891886007861	24.5687815733707	27.695287126152	29.4492056599155	29.2212538060912	31.9359548315061	35.2624052639635	33.2090138516638	33.3665631433625	29.1226269762877	33.8690802207559	31.9637772017013	26.6703537659327	31.1128192390211	32.6583125865376	25.200080376856	28.2976252537205	30.5993644705245	29.0115022878858	25.9129703816448	24.3044607222625	24.9303071982677	21.7734135587418	24.1491329243929	19.3719619553622	24.2325560558518	25.5174369010682	28.045308145927	29.2235520941586	27.9907459886299	31.2624428508074	33.6092893260182	32.8746013511951	32.7990347418945	35.4607409680057	39.0156107987559	37.5032362070262	37.6837851071253	37.2045585378996	34.3415083244752	31.3618837603866	26.7463874383065	26.4451752310322	21.505376281293	21.2296073680132	15.9961018063777	20.7730818368387	20.1625583942118	20.9205611062419
150	2.98257221203444	3.07160576897493	1.3300003759398	0	1.33850289502862	3.64950544594744	6.62026472280377	10.0710062059359	12.3222045917117	15.342211737556	15.2423582821032	17.3533402260199	15.8831811989916	12.222286447306	13.7015244042406	14.3624952219313	12.9854929440511	16.6785763780966	14.6999075507297	12.5027040675208	12.6694742984861	13.9978884479053	12.1599676397596	14.7161214999062	14.626450047773	16.8641826958795	18.3047483184009	18.7928797154667	24.8363129509998	27.0975717177757	23.4413826810621	23.6175059436851	21.3391373302671	21.7806941349444	17.506584504123	21.9075174312381	22.1274594565214	18.8590178694438	19.8672122100711	25.1133899145456	27.7471635667504	26.1957503805484	21.6626066067775	24.3393751152325	25.8713720934936	22.9470375647926	18.7471280733877	23.3412035679397	24.3072600060147	18.275397095549	19.1624193409914	24.0138241436053	23.6837190280581	18.1718931594922	23.36834339443	25.9493190084056	19.8054706078901	22.3096459183018	18.3733750301897	17.5399146235094	18.2473930466793	16.936025035409	18.8773423447264	17.1694480400507	20.7962346111021	23.6642811638131	27.1869990620517	28.8936563452949	28.0307288167825	30.6835215384414	34.2207842399908	32.0664077501674	32.0579628017752	27.3353087964998	32.5894270277954	30.5331042313094	25.5757548666701	30.4511214571812	32.0520933169739	24.1832072314654	28.4517647958787	30.9050782073109	29.5743709823218	26.2115414464697	25.6638048815837	26.6375181651745	24.0242898126042	25.9080441176095	20.8263945271379	25.563244199436	27.2250795591124	29.621770473758	30.1705893545353	29.8672140314426	33.1929304822578	34.7426552381939	34.1841772900855	35.2549116436278	37.8355627551646	40.6939004397465	38.9840726066428	38.3381551329743	37.1295509668512	33.9722707660233	31.2382673335126	26.3984330216776	26.4509447468328	21.6748655820515	21.5585153941546	17.4998836853277	21.299455885069	21.4255216272556	21.5007167554944
151	5.40710292115842	5.56067136234466	4.09049373547986	1.33850289502862	0	1.35044622255016	4.02226727107984	7.4792396003872	9.60778564498605	12.6001286501369	12.7954314112499	14.6568255089566	12.4172297232515	9.066607800054	10.7061820459023	11.7090801517455	10.1310797548929	14.5511578233486	13.8748119266533	10.7803544004824	12.0859166387991	12.5933479662876	11.9675867659274	14.1204568622973	14.897848032518	16.5001519083916	17.6006230571534	20.163494464006	24.4222814249611	27.0393279132452	24.4221501715144	24.9282481133352	22.0894960331829	21.7641252982977	18.2126208987065	21.5707795640306	21.545358502471	17.9906240025187	18.4377621744072	23.7842725766419	26.1106756136259	24.1691198226166	19.5966017972505	22.8030270359003	23.8672198003873	20.7100168517556	17.1255481664092	21.5969587442306	22.0901904473456	15.951151557176	17.6254893832767	22.1488216616596	21.4330603507758	16.2019873472362	21.5163960272161	23.9491338883059	17.294697511087	21.076677869152	16.6156999551629	16.4470511034653	17.3527486583538	16.5573474626825	18.6601663443818	18.6235511382765	21.5723999823849	24.6271679654807	27.9797909391761	30.2797010223021	29.8992841720333	32.7724457891077	35.5390776892142	32.3084370869282	32.0126275397694	26.7393934112201	31.9967895420775	29.4992073961319	25.1189831800573	29.8477717928826	31.1151830622929	23.063803914359	28.0435413241623	30.2216392010758	28.4219115120711	24.966102399053	25.914611110337	27.5033687027607	26.0629144187675	28.3330530829277	23.3867235841193	28.4532825698548	30.6707186091229	33.1582857970674	32.7740490785011	32.6415834327932	36.3909140995386	37.8415380501374	36.2058297239547	37.9325104626625	41.4919786705816	43.4409359935994	42.375381933382	40.7200138875222	39.3008233119867	36.1651654772932	33.2291487853662	28.6110944390459	27.9225940234786	24.5137176903056	22.8430408877627	18.4953008356177	21.1872789427996	21.7292446946506	20.7847371164516
152	4.94456064782302	7.04409177964058	7.38897638377603	3.64950544594744	1.35044622255016	0	1.32549839683041	4.64513605828721	7.35707027287357	10.7658114417818	12.0214197580818	13.9477869212288	11.2514438184617	9.01175177199196	11.38246625297	12.7882132450159	12.9222499588887	17.6025375727479	16.5506562105555	13.1266322413633	14.3410055784105	14.1037877536497	13.2525413034633	15.0885491018852	14.4418748782836	16.1417841950634	16.6859119618917	18.8880845508484	23.4068439991384	25.8063856051172	22.4220425920566	22.0402398580415	19.438760299978	18.5957593552939	15.5027507881666	19.4091840374602	18.894098628937	15.8097995559716	17.7257909837615	22.6966102755456	25.5105677906236	23.4078076931608	18.3167571365676	22.2365301474848	23.6668389101714	20.6305304827578	17.4536175619841	21.8452503991142	22.5006911449404	16.3435863261403	18.6947459463883	23.1062683486538	22.3366390712658	17.5337633153867	23.0177459365595	25.3866741815465	18.6451282913259	23.2868940393518	18.6065700493132	18.6391531191736	19.2855180381549	17.9113198006177	19.6039705672091	18.2287945295349	21.2113522906957	23.6880164007035	27.3792805968309	28.9832227849147	27.6124640877992	30.0567357841799	33.8174488393196	30.6229096102901	31.4339015395798	26.5435111844684	31.9217796653006	29.9784940415625	25.2652930717219	30.3091672435915	31.9593829258326	24.1440792949328	29.0140885950257	31.4638288515559	29.3701550898187	26.3084845059536	27.224043711396	28.3474254739297	26.1836978480886	27.669535052111	22.6050675955636	27.060165890105	28.9126481837966	31.1583790977644	31.2747741798402	31.6021378707201	34.8865619974224	35.7904611453946	35.4545424593239	37.2667872642652	39.7441766426228	42.0986712973224	40.2753658083946	39.0700169055505	37.3678584481369	34.0611564542368	31.5593711280818	26.7114759232806	27.027253578564	22.5500731262672	22.5787592218882	19.6296759015527	22.5518087301218	23.4295183475888	22.8561642013703
153	10.5488560043258	11.6943669773101	10.3859353935984	6.62026472280377	4.02226727107984	1.32549839683041	0	1.31636203226924	3.86955359182426	7.36959659682944	8.44057302557119	10.1043701436557	7.78517308735009	5.08306934833671	8.01932428574877	9.39831101847562	11.3959271671944	15.5000498708875	15.6227255304572	10.8470233243964	12.7008548924866	11.0950540782819	11.1447484942461	12.0886200204986	12.7392655989268	13.581778270904	13.4642228888265	17.7772088079091	20.5138489318802	23.2088425389979	20.9908745172754	21.0713519737106	17.9476575908947	16.5482552554643	13.5355770471746	16.5764845790656	15.8339497599304	12.2298700728994	14.030735048457	18.8137754318478	21.8902671294802	19.8571978133875	14.57580261941	18.6447747908094	19.9803169144036	16.8254270673882	14.0243183791584	18.2516552947945	18.6968206388145	12.576212227853	15.3552378685581	19.5138817512047	18.6014062102842	14.1719031890569	19.6748396689783	21.9754173111684	15.3025233866837	20.5260941486684	15.7563748686048	16.1046097127499	16.394118152557	15.7816426584814	17.5795229173035	17.8056104079585	19.2596624321404	22.4455257456804	25.8072996068942	27.8680385029159	26.7355496857648	29.654002444864	32.4537264578353	28.0229857260071	28.8209068906584	23.5493881449179	28.9076551280106	26.7115353545992	22.6786970966147	27.5298432069636	28.7139852510932	20.911011285923	26.2168075096874	28.4083459919792	25.7970050587273	22.934103361588	25.1987723708914	26.92827506544	26.1989694835503	28.2349126614552	23.4996243799768	27.9755258931803	30.402569858484	32.6427849761628	31.6490145660177	32.3690352188631	35.9847953863851	36.5739849893336	35.2261433313384	37.9574314989832	41.2898880356922	42.5144045942078	41.3638691613829	38.8702403002606	36.9459345666069	33.7103059019048	30.9483069165342	26.6211786553488	26.2427936584503	23.4182934689956	22.0045070610546	18.941141069112	20.3483576978586	21.4848448214084	20.2060077452227
154	14.0135256092106	15.2288995006205	13.896680215073	10.0710062059359	7.4792396003872	4.64513605828721	1.31636203226924	0	1.31872097124449	4.55837668474205	7.12752979650034	9.36659116221051	7.754826432616	6.45284774343855	10.2239745696084	12.3518636650507	14.7239512699547	18.8571778111148	19.1916055086592	14.3094277313944	15.9331285691166	13.9044212393037	13.393646030861	13.7646894625342	13.7284001617086	14.1003585060806	13.4097879923584	17.9612051377406	20.2489468861963	23.0610962879044	21.3221139195906	20.9468548713166	17.8011244869531	15.0090396095153	12.9713506621323	15.8257662373738	13.8848010068564	10.3126769560575	13.0565202102245	17.2720661184469	20.3484042126158	17.9697232866842	12.3936045604174	17.2914147772818	19.0591360244897	15.8030405618666	14.4237934677393	18.2186455314329	19.158735187898	13.5533533120036	16.9712064980661	20.7901712595159	19.9323980243221	16.5657444746682	21.9679519755484	24.1391782793035	17.6756014324831	23.7391320397356	18.9643033618427	19.246891619168	19.0348761487959	17.9506159782889	18.4718701273044	19.0302146598508	19.7399016461582	23.2114004963078	26.496534301678	28.4477113490699	27.0949202988309	30.0417250669798	32.7386485518263	27.5541861247978	28.6975696183492	23.3725497539314	28.5995350137026	26.3081427888781	22.9576582865065	27.5945302732262	29.1193081133464	22.060912515125	27.0729731651328	29.4632921785737	26.6350059508159	24.5959642827843	27.2297959044867	28.7501391127069	27.6554389768089	29.75581553243	25.1799676131642	29.4405799874934	31.9487358278853	34.0946233884465	32.8281557203569	33.8228745378035	37.4050753240787	37.6995458460709	36.3389101239979	39.4290758831601	42.7094725909838	43.6666000164886	42.5629791602984	39.6824796856245	37.5704190820385	34.342820079312	31.6504134254199	27.5388058927761	27.1905114332188	24.7695852609607	23.2983888713361	21.2747229359162	22.4021986420976	24.0546297830584	23.1189804273458
155	16.6055641879462	17.6773637457626	15.7868370803021	12.3222045917117	9.60778564498605	7.35707027287357	3.86955359182426	1.31872097124449	0	1.31994734743473	3.46657294745113	6.00850405675156	3.29689808759689	3.84446966433604	5.56681461879233	8.97993914233277	11.4866037191156	15.1911759584306	16.9064253465953	11.465081857536	14.8376876230766	11.3568952623505	11.1899235922324	10.6255360805938	11.4533838231328	10.948413355368	10.4183850475973	15.116518448373	17.0081617172462	20.0384003603082	19.0431779910812	19.4781354857183	16.5179777212587	14.7952098329155	11.8738647878439	14.043026027178	13.1883324192257	9.43155384865081	9.58483766164037	14.1857131297655	16.8394416178209	14.501880360836	9.17495008160805	13.7091447581532	15.4072458603087	12.3860196189091	10.7926928521106	14.5116048733419	15.6956108833011	10.2555695600001	13.6367721620624	17.3873154339593	16.6054860211919	13.7067769004971	18.9865929803112	20.8453207459132	13.4577173027226	20.4119252889089	15.5158847636865	17.0881340409069	16.1155475550786	15.1905785274952	15.0616271697317	16.0366341231569	16.3678388310736	20.2003127946079	23.1634805890652	25.2932702709634	24.7190610258561	27.9322659481826	29.7017030824833	24.7912237697133	25.3203778210358	19.8810905887982	25.0487826051487	22.643938283788	19.446136917136	23.9707126719253	25.4250607472234	18.5120126404451	23.4466174319453	25.8757241251332	23.0474578858494	21.2125747140699	24.0182276198724	25.62929583504	24.9670005607402	27.2024112717972	23.1512498798661	27.3255982185203	30.0875984252648	32.232856683825	30.3650186069431	31.4471732592931	35.1799795053948	35.5018615990767	33.434526779962	36.8489113679088	40.508179186431	41.0213124485309	40.4102137707783	36.9405560326317	34.9018098957633	31.8985773507221	28.9944473649697	25.2564240144958	24.3420568974768	22.9752095964324	20.598076366496	18.9719929896677	19.3003059561241	21.1063661012501	20.3109218402317
156	19.8264546755087	20.8936365671465	18.3370556524214	15.342211737556	12.6001286501369	10.7658114417818	7.36959659682944	4.55837668474205	1.31994734743473	0	1.32622358597636	2.96716025856374	2.82903287361601	3.76349651255318	7.13667499610288	8.48635999707766	12.7130192715971	16.2367805306348	17.5860636016136	12.4151498984104	14.427257085115	10.2499651218919	11.1413687220197	9.68774339049089	11.7757679155119	9.70789657958921	9.287836023531	13.3368845312539	12.372680469486	16.7777804849152	17.4380479985577	18.4442291516886	15.5056473260551	13.5973680173775	10.4099994236311	11.1772169613012	9.89410218261365	6.09982737460661	6.05914944526046	8.45110057921454	10.6966193724934	7.94952696705912	2.72121259735435	8.10680609118044	9.36718004524308	5.70859851452176	7.15422749149061	9.80911795219121	10.8039602924113	7.70456656795176	11.1493203828754	13.8144704205409	13.3302526982799	11.5875736890861	16.5286438645159	17.8757335513819	12.7215954188144	19.2886834439264	14.9034809692233	15.7551768634947	14.676971281569	14.482540281318	13.1777079190579	15.0512798459134	14.0958238851087	18.4500598915017	20.2102816902684	22.669835773556	22.5985896905095	25.6700905530152	26.2287118440842	21.0345802192485	21.0620840849143	16.0231159890953	20.4122276589303	16.9278635686846	15.8505936166441	19.9073206886311	20.9319624736908	15.076587511768	19.6320883759217	22.2086074304536	18.4383449365717	17.8978819137908	22.2190559880477	23.2948145946689	24.0226373656183	25.9360665676197	23.0843734591173	27.0740068885269	30.1195003278607	32.0854040491935	28.461073064802	30.6203377022527	34.3913792831866	34.391421575736	31.4307181273352	35.4340522238143	39.0741967799723	39.1890154380025	38.5249073457679	34.661824259551	32.4758293042687	29.7585940864148	26.9563535553309	24.236053247177	22.7003999303977	22.8275363103424	19.8414332395621	18.5883088257108	18.1172338120365	19.9116905610749	18.7816000649572
157	19.985287538587	20.935439952387	17.8498394670653	15.2423582821032	12.7954314112499	12.0214197580818	8.44057302557119	7.12752979650034	3.46657294745113	1.32622358597636	0	1.32651535988093	3.20290430703135	3.46952705710736	6.12374076851725	5.77427268147254	10.4085322692491	13.7261842112074	14.9517088655444	10.1036357812423	11.8290103559004	7.31791295384142	8.12221675406413	6.13465418748278	8.58869233352785	6.57516364815355	7.10035020263085	11.1359150948631	10.854918055886	14.8034165651042	15.7082882899443	17.3653723541996	15.0191390565505	14.1742955380505	10.3914642375365	11.2528109821502	11.2270325999349	6.91537171813635	3.89047297895771	8.22153623114319	8.95260101869843	6.58003047105406	3.9178321811941	5.94766483588308	6.64340093626753	4.16837666244307	3.60399805771313	6.02648031607173	7.21774383031153	3.93063061098343	6.91867581261039	9.66756748101611	10.2003950413697	8.18974889724954	12.7430668992986	14.4654840914502	9.88903923543638	15.9846464458868	11.7201833603404	12.5803240419315	10.8595322643289	10.8971079649602	9.45992780099299	11.7759974524454	10.9177719796669	15.3318559868008	16.7696794841166	19.7310831431019	20.2009455224254	23.3722913938707	24.0789738361086	19.7751262195719	18.6460583502251	13.103115736343	17.2932838408441	14.332680454123	12.2572531180522	16.4507787961543	17.3654337406239	10.8507266576944	15.776603183195	18.2376845569826	14.6227755915216	13.6358094369201	17.9789009953334	19.2262686187414	20.2963816233338	22.4066976370906	19.65902235616	23.8117256409526	26.8536267196816	28.9101903487334	25.2225188670759	27.2873636139514	31.2084645088476	31.4302751181087	28.0425238521785	31.6777635100712	35.795127238215	35.961677672211	35.64346170057	31.792990815587	29.8938201807665	27.2074184368896	24.227745272724	21.4436247169176	19.5520249846404	19.6364483041104	16.3479982260826	15.0844496419326	13.8335883269671	15.5196392354977	14.8954666257892
158	22.0519534962325	22.7930244811872	19.7891804276984	17.3533402260199	14.6568255089566	13.9477869212288	10.1043701436557	9.36659116221051	6.00850405675156	2.96716025856374	1.32651535988093	0	1.33289647009812	3.29954709013222	6.03950834091651	7.10415096967963	10.8438108615007	13.9668663271329	16.2286093366006	11.4923817374816	13.8499519493751	9.19297998474924	10.8190411312648	8.58719500186179	11.6846421425733	10.0592668718948	10.7822673867791	15.0367287333382	14.7483078690404	19.1169225033738	19.5510778475254	21.0495143174373	18.5597969008284	17.2443823316464	13.7213775547501	14.2512806442088	12.671507921317	9.23093976797596	8.09830883580021	9.92546150060541	11.6417666185163	8.19067097373592	5.17341850230581	9.59420184277985	8.8296802886628	4.41153612701972	6.68101152521083	8.9279257949425	8.53235547782673	4.86697801515479	8.70666164497047	11.281580607344	9.88335049464502	9.28547990143752	13.4966095372134	14.544006394388	9.04795993580874	16.1819811518862	12.117827693114	14.2388453534688	12.8144308106135	13.3224247417653	12.5325990919681	14.7567997546894	14.4438107506295	18.8781483731853	20.5323677640938	23.6128221100317	24.2519581477455	27.477736460633	28.3757966055581	23.6247381784434	22.8189494499637	17.3198505767226	20.9561825244962	17.171383083491	15.9641604226467	20.11577015677	20.3108513115526	13.6202086254213	18.9294556181629	21.2694489820493	16.5179866811909	15.5625243774909	20.9011239171486	22.4874620399902	23.2163945951993	25.4631247493311	22.5630930060575	26.7581319788957	29.8207972059769	32.026284283382	28.9505355045464	30.2565000454448	34.2713996942056	34.9603040604626	31.5224416566991	34.8411686514675	39.1368492088977	39.5070738222916	39.4228385583788	35.6309268613658	33.9167563749837	31.2057613590824	28.1213223551098	25.0304306594992	22.9942052047902	22.6369766974302	19.2462912011639	17.6554899393928	16.5593990531058	18.0748047015728	16.336153953731
159	20.0978013971678	20.2375260592791	17.7871016750903	15.8831811989916	12.4172297232515	11.2514438184617	7.78517308735009	7.754826432616	3.29689808759689	2.82903287361601	3.20290430703135	1.33289647009812	0	1.33574960228331	4.00159143341745	7.0143454434466	10.2848387930973	13.7765157423784	16.0520222713526	10.6448222624899	14.4354304750499	10.4654715135057	12.5818186284813	10.7255307094801	14.0010108563632	12.7114984561223	13.258953993434	17.648997025327	17.8135575615877	21.7757085992626	22.1173403012207	23.3701939658189	20.5960911097227	18.410778174754	15.4648472996018	16.698206161142	14.8280788371252	11.6625980810452	10.6689889399137	14.143116382184	15.4474483977128	12.3376481551388	8.71630586888733	12.7310575365914	12.493093892227	8.92464621147528	9.61461912922193	12.0017994484161	11.4468191651655	6.88025064950398	11.0572100459384	13.7196200384705	11.9192790889382	10.710955606294	15.2099944444434	16.6624126404312	10.4344329026546	17.8653936984327	13.0836183450909	15.4612982960681	14.4766793499062	15.3982436011384	15.1202127961216	17.3715397129903	17.1762682210077	21.5969064682885	23.2189135189397	26.3650916744092	26.962973222551	30.1882781556021	31.0846289024013	26.6924937388772	25.6426024225312	20.0382067311424	24.1075784972278	20.92908029513	18.6854815565454	23.0557451408537	23.3955153394833	16.2741911626969	21.7617987537795	24.0407717222222	19.4809668394564	17.9287917607406	23.1173386444028	24.8685907521918	25.6711384048312	27.9136085986746	24.9199217695401	29.2932885828819	32.331061798215	34.5874995048789	31.6680046892759	32.8092924641785	36.86740574003	37.6449865320736	34.1782717380502	37.3161676220911	41.7805035034285	42.1919919534501	42.1613413804637	38.3777846416387	36.6652182319975	33.9428984767064	30.8599723914329	27.7003170378969	25.6947933636369	25.2429340806492	21.7748768538424	19.7399612461626	18.7587269823941	20.0704002451371	18.0279079207766
160	16.5786367955873	16.6821091592161	13.6440895995299	12.222286447306	9.066607800054	9.01175177199196	5.08306934833671	6.45284774343855	3.84446966433604	3.76349651255318	3.46952705710736	3.29954709013222	1.33574960228331	0	1.32280232839226	3.38504505139887	6.70154571722076	10.1322369691989	12.1108700760928	6.76099060789172	10.1380823630507	7.30169569346737	9.54159808417855	9.18570138857126	12.2686813472353	12.4538741763356	13.0700118592142	17.5690289145416	19.4251471551697	22.4745309628477	21.7140059178402	22.938849600623	20.0527946431414	19.0935435422553	15.8481870256506	17.9515426913678	17.3310473139969	13.6725572224072	11.8276738203249	16.886521015295	17.6060041463133	14.66397810964	11.2284585317843	14.6459686603516	14.3303436804565	10.8252283116801	10.0735473394431	13.1007804729337	11.570724005005	6.40057106827195	10.3539629611082	12.7007852119466	10.3260980529917	7.42766672650301	12.5983494156973	14.3112564787303	6.9968745879857	14.1681723944904	9.27734385478947	12.0503987485892	12.0744310839062	13.2220878079069	14.7553246660316	16.0849040096608	17.2603885529846	21.2956662257841	23.4927105715794	26.5774204542126	26.9176426902506	30.1942081366609	31.8272245255536	27.7316693511227	26.8784818767727	21.162722461914	25.6023150711025	22.245706754338	19.3606775191366	23.9364208477374	23.7765784123789	15.8736671566466	21.7732026583137	23.6817992137422	19.1137687021686	16.4980080312746	21.7637347208608	23.9538030592221	24.1881701870977	26.4471272731085	22.8070590168921	27.8602279603021	30.6972111599735	33.1072438146095	31.1940111079034	31.5026493171606	35.6722172285379	36.7798987219921	33.6994053063255	36.0860746826251	40.9598228755936	41.6692911866761	41.569966057239	38.2606119789007	36.6632238762496	33.8101547171852	30.6478813133959	26.8969176858613	25.2347468582508	24.1647234000309	20.6253762389926	16.6962112468668	17.300104103733	18.1906168394587	15.1517004656243
161	17.7020717714057	17.1111785976303	13.9393078020395	13.7015244042406	10.7061820459023	11.38246625297	8.01932428574877	10.2239745696084	5.56681461879233	7.13667499610288	6.12374076851725	6.03950834091651	4.00159143341745	1.32280232839226	0	1.32471166674111	3.91655703392661	7.52806150346821	9.61484274442385	4.17347756673017	9.33122382112871	7.44968818139389	10.8024842976049	11.2042507112256	14.9358606715515	15.9164269231508	17.0350765774622	20.9633198945205	22.6618875206811	25.9608505638779	25.61367214985	27.2058368185946	24.4120567138453	23.529238087962	20.1789273253065	22.1828455117913	21.3945362417604	17.5898523586755	15.2989215306178	20.0737439955779	20.5058621130642	17.6276027581745	14.631574283036	17.0953516781609	16.5584899371893	13.0094732406812	12.3712753586686	15.2975577462548	13.3064010536283	8.17795506223895	11.7434118125867	13.8948130609951	11.3025214885883	7.51357930682839	12.7318935355272	14.2181741795492	6.41138900707172	13.0282555240523	7.97044478056275	11.2040825594959	12.3078947834307	14.0008774367894	16.3533442145636	17.8926029688249	20.0701894609892	24.07508907564	25.5130960292944	29.3589226641578	30.3670061086041	33.651304358078	35.0231143817908	31.3506493872137	29.6116808033587	23.8276019355704	27.7323659466696	24.2426706862095	21.2763826577734	25.782404193558	25.4079532036723	17.2920458592961	23.2002945886469	24.9047627774287	20.4470204430866	17.2872901288779	22.0648224330041	24.4728356550687	24.9632397737153	27.5278723115318	24.2954698246401	29.5958701679812	32.4365164899069	35.064183335706	33.0705838321612	32.9025831660677	37.2266356390152	39.1742012043641	35.272752600272	36.8878880528555	42.4231394642122	43.3261956095847	43.7324914222823	40.7408080553148	39.6849510394053	36.9899835901559	33.6679962427229	29.965735148666	27.5795686151905	26.1919617058364	22.3222237467507	17.1807909305713	17.9926017295999	18.4371144434263	14.9181683192006
162	18.5751677515978	18.4110934221735	14.8209235204828	14.3624952219313	11.7090801517455	12.7882132450159	9.39831101847562	12.3518636650507	8.97993914233277	8.48635999707766	5.77427268147254	7.10415096967963	7.0143454434466	3.38504505139887	1.32471166674111	0	1.33062917448851	4.29524050548977	6.86239797738371	3.46100216700309	6.41872370491207	3.86836166871713	7.96977496545542	7.88829842234685	11.943681090853	13.4338604280378	15.2831871676035	17.8650826194563	20.7698359165401	23.5732311319429	23.1829063104693	25.466178138857	22.8658760820573	23.0499585032164	19.2053149154082	21.113195328988	21.270846645115	17.3463938039006	13.6514736567156	18.7693969535518	18.7638795828581	16.3739450041827	13.9939695940787	14.5762562065847	14.0205683550989	10.7049613731204	9.47714967698622	11.9701977009571	10.2658169670026	5.23338571099052	8.20566280077361	10.5024862294601	8.2981582293904	3.8766027653088	8.66567054531847	10.6205346381432	2.62890205218832	8.64887281673167	4.03307388972728	6.89669196064315	8.18881078057124	10.3477817429631	12.9422606216997	14.572476556852	16.7799993146603	20.7217855408263	22.0530090917317	25.9294937474683	27.3588971268946	30.6197446919467	32.106185774707	28.6002774287243	26.6092099845147	20.9102818249779	24.4045689574719	20.8567141467682	17.8834052685723	22.333298659177	21.8750576913525	13.722044344776	19.5955792463504	21.1060384013675	17.0650033108699	13.409256317932	17.4985975152296	20.3176703635038	21.1902372332166	24.036994778882	21.2158571356427	26.4129870518274	29.3384483229771	31.940724490844	29.6574502781342	29.6106353359735	33.9587153025552	35.8802574266127	31.7972594731055	33.0139176863334	39.049728859494	39.8951458952088	40.4348598859944	37.3033691909994	36.3165176331652	33.6791254933972	30.3388130453385	26.7862390230506	24.1801532046428	22.8645121093803	18.9792476405151	13.8278409377603	14.2447969799503	14.2756058015063	10.288019877508
163	16.7584635632268	15.2581263921885	12.2894949448706	12.9854929440511	10.1310797548929	12.9222499588887	11.3959271671944	14.7239512699547	11.4866037191156	12.7130192715971	10.4085322692491	10.8438108615007	10.2848387930973	6.70154571722076	3.91655703392661	1.33062917448851	0	1.33239971480033	3.35092061977004	2.65844014414468	5.84421312068614	6.44274250610716	10.5113785014146	12.3848598296468	16.3274183201142	18.1838431031507	20.269127287577	22.4057166366086	25.6462990897322	28.3997857914457	27.9663255720161	30.3476663682729	27.7194374762548	27.9300586823587	24.0779277762851	26.0874873454689	26.1874448925434	22.250242268344	18.601240872587	23.5445384962203	23.4710226023495	21.0431206335942	18.7355548089722	19.2057963125719	18.4862759364887	15.2545068422417	14.149101208204	15.9485617533369	13.9792686861652	9.52742110961826	11.8376735890123	13.1465193492422	10.4323558700804	6.91168937380723	10.5661251648843	11.5022871203948	4.41015850055301	7.97245689859784	4.42672520041623	7.66895775187216	9.97146879852713	12.2748199986802	15.4772323753312	18.0215264614294	21.2660935293721	24.7932128817546	25.5039690048432	29.8519610913588	31.9029290974983	35.0685183034585	36.634895195701	33.0288621057402	30.999804918741	25.3913918681115	28.378951548639	24.884548539204	21.8149120786677	25.8652270239409	24.8600182823746	17.0154076648196	22.1981999495455	23.2683705918571	19.5996169860536	15.7048599484364	18.343643858296	21.9705158792414	22.835032931879	25.7925295579941	23.3171207699407	28.8519345278614	31.5815408268818	34.3605122779041	32.3373142669579	31.4880270896733	35.9589228982182	38.1817643122997	34.0427755772058	34.449866821223	40.9140131128688	42.0423558450285	43.0012495981221	40.4667420729665	40.0511267007559	37.5934399995531	34.1882792488888	30.6532820754972	27.604350454231	25.823054873504	21.903357368221	15.0430696335555	16.4191608798988	15.7637171377819	11.3897725174825
164	20.0099114940571	18.3906701889844	14.9548098282793	16.6785763780966	14.5511578233486	17.6025375727479	15.5000498708875	18.8571778111148	15.1911759584306	16.2367805306348	13.7261842112074	13.9668663271329	13.7765157423784	10.1322369691989	7.52806150346821	4.29524050548977	1.33239971480033	0	1.31943813799664	3.24598120758578	6.75448066101311	8.51180098451555	12.3371662872801	14.7204189478425	18.5912700211686	20.5431399985494	23.1789158935443	24.5673285890021	28.1360812836472	30.7813729388408	30.4456045596076	33.1395156723812	30.6217724666617	31.1331712005057	27.0532268130809	28.9764484538737	29.4628208595172	25.4633309682767	21.3979777315521	26.2105401317867	25.8375935992499	23.5671488517385	21.3396859161516	21.3659771833633	20.1423256601615	17.4830704969122	16.4483461174673	16.6447027308991	14.4031151491613	11.6913470566911	12.0693421113166	12.0240941446747	8.90676765162313	7.67452865002145	9.36207231332894	8.59925868898012	4.32177290009552	6.41151074240699	4.39275710687492	7.92857067824964	10.8698017461221	13.5781702007303	16.960871439876	19.7518686204622	23.2733440012389	26.6189945151954	27.0309544226614	31.5617793383073	33.845080839023	36.9500773206228	38.514652562369	34.8654197450712	32.7546189872512	27.339572161978	29.2001458900465	25.6343097234936	23.3744799514342	26.4865289156583	24.9288771106923	17.7608113834926	22.6569572979251	23.0673319870331	19.0394719727203	15.2483758151483	18.4009922015091	22.58040066075	23.4964194080715	26.609251041696	24.4036657287384	29.9749589490962	32.5913677681683	35.4128422750843	33.51051918428	32.3365456411164	36.8112199471846	39.141482291809	35.0167707677336	34.8470329583453	41.663496120705	42.9052791273988	44.0344967156433	41.7743175886812	41.6029278296612	39.236116640157	35.8282124588989	32.3351598728072	29.1381925657718	27.1979172180518	23.3383053797828	15.8950392890361	17.6166328791855	16.4563206701863	11.4551819278438
165	17.9430190882137	16.6847407531553	12.8631920222004	14.6999075507297	13.8748119266533	16.5506562105555	15.6227255304572	19.1916055086592	16.9064253465953	17.5860636016136	14.9517088655444	16.2286093366006	16.0520222713526	12.1108700760928	9.61484274442385	6.86239797738371	3.35092061977004	1.31943813799664	0	1.33485804488717	3.75710486944402	6.89574143946828	9.85338185599239	13.205211622689	16.3863461760089	18.9566376237982	22.3177537176124	22.0670781935443	27.1071988408983	29.5660414834316	28.4061685202352	31.1494006844433	28.8753348378854	30.1479170756455	25.2704280533591	27.7865883836069	29.5261303932635	25.8251683634396	21.307876806477	26.538219439141	26.445803183114	24.7166575814773	22.0488790191248	21.7248621169387	21.2950701571983	18.6029057407707	16.4191581696505	17.5951371406988	16.1214937273194	13.0366995056264	12.8304455495513	13.8684644427564	11.3270865627486	8.99054998317677	11.011842806724	11.4891798662916	7.02777382959925	6.34253750481619	4.94433585024318	6.82226729174399	9.20614066805411	11.412950538752	14.7699128636563	17.4063696961773	20.9907455322578	24.4919293441738	25.4259333948628	29.5747256453885	31.6411832111253	34.6831139028779	36.650560350423	33.1351076956149	31.5106476766188	26.3507286237022	29.0678723163564	25.7773013715556	22.3580846451569	26.0246870682435	25.2844755927426	17.6209941830761	21.9028394734564	23.1202215171049	19.1972030514864	15.7583442658168	16.7480751132779	20.6253928447436	20.645355240344	23.8590456850227	21.170484477215	26.8442438895194	29.2661211129866	32.1220150986827	30.8901587240985	29.3578845627542	33.730889255992	36.1568082938746	32.5760119873504	32.2436717822273	38.6471282891756	40.2256954321488	40.9912080451406	39.3100221063281	39.2050377120084	36.7949250984426	33.4109135163946	29.6379801268575	26.7494663498172	24.4991318417613	20.7561873666625	12.8154574635477	15.650706884994	14.2455134691593	10.8617139071143
166	16.0360667559099	14.9517714335125	11.2330422415301	12.5027040675208	10.7803544004824	13.1266322413633	10.8470233243964	14.3094277313944	11.465081857536	12.4151498984104	10.1036357812423	11.4923817374816	10.6448222624899	6.76099060789172	4.17347756673017	3.46100216700309	2.65844014414468	3.24598120758578	1.33485804488717	0	1.33340878953156	3.77296620711079	6.98234530798929	10.219237055671	13.4496810742857	15.8318523868813	18.917270759811	19.2954746508087	23.8329506985602	26.2499445523224	25.4702330181724	28.3534975091257	26.0461962290082	26.5083232589313	22.4717897373574	24.6558879783309	25.2894938264885	21.5335464101945	17.749845464116	23.0282461555369	23.2132220512362	21.0388432666818	18.4381003902246	18.4331149293873	18.3312851158886	15.4031234170216	13.2263442038985	14.6033759795466	13.8577503585539	9.92763441107699	9.86370483135013	12.1008135676904	10.3544024936256	6.80821746127429	9.09540175033518	11.2470203609667	6.50391897243501	6.50510330432962	3.31317853427792	3.70973139189348	5.89755033891191	8.17574192351985	11.5692564151721	14.3718730164165	17.9409408337467	21.3153502199706	21.977358189737	26.2976251589378	28.5617236699748	31.6280043316046	33.4227509639766	29.7666902090239	28.0239372501438	22.879096594927	25.5786588585094	22.3047921756738	18.8472464567109	22.6132191649044	21.9613186079525	14.1520540558606	18.6388392610699	20.004145320408	16.463832785837	12.9189604457944	14.2006137895515	17.7321180347978	18.2785774337064	21.3284208745045	18.9644353725599	24.5216475384506	27.1817160790116	29.9879420100813	28.1188849352175	27.0068876029801	31.4727678795495	33.766636818019	29.7714261835069	29.9323780211329	36.4325410999562	37.6544172309173	38.6260690337497	36.4024015416566	36.2091725119478	33.8276951771769	30.4228998946517	26.8923842379213	23.7304343407364	21.7298529447394	17.8779888689975	10.5126222228329	12.3775741565139	11.3683753456683	7.94577057307847
