1	2	3	4	5	6	7	8	9	10	11	12	13	14	15	16	17	18	19	20	21	22	23	24	25	26	27	28	29	30	31	32	33	34	35	36	37	38	39	40	41	42	43	44	45	46	47	48	49	50	51	52	53	54	55	56	57	58	59	60	61	62	63	64	65	66	67	68	69	70	71	72	73	74	75	76	77	78	79	80	81	82	83	84	85	86	87	88	89	90	91	92	93	94	95	96	97	98	99	100	101	102	103	104	105	106	107	108	109	110	111	112	113	114	115	116	117	118	119	120	121	122	123	124	125	126	127	128	129	130	131	132	133	134	135	136	137	138	139	140	141	142	143	144	145	146	147	148	149	150	151	152	153	154	155	156	157	158	159	160	161	162	163	164	165	166	167
1	0	1.35657841645811	3.29801804118777	6.80043770650096	9.72960970440233	12.701012597427	16.2407380989905	19.2010628351662	21.8310764965908	26.0841627237678	29.567769817827	31.2980755478672	31.2265914086056	28.4611096234845	24.7285627160173	22.1338756886362	22.1520297489869	22.4948941095529	19.5985057083442	17.5310457759941	19.1757048371109	18.4715556735214	12.2424009491603	14.9353208870784	17.2001720049539	18.8409177589628	21.6182249040017	24.8416010957426	24.9473859953303	29.3268136864542	29.4149329422999	24.535792141278	28.8154910247943	29.1714680124261	28.4615090780514	25.2980093683278	20.8738441596176	18.772662917125	15.3210742769559	12.6066368631765	6.77472848164412	7.64938023633287	4.30544271823468	6.94592499239662	8.8541222602808	10.2299952590409	13.242469369419	10.8165233323837	7.88725307061971	4.88372460321014	4.76600639949214	3.28695497383216	7.60960623159964	9.82548003916348	13.0634227520968	15.9005180418752	19.0524377442888	21.6241413933594	25.0796038445586	27.4801140099527	30.0661556072605	32.4758967081742	25.9437720079406	29.8240214927498	28.6868313168255	26.818639301799	24.8398540655939	23.8490898358826	22.8661023788489	20.4212578701705	18.8444977115337	18.913852991921	17.4644769174459	14.4053973565466	14.9588165975788	9.4062851859807	14.6089535901789	17.5603554064261	18.178346184403	22.8628747317567	24.3178801296495	28.7522016026599	31.5415469183108	32.3455488282391	35.439841351225	36.2486668030702	37.3994657849547	36.0497959633616	32.6073444180908	33.6397669878969	34.7448105333732	31.7108630283062	27.7309782914343	30.8683155841066	30.0492244325873	26.6077748787831	26.5734359276327	28.5665239222416	26.5015110512589	22.2818263614094	24.9609395656494	26.8331311068984	24.0829169329631	17.5468229033065	24.4051909847065	21.6814350309199	17.4451855249521	18.7488839134494	19.6390034624978	16.2590824464359	19.8861333848489	19.5706839175334	24.4280031725886	23.5606844976966	28.1829711350667	26.7005322231599	29.6568451120479	30.1695839712781	30.8986561843715	34.3972034328374	36.1721078871553	39.3149765102308	38.9006864977985	34.9441932801431	39.1668625881625	35.7880743963684	35.9573715668985	34.2795625847239	36.2153230829162	34.8575185720384	31.6321215696956	32.2712448628806	33.6754842726872	30.9157945070153	28.8051023431614	30.7793506754122	30.8960146459054	26.8057729976212	25.1118447948374	24.3809504531714	22.2911865094705	26.0777033881437	21.6408759526966	27.0635927770132	24.0215516151642	25.1609219624401	24.4087466699952	25.6568726465249	22.4386639753796	15.9166542652657	20.2410192431113	20.6986771799552	17.6049247087285	15.7754115952643	18.0538101518765	17.4423368847182	13.8560329820624	14.2944824320435	16.3790432870788	14.4613517348829	10.7834383199423	14.1414193417775	15.7288945892583	11.4225066425894	10.1672122531203	15.4264035017887	16.3390059061131
2	1.35657841645811	0	1.33703328305618	3.90066366148121	7.57167550810255	9.9451368517482	13.785963404855	16.2570535153207	19.4867081878905	23.4011797565849	26.8194117198719	28.6825362197976	28.7707310995046	25.5240512458348	22.6832201197273	20.0541893378915	20.906652266683	21.5283328197982	18.3831849525592	16.406400031695	18.883599259675	18.6873038718805	11.470789423575	14.7277073232734	18.0150211212754	19.8038103656847	22.405608695146	25.1607829369438	24.4173920392822	29.0225601213952	28.7610201661902	23.7464629997817	27.097723705138	27.2087636801087	27.0679769838826	23.6252617551637	20.0773334135786	17.1454878320799	14.3744736947131	11.2145691847703	8.76044713470722	7.58860850222226	7.97479435471536	7.47167297196552	9.83581079525221	8.81252687939163	9.76826223030483	9.82656430294943	6.27974585473011	5.25955235737795	4.03328055061881	3.17154662585938	5.50962231010439	7.53374242989499	10.8230417628317	13.7980915709384	16.9428219904478	19.6864941012868	23.233208387995	25.3822764345517	27.9106054753386	30.3851585153015	24.2247859226867	28.3454991312554	27.1878704204651	25.6671266214199	23.4908750156311	22.2392963242995	21.5628345307383	19.3218796704668	17.3041188449456	17.3207136688994	16.4011887678912	13.2354700709873	13.173543676627	7.46730808256898	12.1791401174303	14.8347315108835	14.7921455847352	19.7182716788262	21.1343533376349	25.4456045320208	28.5265076902168	29.8588627043965	32.8267839119217	33.0401240917767	34.2424558114631	33.1093168156638	29.5829083931922	30.3089738196462	31.9660517737177	29.0881687804509	24.8385667863506	28.3399152080595	27.7622179589456	24.3278616610667	24.2082408695882	26.2815891072058	24.5719704745061	20.0608948205208	22.6100090446687	25.1426353829506	22.6540426635071	16.0233279002834	22.8735723926106	20.0166225422772	16.0499180371739	16.2772470952554	16.9796777943517	13.4421621400726	17.0085932398891	16.09331799226	21.0115731443412	20.3452180868134	25.0825240157365	24.7049276056418	27.5826480780943	28.5033218765813	29.6200630147878	32.8891131683419	34.2213486876248	37.5650112072391	37.2010623638627	32.5704655938474	36.3848105395644	32.4049727665369	32.6904977172266	30.9364525115599	32.7957593752607	31.4578452218203	28.2289553118779	28.6841270740457	30.3825169793419	27.8045915812479	25.3867485314681	27.1324985027181	27.5468187999994	23.5288563470476	21.12782814205	21.1449747221414	18.7325838313886	22.6631966191886	18.978121535073	24.9276076870605	21.864953807406	24.0158186410541	23.8089170480306	25.4151661414991	21.8900460026926	16.616562279846	19.5125380460872	19.1709350841319	16.148332762239	14.5550987629765	15.8452811903103	14.539630978811	11.0179186328453	11.636463122444	13.4812053244508	11.1873937536854	7.58132237805516	10.5775651262472	12.0192455670063	8.77831527116678	5.62405031983178	10.2557672555494	12.1094203412054
3	3.29801804118777	1.33703328305618	0	1.31892115003134	4.20456858666855	7.19827097294899	10.7024145873723	13.8342764176519	16.2142277645283	20.5531660578121	24.0636429079223	25.9787859801031	26.4088326322842	23.2344313681226	21.0176348336344	18.2494761294674	19.026581984161	20.5810301248504	17.5312389180001	14.3911537063572	17.329359249551	18.5013993795064	11.5256355573131	13.0860343114329	16.9891766427923	19.4286277950863	21.7817908813761	24.2928179715734	22.0568635349634	27.0239676768605	25.7978422741128	19.4671382077592	23.2252670382926	23.3050608452327	22.2594552943238	19.4366761304499	14.447592290759	12.9737997518075	9.06231482569437	7.64832131908695	4.06488942039018	7.56955143981465	9.03710163714008	8.84071914495648	11.9503144728497	10.8976658509976	14.4935905834269	14.0623265500414	10.345668272277	7.47391470382155	6.08460072642404	3.23759262415765	5.34811237727855	4.59705003235771	8.0888200622835	10.5714423330026	13.5774622444697	15.952966056505	19.1610777880577	21.768853001479	24.3999331966299	26.7903392475721	20.0771945500361	23.9526154521797	23.15662648142	21.04031627614	18.9368448005469	18.4196354741347	17.6128172363197	14.7805938311016	13.4838775951134	13.4960892854189	12.6052395851884	9.25609777390019	9.37691340474039	3.69813331290261	8.76356582676253	11.8066810323647	13.0034899161725	17.2617957640565	19.0159988956668	23.2561094553668	26.4611135820094	28.5135164264249	31.0998892763302	30.7991339650971	31.7941678456914	30.4268922008147	26.987473316337	27.9970189305933	29.0079983797573	26.0134298584404	22.0804509238376	25.0254109656565	24.2364249838956	20.8275508161666	20.7427085984449	22.8145713087053	20.8356823022429	16.4774960779847	19.275803718652	21.399551537357	18.8129880933359	12.2161975671647	19.2362172476815	17.2461916375761	12.4817797208571	13.5553985186714	14.0989485423559	10.8654471145922	14.3451549311954	14.8278393908216	19.0925783748555	18.749784798765	23.4743299371888	23.4886548997596	26.304838148143	27.8412914032377	28.799550343712	31.9576971323029	33.4503442583182	36.557700447375	35.708892127872	31.4162453039825	34.5545182718556	30.5042629971616	31.1222740814356	29.5542521644517	31.2194425318582	29.5333047592036	26.4468148554793	27.2791166095972	28.3621412097183	25.4308295381806	23.6175933363245	25.6497401741226	25.4877782868574	21.415325983977	20.1240247962479	19.0822464610433	17.8676268989477	21.4195858970242	18.5574698167611	24.0823522522199	21.0457446530171	23.510002892386	23.0614378129379	25.0725138747593	21.9300953258302	17.369357443498	20.0091255681002	19.0335773043325	15.9944060846285	15.0226558570713	15.8464185543611	13.8408838590604	10.7101313717433	11.7853880292505	12.8148311732929	9.87433668658305	7.70850095673601	10.8451399714342	11.2126069225671	5.72281023623884	7.68637899143674	11.9899497079846	12.4801039258493
4	6.80043770650096	3.90066366148121	1.31892115003134	0	1.33678233082279	3.69071551328465	7.19687112570456	10.1112384009082	12.965757710215	16.9287682068129	20.3906787528027	22.1963053006576	22.5498350548291	19.4699003849532	17.2657337521462	14.44437485667	15.8542855405092	17.0893150535649	14.150430876832	11.3008245274405	14.4577845467416	15.5793453328437	9.00989506043217	11.3291379195418	15.5505926896694	17.6246189746048	19.6066870735471	21.807302767651	19.5624048879477	24.5187703810774	23.3073593742406	18.6221842703803	21.1179755421773	20.7988204954031	20.9192131305171	17.4785828372898	14.4029987849753	11.3822432762615	8.91645585420575	6.94231697634154	7.45976199352231	7.2523705090129	8.981425109636	6.47650499884004	9.1455510495541	6.34940650769818	9.62567743070585	10.6815739008818	7.42835183604008	6.18148509664142	3.89592505061378	2.9660785559388	3.45753221243129	2.83719685605352	5.19596324082455	7.42234881961229	10.6640817701291	12.9859522176851	16.6974133625541	18.7477955504107	21.2456098288564	23.6708547162962	17.5583151241798	22.0147386539109	20.9742633958859	19.7491792234513	17.3167824378549	15.9635854995048	15.7629256802156	13.6431117784763	11.1713595412555	11.5903895102796	11.5309908507465	7.95502991823412	7.44745285315724	3.42047496701847	6.42445709768538	9.00133601194845	9.73685133911369	14.0519899302554	15.42106513831	19.776096910159	22.8820836026792	25.0424594039803	27.5796915682536	27.2479479043836	28.3754958546983	26.9446642027694	23.5318003986095	24.7924790813666	25.8691107114257	22.7937250575679	18.7456139136599	22.3047319867332	21.5476262033663	17.8233771771794	18.4280786573099	20.3832626681795	18.7792029916075	14.3047279596642	17.1676063561581	19.8462851183792	17.1992412041927	11.096282981251	18.393515949921	16.7048309479623	12.2754959981257	11.6056070931253	11.5207663373579	8.04100528541053	11.1418463909713	11.156606159581	15.732468274241	15.4342233040733	20.1584498659991	20.0438800884459	22.8586439230327	24.6975072426348	25.4422123644938	28.4456754182424	30.1644953546384	33.2495129287633	32.2032977969648	28.0558103429575	31.2370422895638	27.209581363924	27.7236524830333	25.950475352101	27.4854659411115	26.0709491388403	22.8528579613142	23.4380504735356	24.7371587899662	22.0216203309384	19.9013854291605	21.8730882593199	22.1797920864917	18.0829019241935	16.3519159427879	15.4341831335513	13.6810114392175	17.5032198752115	14.9832590580287	20.6993366318827	17.8508884652837	20.3885739079515	19.599004668605	21.8499616933303	19.1701646576131	15.2383246782578	17.241472413921	16.0290465717709	13.1868951994016	12.1733526195539	12.6390256349135	10.5364516323096	7.62890326324826	8.01040180015959	8.62958492628701	5.72199213561151	3.7955149848209	6.15151046491835	6.98271272500881	3.63182612469264	2.81124545353123	7.48204484081725	9.00907720024643
5	9.72960970440233	7.57167550810255	4.20456858666855	1.33678233082279	0	1.32143747487348	4.2936036146808	7.62945777889884	9.24713896294416	13.9706983719498	17.5506571386943	19.7304569384492	20.543758687251	17.3973847747298	16.1666572302378	13.4378678740342	15.167924742693	16.7917335019348	14.2517413322022	11.2548718784356	14.6894195256314	16.4931217481713	10.7813498691027	12.6391513164453	17.0289357565292	19.0646365819021	20.2537980141997	22.1564217778955	19.2615223437817	24.309763573511	21.8404679665982	17.8854107305368	19.7074115246016	18.7707979585312	19.1683511027944	15.9074574964071	11.2290390060771	10.6167741805126	6.38737794403932	7.90230966237087	8.41268928464614	9.51012476258855	11.6502236030044	10.1896843425103	14.1838358704548	12.0325419176498	16.3097049022967	17.6981782678331	13.7608913228759	12.2650163065525	9.49462695423048	5.82396686116946	5.61882959342958	3.45961760892732	5.69762801523581	6.20386024987669	9.2663430758849	10.3281046179829	14.473203826382	16.2101393886666	18.623987784575	20.6319484537937	14.5333275611609	18.4983974981618	17.2681089005137	16.1574060418125	13.9832616366855	12.2625265748947	12.2475387731576	9.7975254528886	7.69062897297744	7.95559457237484	7.97785973805005	4.06177535075489	4.00177685534813	2.93151564894339	3.05919417494215	5.70809705593729	7.82453135976846	11.1638368404416	13.4866692700607	17.3582838149398	20.7025255947191	23.1592278152792	25.7361767362598	24.6833798941717	25.3694192877961	23.7706089741092	20.4526059464314	21.4390832126749	22.2441123221404	19.1197744756574	15.4110937639092	18.5001459723971	17.5890031838078	14.0021357656609	14.5830788587321	16.5140909831574	14.8141914055408	10.4396121575468	13.9049118659559	16.0949787511509	13.5591494571009	7.92468283277003	15.1090628763004	15.107947478066	9.79931477196237	10.6833098803695	9.17363575688505	7.5868751802043	9.70324456045502	10.8050264691948	13.9295388653035	14.0668772654061	18.477320368495	18.9041404194954	21.7636390798965	23.855939994056	24.8653293965714	27.3468468749141	29.5145958637417	32.1871291978642	30.467869157524	26.6906712729373	28.9115208351273	24.8346213782292	25.9734554112463	24.8083257194032	26.2133888309009	24.031906894793	21.2456035216701	22.6086149509429	23.3745975580329	20.1982247239702	18.9041782418597	21.0670881234213	20.8028469445891	16.0191324671469	16.5638359385741	14.6383157842697	14.4866775003794	17.4234951143564	16.0778078729658	20.1983305745797	17.5437298770814	20.2981213416414	19.2475391154298	21.8586736560112	19.7329216032497	16.9994693152463	18.7869061316652	16.8270572887834	14.0513423558036	14.3608299551245	14.4847180504144	11.5465348048668	8.69543794181754	11.6070091754939	11.197470517934	6.82470197151495	7.98976057213231	10.7917689930799	9.9107540076424	3.71774770526457	9.63634899741598	12.5776841668091	11.1901643866388
6	12.701012597427	9.9451368517482	7.19827097294899	3.69071551328465	1.32143747487348	0	1.3478583011578	4.27796797556971	7.26617375239541	11.0209740495112	14.5246886369381	16.3570836642722	16.9529531940603	13.4832507949678	11.9149728912826	9.61399344705414	11.4929686330382	12.7335711016195	9.99240881869832	7.75050211276663	11.3569927797811	12.8787085532673	8.17613411093532	10.4046637139314	14.4015824824913	15.9943887973251	16.6693076940826	18.1039966305786	15.7133335101117	20.7450317907686	18.0441534021411	14.244354320221	15.979202670972	15.1563228060107	15.7007015448355	12.3120814243571	9.90118674705209	7.40679330074763	6.64373283629015	6.99649226398486	9.23909708791936	9.00838853513768	11.2321604778422	8.46902910610183	12.7259587065179	9.88753123888871	14.4362111372756	16.5508729981231	13.2267167883795	12.6979260117548	9.40105940838585	7.24745824410186	3.75300053290697	2.89785541392251	3.43169972462627	2.88076743247351	5.5912260730541	7.1520641775644	11.015432538035	12.8389397147895	15.2949239945807	17.7366410010464	11.8515268636577	16.8469829643174	16.2782491380369	15.6250906237372	12.5915506193638	11.3508467525555	12.3190078334255	10.5706767049229	7.50287478237508	8.95226557917045	10.26764890323	6.79356695705577	5.58375742667964	5.02206600912413	3.41367148390117	5.15039775163045	3.87586416170639	7.89013726116346	9.15146605741397	13.4330639096224	16.5934294526478	18.7820059099128	21.3486441255645	20.9474428988361	22.1143609448702	20.8534027918707	17.3602679990834	18.6799231797136	20.0984473529673	17.0396607360593	12.7421450313517	17.326702023178	16.585980616171	12.1535063253367	13.9449725707869	15.9961458795549	14.7281312120717	10.045801361763	14.4546947390804	16.8358744055662	14.3202097749998	9.92601717709576	16.8323226264232	17.2858623447024	12.0174145721948	12.4515879308625	10.1878840295716	7.73676676655048	8.75557930693338	8.19797975113381	10.7718088545982	9.62463396706597	14.1634135362913	14.2056926617466	17.0086658794863	19.036430232583	20.1279559071457	22.7703733170978	24.7962581451315	27.4027667763677	26.0173290712171	22.3208721603794	24.9056891091172	21.0639303075186	22.1342026059219	21.1467226302328	23.0364821316103	21.0084596769968	18.1977649726553	19.7072152776591	21.1195202123533	17.8641763594071	16.3035764174613	18.9681803291723	19.7086298356837	14.0158207037619	15.7505864652717	13.076540138737	12.4038787885081	14.2755036688728	11.8441557318367	15.7626888886383	12.7452906204606	15.6069524571583	14.7659343422623	17.3355627829038	15.3386796693848	13.9091080231624	14.6996607103702	12.3818643184296	9.8742981016374	10.800379021127	10.7402471107512	7.58858043378338	4.5111415406746	8.42900409301123	8.20383093438669	3.95111655105237	5.94067959075391	8.59945538973254	8.99802722823175	3.87564975197708	9.54517040183149	12.1129564929459	11.9759172926336
7	16.2407380989905	13.785963404855	10.7024145873723	7.19687112570456	4.2936036146808	1.3478583011578	0	1.3271525910761	3.79132734012773	7.45870162964038	10.997398828814	13.1312230580399	14.1337190081026	10.8387907074544	10.8118108566512	7.40873599205695	9.92576692251032	12.1629607004216	9.83571517481063	7.46969169377157	11.8157336632136	13.9570754458088	10.9333846086196	12.0835191893753	16.1522063198809	17.8445059331997	17.4477454704039	18.1005430581516	15.1449203035209	19.944803558822	16.1184593866784	14.0474422226966	14.597676835716	12.5993665713797	13.642499257834	10.9207694783838	8.91122673934403	8.27756081221999	6.98808857986216	9.21375976461292	11.4493986741663	12.1196280883532	14.4827754591446	12.5799895866412	17.057553663993	14.398998090145	18.7574476941827	21.1415729074258	17.8591496158132	17.1522829092806	13.9322278907575	10.950894894939	8.16600324516222	5.39772628057407	5.53277272260482	3.59703391699328	5.80990765847444	3.76206818120034	8.31112766115405	9.17470724328575	11.5773874859573	13.4895503631515	7.4901021354852	12.125368200595	11.6642929061302	11.3702408945457	8.2683368339709	6.93954940900344	8.74333082983825	7.22631987944071	4.11921327440083	5.4733075923065	7.2762947301494	5.23163349251455	3.6921237790735	5.22039328020409	3.03684457949366	3.41378514262395	2.97960332930409	5.50652758097151	7.28264642832535	10.9765312371441	14.2153297886472	16.913843146961	19.4022657955199	18.1252956941397	18.9661375087286	17.334886327865	14.0060528700987	15.4129797897746	16.4191849371398	13.2334737314131	9.18529085004933	13.7656318053332	12.9089474783965	8.03178622723489	10.6214713199255	12.8272718065846	11.0223137770615	7.13332979750691	12.1327931656317	14.2597210702033	11.2737999804857	8.19799585264594	14.7475823442353	16.2980170572987	11.3204928337948	12.7187616535573	9.22156223207326	7.40656600591664	8.02255601413913	7.57754637069282	9.78916819755387	9.23924991544227	12.9907426654522	13.119603195219	16.1544399779132	18.4709560120747	19.8632439697044	21.5565676535018	24.0272747518315	26.4168825374986	24.1478451212525	21.1724905951095	22.7108120066192	18.9205417470008	20.5801677592774	20.0471787042466	21.6094583226882	19.0819026829087	16.6999719161441	18.4557291375876	19.4578813337938	15.2521484716088	15.2529564347375	17.82671234412	18.0467141053434	11.5043264035753	15.4667480098436	12.278453444958	12.3881099849816	14.2249588048613	13.1718310420382	15.7546285579826	13.0752461544707	16.3150813053444	14.8664574798437	17.9585425355177	17.0487881680781	16.621483838695	17.1686334051374	14.3428605236194	12.4724173679363	14.1062376273761	13.429184636455	9.07517123805386	7.21855172454974	12.1412608076756	11.3970923046188	6.7834048235381	10.0207900886108	12.6208473962726	11.303882916945	7.13694563521399	12.9556359164651	15.2209099268079	13.6631057596727
8	19.2010628351662	16.2570535153207	13.8342764176519	10.1112384009082	7.62945777889884	4.27796797556971	1.3271525910761	0	1.34337336582203	4.5979057189116	7.96179483533707	9.50006610503316	10.3378210953759	6.87617400885114	6.02476107410078	3.65293265746852	5.76645913884769	7.86831957917318	5.62367619978249	3.95691167452598	8.26927179381595	10.2904593191946	8.5083014756178	9.37244439834134	12.8475418271356	14.3569858257226	13.7732772425447	13.4630264799561	11.361222689482	15.698503400006	12.3482336793567	11.5385093491317	11.6047048217523	9.78766616717182	11.6237801510524	8.72495071619319	8.97073397220094	7.94613188916469	9.31665009539373	7.90877443097222	11.229772036867	11.2443223006102	14.2056707339006	11.9563793014441	16.7555546909077	14.6346761494746	19.1843968109503	21.3556805791808	18.7053153141026	18.3319480961517	15.2798068705072	12.8548968490611	8.76477615230418	7.63358546162942	3.90777558209271	2.99933492627949	4.81435790111205	2.77405281132137	6.33653659343967	6.51297428215404	8.8224439924547	11.2734630881553	7.01108101507892	12.7065857333904	13.1318706207455	13.5222353551475	10.1653997953843	9.32550036191088	11.3720783500642	10.9460073086034	6.82151082972094	8.83297764063739	11.0921523159394	9.88126798543588	8.10135482496601	8.93016584392474	5.73836379118647	5.67793377911367	3.63002052335796	5.85818214124484	3.96938408320485	8.30580971368837	10.8014324975903	13.4071316470004	15.7018048962532	15.1457155988088	16.7801028900302	14.9720697633961	11.8761292515701	13.7907080673909	14.8948601537577	11.5149151104122	7.74726280695317	12.8116369758123	12.6417948488338	7.62163998100146	10.7238184430733	13.2379800196254	11.9001770154901	8.36578944272446	13.817494418309	16.2187302523965	14.3644875300165	12.0366224913802	17.6523485406333	19.4717892860415	15.0108928448644	15.1747852044106	11.3306915499452	9.66318979426566	10.0489217829576	8.38508419754984	9.97994043068394	7.64085453336209	10.6395583554958	9.05515996545616	11.9652696584741	14.5093756240577	15.3880543279519	16.9243954101764	19.9560719832336	22.403416391256	20.3409115085829	18.3805560579652	19.6129886809736	16.7592602760384	18.6684832806524	18.7213516873115	20.7672059748056	18.4267033133982	16.3625303972216	17.771066625276	19.7502756436461	15.0361840238805	15.829427690223	18.7933995328147	19.3632880214079	12.0389372869868	17.3489954176027	13.6108669452023	13.0922221948759	14.0008815793864	11.8351817899008	13.1766669913146	9.63222606669922	12.1719405601572	10.3215263406146	13.5698537943487	13.6669296112916	13.56628324192	14.7329728839769	12.0809541427819	9.21786927657363	11.9509163247008	12.2043399657663	7.16824169514394	4.72805509697169	11.223982804691	11.852028265238	8.00458143815153	11.2649648912014	14.061812720983	13.3278152748303	10.1501306888138	15.7905688941216	17.898308886596	16.3153259544515
9	21.8310764965908	19.4867081878905	16.2142277645283	12.965757710215	9.24713896294416	7.26617375239541	3.79132734012773	1.34337336582203	0	1.34491338011041	4.76753573662537	7.54490013187716	9.13312005833713	5.23798911797266	7.66978624213218	3.63375590814793	8.25713491472678	10.7391263611152	7.58232121450945	7.79356670594408	12.0258133196886	13.9926140874391	12.9809994222325	13.972611566919	17.2245479766524	18.5511327416953	17.1394587429125	15.5402140590148	14.0722636771772	17.622076835606	12.6924612270434	13.2522623351638	13.1804395601968	10.8085790925542	12.7946048786197	10.684460398167	10.1489170850884	10.356311795229	11.3191152481102	11.7237548166106	15.4209722780375	15.9678763146512	18.8429170512424	16.0964438929846	20.8197517996733	18.2883798079546	22.2245750015608	25.0442199918464	22.5744177998016	22.3420375749393	19.1165444576158	16.7368506296734	12.9672989091792	11.0216759614861	8.35903953812877	5.75556826038924	6.75868574502469	3.90532380219618	6.99392715146505	6.41326601662523	8.28294150649393	9.9197938486644	5.30902156710632	9.83670544440566	9.67072101758706	10.4792741160827	7.45477122385389	5.99449330636043	7.92070861728924	8.46938598718939	5.01350206941216	5.24348786591521	8.63755833554831	9.54905974428896	7.88912384235411	8.94809180775432	6.24818453632733	3.4573434888654	2.95093544490556	3.65384195060487	2.83530192395801	5.55171811244051	8.44132957536904	11.5486940387214	13.8270434294537	12.0262793082482	13.0079158207608	11.3455856613927	8.05223354107418	10.0013989021536	11.3060511674059	8.12165309527562	4.16056991288453	9.48209686725463	9.08994900975798	3.97368380724989	7.32040231134874	9.62183485620077	8.06050029464673	4.37571685555636	9.62350876759615	11.9625100208944	10.4033057246243	9.41939690213763	13.9366775811167	16.1403886260524	13.0277507268139	13.1082777282143	8.52639443141121	8.38581135013184	7.61897722794865	7.20523219611971	7.88050886681818	7.14350691187459	9.29640731680793	9.00284654984189	11.6886266515789	14.4872726901926	16.2003408914751	16.7032524078396	19.4741385945566	21.5833662110432	18.5243047372904	16.7242546620171	16.766605380935	13.8143521744597	16.2041050663096	16.5753715493801	18.160078992119	15.291658575838	13.7195104868942	15.3665331158333	16.7760537672004	11.5845803117765	13.639123065652	16.3229807020654	16.849386873118	9.31766891448714	15.6485410182547	11.9725509813072	11.9426416257041	12.2248108778827	11.2400128558645	13.1868694541199	10.5013811472587	13.9369605007692	12.6497903935204	15.822564678332	16.4734087547174	17.65761518439	17.7688820413666	14.5364451637943	12.9392448002192	15.5994300216386	15.0698116112976	9.40004606371692	9.0719519950229	14.6808253173996	13.991337176982	9.683352466992	13.9014626568574	16.3106580492634	13.3908304820874	11.4821145265147	16.3984466642423	17.9868847775261	15.2620760055767
10	26.0841627237678	23.4011797565849	20.5531660578121	16.9287682068129	13.9706983719498	11.0209740495112	7.45870162964038	4.5979057189116	1.34491338011041	0	1.33442459509708	3.894980487756	6.27054582951117	4.33298419106278	7.29331296462725	3.14059054956229	8.6405126584017	11.1012531274627	9.14125319636208	10.1211211335504	13.8830504933174	15.6777408449049	15.5689822724544	16.6817505376384	19.4696146854528	20.5590201371563	18.3888990698193	15.7961239232921	13.9588098704725	16.0759851020085	10.1790193535527	11.5891643788498	11.117860630535	8.25099254635465	10.475111884844	10.0849538422345	11.7269974418007	12.6492653541619	14.8940330669701	13.992466580271	18.5567657472955	19.1757266094404	22.1961353843411	19.3100673484066	23.9535461257827	21.5088628476728	25.1467465291238	28.1798560322795	25.9754174172428	25.8668767732017	22.6451003309767	20.3552819189517	16.4137458856898	14.5457640569342	11.603238556541	8.73521545240872	8.1170648636068	5.20810186152306	6.1299376832069	3.88721815698579	4.8510843117802	6.49942035877047	7.04743229836229	10.8100604068617	12.4619909725533	13.9442587827392	11.3517411439832	7.72033354201747	11.7057979651111	13.1385698612901	9.00132390262677	9.72005149163316	13.6517046554634	14.7176165869342	13.199926552826	14.2970341329942	10.949868492361	8.84768365166838	5.32214101654588	5.5557266851421	3.40509427182273	5.64775946725779	7.61793174030852	11.0303727498213	12.9500256756502	10.1137398621875	11.1434438123948	8.7851504255761	6.32339244393387	8.43954554463687	9.56228309557921	6.51605877812655	3.8718653127401	8.58964527789128	9.64102012237294	5.33435703716952	8.57536290777248	11.3319317858872	9.99479069315611	8.42983345031205	13.5053355752458	15.6748419449767	14.369847250406	14.6621247437061	18.7081890625469	21.1492778363707	18.6081034767114	18.0754515019681	13.4332206116032	12.7305397371832	10.5900914538072	9.26975884260211	8.77897425671132	8.10696848396489	10.2807673838094	9.58353760362007	10.694551930773	14.8341069498639	16.4780267022481	15.8374978137331	19.2742073507576	21.1534542332925	17.3041373087479	16.7825223670341	14.7079524747668	12.9323474280581	16.216274048005	17.1164543349375	18.4917045455523	15.4262991997433	14.1141139643975	16.0515795172936	17.3151970534557	11.6254233471302	14.8671793222521	17.4210057688986	17.8915686567724	9.97191435984084	17.8119842802536	13.6556645023228	13.8686823454862	13.1788560201559	12.6794588212589	14.367018375432	11.8690519840466	14.9880041700021	13.5296648147691	16.734619923978	18.12076469137	19.6407652854974	19.8583443670413	16.6558099773022	15.0428619949795	17.8514646457931	17.400184510516	11.5599755190052	11.9637143897704	17.612974223566	16.7648360862849	12.9831836234415	17.0962061580925	19.4854275293102	16.7907368212357	15.7935368426455	20.6561319951244	22.0827528175271	19.9416584566079
11	29.567769817827	26.8194117198719	24.0636429079223	20.3906787528027	17.5506571386943	14.5246886369381	10.997398828814	7.96179483533707	4.76753573662537	1.33442459509708	0	1.33348565796562	3.35745513745158	3.22237691774255	5.19625413158364	2.96537906514496	7.85748083039342	9.7812814600133	9.60664218132434	11.2765053983936	13.7951711116608	15.2329315957238	16.4700510624588	17.7446604363115	19.1661430913995	20.296672880056	17.0843550068476	13.6154724486519	12.5009676825436	13.4711708845223	7.98370246189072	10.0824854574653	10.4566817872593	7.77140386288089	10.2017751396509	10.7142048701712	12.8261693813859	13.5464115174462	16.4553239409013	14.7607150910788	20.6239560220633	21.1438793507719	24.4595411853943	21.9446468643266	26.4926059307121	24.3884767051983	27.8766209214819	30.9291210835355	29.010384261502	29.0257698433651	25.8508378200785	23.7063157196558	19.4302172144317	17.9053321946285	14.1352988648985	11.7475319110016	8.70681095464924	7.40119078257006	7.45580317605018	4.65989924783787	5.0514356375193	6.0385525583537	8.10488247909863	11.4552907427092	13.2075724870243	15.1520036298834	13.1044267329784	8.72167266067697	13.6761936590559	15.6815124908282	11.4169257245547	12.2486245350243	16.6403758671492	18.0214257760034	16.7020432881729	17.8569277872763	14.4949674370107	12.1762720485377	8.44739036626105	7.49558943646195	4.27325976275723	6.0143167525497	7.02144045050586	10.2669861692709	10.9544862499343	6.98489642013395	7.92333572430198	5.08299409797021	4.10278600465586	5.96216043058219	6.66093281755641	2.87284075437536	5.19776461567855	7.94580581187333	8.064828020485	6.47878445389257	9.94285421797987	12.6057127922224	11.1016190711085	11.204059487525	15.7375735105511	17.6569690207578	16.4590631871926	17.605615552999	21.2402932889355	23.8280435201886	21.8588230698727	21.042012879	16.4637424967715	15.8998131121092	13.0411346132152	11.5344342730799	10.0116085121223	9.11814685119734	10.920382044599	9.09847492715125	8.18242244081788	13.9374359550098	14.8175776022938	13.4410829176819	17.6918210764183	19.3600555009535	15.1610308356655	15.7604866993377	11.7775649860232	11.0553044281919	15.7222627506348	17.5011182214166	18.2903131465812	14.3304063445528	14.4588766852754	16.7420591624806	17.7419542610165	11.7790027591473	15.9725568084762	18.6453256876891	17.8126755429947	11.1478601534106	19.3832222811379	15.4236262273176	15.6192627226768	14.0755609479694	13.8325220404668	15.212377493344	12.3463685754152	14.2847731868588	12.3122483730633	15.4818096487458	17.6306889258475	19.7353933327917	20.6885268687744	17.7492480122398	15.218016822175	19.002186532081	19.4735918104494	13.3547679500619	14.075556862874	20.2280820642986	19.5147112712436	16.0938148988983	20.1847128292676	22.5033032908504	19.5593781854127	19.2429659616183	23.9215707678238	24.8277174343515	23.0747077337937
12	31.2980755478672	28.6825362197976	25.9787859801031	22.1963053006576	19.7304569384492	16.3570836642722	13.1312230580399	9.50006610503316	7.54490013187716	3.894980487756	1.33348565796562	0	1.33447817516811	3.37699940775831	5.74252818887291	4.05592184342845	8.70331925187167	10.1363142216488	11.3375694485194	12.7400430925488	14.4602986137908	15.9039400778549	17.5602283299506	18.8970462771302	19.4403725272948	20.7982091055937	17.1906140378987	13.1708196783647	12.1034298444697	11.6988848186483	6.0541904495977	8.59552645275436	8.70314908524495	5.60045007119963	8.43507184320323	10.0279540286142	12.1593495302997	13.2636747170609	16.8211595914194	15.2450638896661	21.6270691495635	22.5612668970517	25.9644611151474	23.9426291162855	28.5109723089199	26.5878446098965	30.5190418427578	33.1170601050274	31.0642309739031	30.8857316895682	27.8350725704102	25.3173566155711	21.2631239003115	19.3484136300628	15.6546263130105	12.8770605729724	9.5561856930472	7.53184831233344	7.11913906311711	4.58855031573154	3.26607991329055	5.65944926649228	7.9563517393338	11.4654226699237	13.7925076037681	15.8019873117276	13.7358141003728	10.0101968512113	15.0599671314382	16.8960052971109	11.8460952638412	14.6007270366924	18.5985417170272	19.8021922523745	18.7867705314139	20.1904409808206	17.0628147150463	15.1233882447023	11.3209641373869	10.779928107367	7.33413294125488	8.2046231479575	6.85231552104834	10.241914323016	9.79253542245316	5.74892868280691	10.2280456588734	8.36733231083838	5.90494953407732	9.13116920224349	11.0098455484171	6.41621297963214	8.84459134160533	12.0124360143977	11.9231441323168	9.33528665869452	13.2931060704412	15.8545580196989	13.1748491072953	14.3830046235131	18.8651278553844	20.608606697203	18.7200330662101	20.3849204560626	24.0633804358407	26.7006221088573	24.558064683521	24.310928509623	19.6552164577244	19.0807138231252	16.564541436454	14.8561532369588	13.4413346807525	11.7336461511331	12.5019504878239	9.86553612329305	6.79214980694625	14.0645000266629	14.5554751897697	12.0342487094126	16.8305646072852	17.8544568385599	13.9776995961424	15.2856058434071	11.6652747503006	12.6282335265072	17.2550760647411	19.0452977398622	20.8300664905324	17.1978449231292	17.3365556267674	19.5797085524785	21.3844584219475	15.5837762111755	19.4289664676225	22.1357459553547	21.8947647395445	14.7495672139897	23.0200609252017	19.0005623864137	18.973612755614	16.7057395526208	16.077935874981	16.5888817284349	13.869791274565	14.9902110058531	12.7793364851232	15.750897783936	18.1680849018272	20.5275694859377	22.0648506226532	19.1164845356043	16.4616641017851	20.5967307600017	21.5660367012578	15.4671920528582	16.0333504920213	22.4353965197854	22.3077045210842	19.0625094622927	22.7998678285643	25.2761859068966	22.7628655928905	21.8291836310935	26.8447667339465	28.2108486579188	26.2973715036313
13	31.2265914086056	28.7707310995046	26.4088326322842	22.5498350548291	20.543758687251	16.9529531940603	14.1337190081026	10.3378210953759	9.13312005833713	6.27054582951117	3.35745513745158	1.33447817516811	0	1.35368866435381	3.35120306755649	4.54067726225945	7.61522067966517	7.87113270120635	9.27737662273123	11.504428147457	13.0261994841166	13.6495780520864	15.4587234272433	17.3596642248633	17.3586696782904	17.9826940417725	14.4719979961303	9.41824643975725	9.70808740174912	9.24580450799172	4.89807278426934	7.67580445295475	8.55984585141579	5.85711481874822	9.1545619228885	10.4473639258906	12.7405828752063	12.9923168834508	16.8679771460599	14.462586698098	21.2056427631892	21.5647021078428	24.690010550828	22.4845531198643	26.7480431807637	25.3352474430387	29.1837129234784	31.4334867299191	29.9390777413066	30.0477404142142	27.0159827694645	25.1202427137956	20.5449168895861	19.6318052659454	15.3429504659306	13.3484616716684	9.25291867466693	8.22009257855409	8.65270622406655	7.29141152315517	5.05780120210354	8.77950784497628	10.9791572080921	14.4622015267386	17.039182316062	18.9292608149394	16.3373879491184	13.2523844269626	17.9592670785865	19.3703164661809	13.7332592271463	17.3774020210157	20.9515100649094	21.6172101345201	20.3645429852968	21.6198881356958	18.2343371143565	16.2578758145091	12.2919792954593	11.2296795145721	7.38819017080638	7.156958152735	4.96802234294493	8.24777212342824	7.147758110065	6.55696736304216	10.4345402390331	10.0600904071484	6.8289874798538	9.99928467441547	12.6023317683673	9.0353867100418	10.8617843837926	14.5104600547329	15.0484985962055	12.3560267481096	15.9856896316674	18.6708357070593	16.4562811412542	16.6974872959976	21.5683011152942	23.5225161494259	21.7420259865542	22.8102236288906	26.7917153986078	29.3170266057116	26.6382227072303	26.2598989525855	21.6605350349432	20.4990750035215	17.8595167627794	15.1185822417315	13.6736594224077	10.4465596729258	10.2266963385054	6.45653482914791	2.77300360620032	10.5209078030368	10.4239958749033	8.28204865960108	13.4081527810508	15.1439133977978	10.9440253106432	13.1280911026699	11.4921420544649	12.1575204708855	16.152975762998	17.4301195061881	19.5357080752145	17.1378417836086	16.7261216963168	18.7679082744988	21.0285708977096	16.5855559147108	19.6021273845468	22.3306965632512	23.3953208355859	16.3987232734747	23.981848490056	19.5632238907599	18.568428339523	15.4505676271133	14.1025632421911	13.8179287521683	10.898563483322	11.244937572081	9.38564286556867	11.9237723057764	14.4423829058781	17.1399692531813	18.9903316453399	15.5451466702634	13.6405514551282	18.0964035377199	19.4665840352128	13.6325240509599	14.7227801043145	20.9151582112113	21.1731270482185	19.3096409339998	22.4437143761901	24.7376910401921	22.7967223959937	22.5685142621308	27.3454692956621	28.7101540574062	27.658215958373
14	28.4611096234845	25.5240512458348	23.2344313681226	19.4699003849532	17.3973847747298	13.4832507949678	10.8387907074544	6.87617400885114	5.23798911797266	4.33298419106278	3.22237691774255	3.37699940775831	1.35368866435381	0	1.32225413593605	3.8554042589591	6.32275129986939	6.61048417288779	5.58698756039424	9.20358060756791	11.1726667810331	11.1692596442199	12.7892164732637	15.0095206119316	15.8920624526837	16.0727442896352	12.9852075070058	8.56274990876179	9.87946020792634	10.7551497432625	6.78483492798462	9.38949759039322	10.6651337544355	8.38590728544026	11.4928792302016	11.9296787886347	14.0638956196354	13.9142612092773	16.5123250028577	14.119097881947	19.6663813905863	19.0984613254576	21.8818072836775	19.1523493598044	23.178498937593	21.8251079264227	25.4193320919335	27.7144868074442	26.5978553082763	26.989594550493	23.9776620419923	22.1244372131813	17.4135050463713	17.0312750550274	12.8661478695062	11.3336675882082	8.44215185838303	8.61677956083362	9.85496692028948	8.16564988228126	7.58272312563237	10.2595549611082	11.6476713981808	15.6237762720797	17.3452978642628	18.7860314063402	16.1269121966978	12.4971240291517	16.8355037346674	18.0828070829725	13.4319580478797	14.9746779931991	18.7637933798046	19.2348518580206	17.5553516341884	18.225257913127	14.5039057498317	11.9379827441658	7.97997349619659	6.8235672488809	3.5998174953739	3.90330078267099	3.62984696647118	6.57173470249675	7.72441544713903	6.02967868132291	8.57296687267599	7.19473550590986	3.55310709098389	6.36511853778074	8.95727447385643	7.12376677046631	6.91245889680365	10.6089368458861	12.2282858160905	9.98559187028991	12.5847406409509	15.365263746516	14.8321436414296	13.0724024570849	18.1694655122268	20.445228832175	19.5879848376498	19.5985103005305	23.6730818863958	26.0323724812012	23.2671450117972	22.0722025407525	17.6605477265004	16.1075608333478	13.4262225886509	10.7709006587193	9.754824754961	6.89688871883547	6.81694550366951	3.00950926232168	3.61230674223549	8.04995509304245	8.72333915424593	8.63852614743974	12.4079470098804	14.6144531885391	11.9871947510667	12.5646464335452	10.6457117188096	9.63188221481139	13.8702007555767	15.0342639660211	16.9314785237439	14.0341813441326	13.2533621394724	15.4136708800986	17.4100799825848	12.5312063665076	15.8038762333802	18.5430207086116	19.3215194278297	12.4054520675387	19.7802818989012	15.3365300834315	14.5468680134247	12.1936456402505	10.3549855625201	10.1727543467834	7.09290384821337	8.24032165634328	6.89190713808595	9.64258502684835	11.7783273854992	14.2584716572289	15.4441708097262	12.1852440681342	10.2710505791764	14.5165122877363	15.5361139928877	9.82746330443416	11.7956400419816	17.2644838903455	17.330354814602	15.2392452240916	18.6025482394214	20.7941314076833	18.5759578487894	18.5689427270375	23.1911636836102	24.3838694632333	23.2632854085574
