5	6	7	8	9	10	11	12	13	14	15	16	17	18	19	20	21	22	23	24	25	26	27	28	37	38	39	40	41	42	43	44	45	46	47	48	49	50	51	52	53	54	55	56	57	58	59	60	61	62	63	64	65	66	67	68	69	70	71	72	73	74	75	76	77	78	79	80	81	82	83	84	85	86	87	88	89	90	91	92	93	94	95	96	97	98	99	100	101	102	103	104	105	106	107	108	109	110	111	112	113	114	115	116	117	118	119	120	121	122	123	124	125	126	127	128	129	130	131	132	133	134	135	136	137	138	139	140	141	142	143	144	145	146	147	148	149	150	151	152	153	154	155	156	157	158	159	160	161	162	163	164	165	166	167	168	169	170	171	172	173	174	175	176	177	178	179	180
5	0	1.33199549548788	4.50369625974044	7.8421166785505	10.861803073155	14.2800867644423	17.5475749036726	20.0435811171557	24.1378256270112	27.7206881768833	30.0585852295147	30.9457453618426	27.16222914269	24.9930156643811	22.2246354525783	22.7051809285898	23.8382952830105	20.8068210210017	17.1407770535644	21.1505963509306	21.5406239696068	13.9728088085395	16.4550680946631	20.2270913875426	28.1487697954991	26.6291771183415	23.2379370426895	16.829068215442	17.296542139977	14.9800158210864	11.6195981427931	8.25332108911316	7.84948565193924	6.61166370893136	7.91809427829702	10.0042066152194	8.08164896540304	11.1960544836116	10.2660871806156	7.30535433774434	4.74245031602863	4.18961692759613	3.316564035263	6.05279018304781	8.09828383054089	11.4522962762932	12.2823731013188	17.8388031268917	20.3734159629651	23.4365523275076	26.7881947693382	22.8512882350208	26.8651661078058	30.5234377651011	28.7363939804562	26.5777015748164	27.3508466596557	25.1118202048358	21.3442327105005	20.6954521090988	16.870719071812	16.7822549736321	16.1520013930163	13.8954414827309	10.6615462762209	11.8995392347771	7.501765458877	11.9456014499062	15.4490434008064	17.0386091568532	20.9109774759575	23.7582364665393	26.9439506197588	30.1707896151228	31.1609557459331	34.6544167747778	34.414263612636	35.6750478065552	34.1274349900487	30.8632593223723	31.8152994171043	33.0051430234744	29.9590901397222	27.1507801913684	30.1354653688972	31.9919313890237	28.5350038724371	25.2284314613493	25.2051883944556	26.7930956964663	23.7184472931935	20.6416619001475	22.1145232822234	23.7513767179926	19.83281631539	18.058969212001	18.8638451541567	16.6808669438971	14.0964631734347	14.1961537396578	18.2076626451612	17.3007684800416	21.9999264316952	21.4607653870965	26.1381034315805	26.0326000814363	29.7108212946058	30.5981523298385	31.9729888968798	35.023049567392	33.5963340410825	37.3958887045087	40.0202369933013	43.1802599691109	44.7182789136613	38.8622349717563	40.7721298315406	45.6597931335656	45.6829000940177	42.419599880244	44.988507732531	41.825022570227	40.1878630185781	37.9919655848444	37.8804720931511	34.3167733185974	34.1318545936197	31.5123418679095	33.6918249134712	33.0072289960851	29.3085406153224	28.2363750152175	31.4302175302685	28.5155293831274	25.1437948011035	28.2986365219245	29.1061276366335	24.8537468201477	22.6648228318688	22.1649599593593	18.0942043759874	20.2144589341392	23.7215977539457	20.938383175403	26.3941159730725	24.4879419510909	26.7924278295193	26.2871998318573	28.8759277599872	28.538055890337	23.7386185992361	25.634261857912	21.9856308983845	19.4465400007302	17.7655080704155	18.2431403546648	16.8117234393146	13.5257388337939	13.5870823210872	13.8086112625419	11.4870000870549	9.16554695585594	10.8453957972957	11.6042858030988	8.05882956762333	4.73320652412294	10.0296762659619	11.5685703956885
6	1.33199549548788	0	1.3207914294089	4.2367296349897	7.39979715938214	10.7822371519087	14.1251498045153	16.2571993282976	20.5256940442948	24.1693476329006	26.6037872115983	27.7358638949646	23.9189256029614	22.3125755124773	19.5170990928468	20.4836679088487	21.8577560147422	17.9780857991055	14.6935740376533	19.3348634854245	20.2350053867055	13.0867975456183	15.3563672787544	19.5317571150166	25.9650165607496	24.3853464400242	21.0207747240676	14.9021819543314	14.8259846890519	12.0639957725457	9.608021908801	5.98695724053546	8.28176533113563	7.24705885169977	9.31459977669465	11.5486583203418	9.61977073531381	13.5458757191996	13.0935442489801	9.92509969723226	6.71047107139283	5.34359925518372	3.58684861682229	5.80356666197606	6.11571721059762	9.15682204697678	9.28863579865203	14.8994691516174	16.8493061578215	20.2409122571094	23.5390146140402	19.1867129545423	23.4450474514342	27.0010338505769	25.2482406713814	22.7587847434787	24.0412102232812	21.7128373548921	18.4347796840646	17.2145648216852	13.3614493225847	12.993109173712	12.1538525990733	10.2396825146095	6.77161317560299	7.77112450035386	3.37295849366695	8.25576210897577	11.7041683173133	14.0666612243275	17.4193863554374	20.3510071986622	23.6721770228258	26.973061079529	28.4497060266007	31.6237858897381	31.0603138747824	32.1060225191474	30.4490732371283	27.2557272880398	28.1445027136739	29.1524276519126	26.0512325620113	23.5181742701256	26.2716023683368	27.9803176179256	24.4723811264862	21.1665115217411	21.282787975263	22.6672166134265	19.5963630299094	16.5814159226527	18.2304146414721	19.7048281900655	15.8589351786304	13.9643999871101	15.0209526329058	13.333250278908	10.1949604216986	11.1158010057755	14.7477154162941	14.6112432393688	18.8916226407368	18.558755804202	23.2807246665562	23.1485452890673	27.0722881929105	28.3533549866678	29.7823249764017	32.6490449936901	31.1417901219567	34.9727718232341	37.6344324920677	40.7488999728827	42.2285493594085	36.1334346139417	37.9080633770706	42.9016993952454	42.9394103010277	39.7366938232158	41.8219579885973	38.5745657785023	37.1249053870848	34.912752641406	34.9231734812288	31.1985072239042	31.4241544834543	29.5451827037844	31.1548596048835	29.9718169452571	26.4626996733138	26.319522450075	28.394362873641	25.1818899409874	22.8193946676944	25.5193468176597	25.6995026605575	21.2963174750941	19.7172392844435	19.4846207302067	15.9399835947218	19.0222058394919	21.5642146390728	19.1257685074352	24.1604945934474	22.0431506595586	24.9587709032316	24.0646742965701	27.055791801387	27.1552709432257	22.7778584814288	23.8069296424381	20.123361995452	17.6672968503956	16.4973089926812	16.9140331381962	14.752172111252	11.8457142460892	13.0578624207793	12.4970719770673	9.45904149478159	8.56825291410098	10.749395052746	10.1104181911531	6.32866407703869	5.79062077846581	9.86058137231269	11.608231820566
7	4.50369625974044	1.3207914294089	0	1.32535127419111	3.93177389990829	7.27371940619103	10.478940452164	13.0037749903634	16.8723261585355	20.4002902185239	22.9151084221742	23.8757574120697	19.7397517714889	18.4371521662105	15.5806227410845	16.5194052253706	18.0524555116472	13.6436854625134	10.7821642539891	15.5088748141185	16.8175892743282	9.62070948527186	11.9553008326851	16.280955561637	22.6025217398413	20.4992480105978	17.7855337001733	10.97156438253	11.9550559178952	9.91395370172768	6.77469563891988	5.95899731498513	7.49227795800449	9.01326605620848	6.26440268501315	8.93983612825202	5.86075472955489	10.3864246013727	12.084352278877	8.8387495156272	7.72976978958623	3.71561381201007	2.8533734420857	3.79371862425246	2.77900071968324	5.25201123380367	5.99460532478995	10.9526410057118	13.3325852706818	16.3964605021938	19.7689326722512	16.1080808912794	19.7086555096993	23.5067038310351	22.0961590101085	20.1805153799401	21.4088711752862	18.9388117367484	14.7815829328256	15.3153981339043	11.1307413050524	10.3541076872901	10.6537848204288	8.84051355974301	6.06610756581187	6.61279502177408	3.3784955231582	4.31972290778008	8.07332063032306	9.37747162085815	13.2009906825208	16.066974948633	19.2472554666893	22.5373431885837	23.7572206076384	27.0703710724475	26.712734191767	27.9763834689189	26.5476078583363	23.2152878078218	24.1708231758871	25.5453542938829	22.6294816113847	19.501626829575	22.7352850213055	24.7619675712573	21.7847739946964	18.428544760778	18.2996478108187	20.8045095111613	17.9152066691959	14.0202157615352	16.2334385759764	18.6951617805249	15.1042240780518	12.9219381286245	14.4068070716589	12.3709445476083	9.01108728178792	8.60928649773023	11.4042670084491	10.2160725819661	14.4986311767698	13.8481962363335	18.5554663374435	18.6982186049902	22.6079299804294	23.7787162185009	25.4793975399734	28.1849181833122	26.3758223758047	30.2718973472097	33.0551276052597	36.1800213792087	37.808880768941	31.8527093196168	33.3324327795017	38.4128006919568	38.6585981509935	35.5161526351039	37.390318212072	34.2219737741703	32.7278015454751	30.3221306804123	30.2444983757377	26.6404665687371	26.8152311382915	24.9159793506095	26.8282691391003	25.65680745923	22.1307273265024	22.0742890712249	24.5549728771994	21.3333239088521	18.8019015261755	21.76651722256	22.3844986765395	17.7192728123927	16.6209613139553	15.8608923771647	12.1861387239765	14.8039030664214	17.2000499127183	14.4763640808043	19.4256216631541	17.5165716109061	20.6178279166356	20.0723490154989	23.1284476781301	23.2448898039978	19.3813920552679	19.4521986675029	15.7181441016425	13.4512398685028	12.1386024319112	12.411918707436	10.1483538566607	7.49450378610886	8.24286952462551	8.24314945879304	5.29520254570116	4.10838788334305	6.0369716746064	7.33815296924233	3.88785107739481	3.87784269923368	8.05372423168313	10.9238521593804
8	7.8421166785505	4.2367296349897	1.32535127419111	0	1.33395727067999	3.67071668751485	7.679934049196	9.1112888769921	13.2305861170244	16.7373912543144	18.6777267085692	20.3659151770796	17.664694902545	16.6892717037024	13.37946575914	14.8463580045747	17.0196449434176	12.5097198609721	9.82663238347706	15.1116439211623	16.8549696232298	11.1753323887927	12.7559704452464	17.1251573423429	21.1739585812384	18.1751005499282	16.3601859402636	10.7601143581284	11.3770053177451	6.71889045899693	7.89798467965088	7.94488665746718	9.68735676023135	11.7614760978374	10.675336716001	14.0184838338531	11.611599071618	16.2619549562776	17.6046752029113	14.1233879080056	11.9570198628254	8.5820473664505	5.48864263730114	5.60346401790892	3.63775026630471	5.81287269772872	3.39962306734144	7.99609010704607	8.12455247998313	11.9505857597023	14.7241365791003	9.50708830294533	14.8349353554372	17.4463953010357	14.8524821157947	12.4412795965688	13.3524532951814	11.6050669106214	8.07890004889279	6.86130060557035	2.69375091647316	3.81815505185423	4.56974889900966	2.66662295797512	3.49015028329727	3.81839364131044	2.7718075330008	3.18213041844611	5.70282508937456	7.87151408561275	11.0986512243606	13.9047366030429	17.3071609167997	20.6569521953264	23.0006552297973	25.5720529093775	24.5875973612714	25.5885869871707	23.6642839316976	20.6785636831962	21.7494689820234	22.7377688879098	19.3515359855491	16.9992597780021	19.9911855826512	21.1685624925265	16.9337912470894	13.6400335043577	15.6459495716943	16.0477231095255	12.5471776109211	10.0680351111823	13.7964177959353	13.4863804632674	10.0665744918517	9.28914533205289	11.9246802053556	10.8792661976808	6.39111336153569	7.72700757085173	9.95896028709825	10.1142174684945	13.4961497472427	12.9949286646753	17.6379493989522	17.489561601138	21.6743859428589	23.4591039257683	24.8908661359945	27.5404339290433	25.8894952055848	29.9237941611688	32.4968495857675	35.5502946682584	36.7797419376482	30.3500039703457	32.0906945234908	37.1625709148331	37.0227698720666	33.7867247450829	35.4908119940922	32.1217627940934	31.0027222998239	28.6988498201583	28.9543112851955	25.266479830004	25.9426214750938	24.6844111130892	26.0172509885268	24.3691269642554	21.1163461801515	21.9502275614628	23.1514018797998	19.5533763324905	18.1310366223225	20.6722312293569	20.5281169375079	15.7353965631629	15.4146248413641	14.8870836969502	12.350210403066	14.9676666518198	17.1233871941272	15.1943587228945	19.4490498739656	17.2206661020995	20.4885408460437	19.1169382747343	22.6430004637195	23.5623958459236	19.8834608909013	19.9734243683951	16.6461808232399	14.2988593950706	14.3220048177621	14.1523230955204	11.240331044947	9.07952845691889	11.8920674821496	10.2524721896721	7.24355782747677	8.28430147930409	10.1838243307708	8.82351029919499	5.67668618121523	8.34254703313083	11.1194576756243	13.3690486572531
9	10.861803073155	7.39979715938214	3.93177389990829	1.33395727067999	0	1.33075805464405	4.26029599910617	7.35867494865754	10.9677949014376	14.4495089535942	16.6221486878201	17.6128933738895	13.8504025934267	12.654321159193	9.89108881771871	11.2822150750639	13.0008866236115	7.79156268023302	6.0612890543184	11.3748569661337	12.8747348322208	7.72986325881642	10.0531826303912	14.2127664442923	18.3881066453292	15.6153413027061	13.7445020280838	7.24945087575604	9.35792941841303	7.9907387017722	7.00807120397617	8.65408221592562	10.0905417099381	12.3364687410944	10.1867716672163	13.961107262678	11.6874178499787	16.1901269297063	18.4033258407278	15.3752418192365	13.9691106731961	9.73919452521614	7.40981200841155	4.21226281231359	2.77131160283358	3.48105242706857	2.8028351717502	5.62978916123863	7.57994228210215	10.5298698947328	13.9574339332128	10.9026115678768	13.6155271289804	17.6794507267618	17.0378252720234	15.5232217661154	17.4483826184549	14.9390357453217	10.078277084899	12.7811638750155	8.89910338180201	6.70033096197494	8.85257685648648	8.02526896745523	6.47312374360324	5.64879863333789	4.99963048634596	3.34777224434399	5.54955358564993	3.92435739962608	8.27763076006656	10.6254980118581	13.6359399749339	16.7710343747784	18.3605270893839	21.3241382944306	21.1177912670809	22.6893683473119	21.277422541276	17.9470472223149	19.3109572264039	20.9367597540785	17.7056537015723	14.439662911578	18.4845732707033	20.3243974818443	16.9442016926145	13.4663594189372	15.3461393516415	16.9687922080506	14.2269902649858	9.72199048549216	14.6068606483392	16.2489319341303	13.4752460830962	11.0919697980115	13.8245122517939	12.7832197039713	8.00132107842199	8.04944954639757	9.15689570760746	7.42308904702079	10.4510691319118	8.56666487029813	13.2628058494423	12.8591260589513	16.8882493468092	18.5093471251689	20.0001934740642	22.6388866554873	21.4294155309938	25.1454742051129	27.5935918104186	30.6737100951287	32.078900495497	25.9553230571303	27.608558437557	32.6157949619506	32.7398551462892	29.6019120666216	31.5794065175392	28.4248111515275	26.8457573184293	24.6898082819612	24.835211575503	21.5397304300681	22.0961174191305	20.7932060779477	22.8270911199829	21.2761897199663	18.0147439615444	18.8541505775254	20.9637201374184	16.9463904711298	15.7498440944665	18.7673675298375	19.4864325365111	14.0509995729841	14.9324458478844	13.117190781566	10.8061457051069	11.9982621241578	13.9263179986671	10.8877041197858	14.8417729736039	12.1734281531539	15.4389564414179	14.5413318165841	17.943876281339	18.7189827180859	15.306441062507	14.9070348829001	11.6799675513248	9.43370181848038	9.99668074912868	9.90153952676047	6.90237191116213	4.50196701453931	8.10331506236799	7.6846372718561	3.98954044972601	6.10466796803889	8.86182204741215	8.22445390284364	6.72545098859549	9.96064270014742	12.416181135921	15.1941233376592
10	14.2800867644423	10.7822371519087	7.27371940619103	3.67071668751485	1.33075805464405	0	1.32531732049347	3.61453219656431	7.1648246314896	10.7366572544717	13.4344817912713	14.855432709955	10.9549009123771	11.060348864299	7.47132417982248	9.90629971280901	12.1111866883473	7.51134215703159	6.63585631248899	11.9056958217485	13.8676239132737	10.6801467218386	11.9213954720075	15.9527914485209	18.6283728758043	15.2890162862102	14.4204043632625	8.77062762862499	10.9686756721128	8.45844548365715	9.23570739034103	11.4504388125521	12.5913224484166	15.2402657457145	13.6287592245222	17.3998672696087	15.0636669174541	19.520646582529	21.74970760723	18.7042023620362	17.1613594449857	13.0229100050642	10.7947354761476	7.56678458792108	5.22455222961739	5.71741086506821	3.73499210173194	5.17805426777279	3.48868255936249	7.95012672854968	10.8360677831029	6.30167025478166	10.2549034125144	13.6107568121688	12.7804485445543	10.8311962866527	13.4018149144062	11.4313455900869	7.67789541476048	9.36378881649944	5.76947189957625	3.2177964509894	5.39660680427989	6.13809742509843	6.62011223469814	4.13137822040054	5.98385469409142	3.00569625877267	3.34199491322174	2.79225965841288	5.28467454059377	7.35547292837109	10.7331360282072	13.9837582931056	16.619360216326	19.0791207868707	17.8793642504425	19.0401099261533	17.2106248869703	14.0836801298524	15.6071135383837	16.8021071595202	13.6244118405163	10.6032095612602	14.4309038871444	16.3039880397405	13.1523248135073	9.27211572404055	11.7048476282265	13.5970376920857	10.6600467165956	6.71634811486123	11.9632198425006	13.3959573752681	10.3285312605423	8.69046931989291	12.2934926688879	12.5279412913695	7.67587297966818	7.26193789563089	7.82931484869526	7.23918648744457	9.38670709034856	8.01465289329488	12.1071899712526	11.5224188866748	15.8990094031043	17.9820111500355	19.7602956708648	21.6266835414032	20.5852447155724	24.4908372457946	26.6983906069261	29.6376454699087	30.6881774792835	24.0609131372855	25.698438571244	30.7150876769056	30.5360938071653	27.2437805012447	28.7189271039153	25.2961787825751	24.3053393311017	22.1701976761598	22.7532347150905	19.2147301308137	20.5944545205742	19.9759260611367	21.3720066676014	19.1702451471023	16.4085193116259	18.3771393584529	18.854196933309	14.0362083911575	14.8223975456064	17.112939139727	16.8306975791261	11.2588356858069	13.57905596866	11.6370020194206	11.6353499732496	11.8296950087481	13.8268452294802	12.5500048207162	15.0951095060619	12.4933913330208	15.9748161178775	14.2572215385748	18.2633700340326	20.1365876702087	17.5044278112711	16.3771026436302	13.8568581576056	12.2155919218022	13.5185673057466	12.9684789007809	8.64914203837583	7.21387343942212	11.708459890182	10.7197592323708	7.13224543885024	9.2843705764042	11.8190019883237	10.000129999155	8.66946099823974	12.1315435951078	14.2711507945225	16.7468724841386
11	17.5475749036726	14.1251498045153	10.478940452164	7.679934049196	4.26029599910617	1.32531732049347	0	1.33114574709158	4.55866669104026	7.76751060507805	9.88294839610124	10.7058039399197	6.7663853718215	6.32760262658774	3.43946231262969	5.86772903259856	7.98147010268159	3.83410041600373	3.45932854756526	8.29843418965289	10.1103612200554	8.44851608272127	9.5292659738303	12.7391317600534	15.7165926650785	12.5096922823865	11.8678419689512	6.9010597012343	10.025717231201	9.37072435834072	10.1136939344633	12.1531175012834	13.63372718665	16.4839268986489	14.3801563621541	18.5982273886519	17.110339593357	21.2214830066138	23.7074887957371	21.071645498157	19.8347945792237	15.6766566269725	13.6795462278542	9.8377024248551	7.61834187996312	6.21796582493021	3.05496628459301	4.3702567430301	2.48608125370029	5.56675039857186	8.45629978181947	6.41264758114774	7.31726868442044	11.4730231412649	12.1341916088382	11.1321723845797	13.8592527215575	11.1795227984024	7.55570321015854	11.8065074852812	9.66985982318255	6.53866561310486	7.13958563223385	10.714172716547	11.205088174575	8.23389342899214	9.50721925696468	5.71583108567774	5.56750940726641	3.50125363262932	5.66692456275889	4.64565366767692	7.93965792714019	10.4385775371935	12.9303539394713	15.2681535556858	14.8522476750154	16.849555810169	15.0391997459971	12.1233634771873	13.7279931526789	15.2764758043208	12.2241951064273	9.20982915150981	13.6139409797457	15.2950046093488	11.8184020070397	8.01215657610359	11.3922671141437	13.6972961930448	11.1028789509748	7.57683126379359	13.0050702804714	14.864134350846	12.874090919362	11.8233715157733	14.921828071654	14.7840392991902	10.1417074006303	9.46389734728774	9.38631615704478	7.82310207015094	9.35103095920445	6.56359322322766	9.58732663467768	7.26991224156111	11.5198838969844	13.8606426979415	15.1925093384865	16.8499258752079	17.7946010070471	20.9051073903006	22.3898322905733	25.4090143059506	26.1171985097943	19.3841585837508	21.6351438174097	26.3776967531284	25.9803829840901	22.7471882658055	24.905176871486	21.6241090914747	20.1454727668526	18.730429947014	19.5987165140986	16.3981449255701	18.5909461297697	18.6228926593051	20.4726933743462	18.1275002689284	15.8251188621129	17.7504257132047	18.9104670751412	13.5351452522683	15.680309371948	17.9524213965693	17.5066861227361	11.8414517268788	15.378018532958	12.8272748080019	13.3521868620837	12.5205465136311	12.8716059604076	11.1365475350308	12.7171379641805	8.99725013545806	12.0791537369139	9.72270332777875	13.8744531784139	15.9475785622771	14.0492528271079	13.2500809808846	11.7331791940633	9.49669237155758	11.7206848775999	11.9143244877752	7.31427781807609	4.90099887777992	11.2560417110101	11.7796409962273	8.44004982212783	11.0787802126407	13.8784609377265	12.0549260885333	11.7234246276419	15.1222691749618	17.2002215683403	19.7490744340083
12	20.0435811171557	16.2571993282976	13.0037749903634	9.1112888769921	7.35867494865754	3.61453219656431	1.33114574709158	0	1.33557590574254	4.80434698996648	7.89554918925847	10.0559907020641	5.9953015770685	8.5664550427817	3.99016440764037	8.53988114671393	11.0655488341067	6.88726142962499	7.32310323565086	12.35993353542	14.1406543342237	12.9731400593688	14.1985360865126	17.2943240110737	18.2454827286098	14.5999166435977	14.7091943355168	10.7464449005241	13.4343329197992	11.8623659107279	13.6231618576599	15.9474799890139	17.6057530938043	20.4865253520454	18.4395893121295	22.173637252377	20.1713928125948	24.2294734156564	26.7618641727365	24.2163920723133	23.0173212385803	18.7385499438991	16.8467256165701	13.081497850017	10.9809422637586	9.66715066604426	5.85938059866399	6.61214594515276	3.45256556780606	7.14153169845237	9.21920023646303	5.91049346501627	6.90807237947027	10.7629416982533	11.8124453014607	9.48624762485146	13.0997210657327	12.253206478306	9.04986414262667	11.322947187018	9.24115046950324	6.10811705847227	4.52398916886413	9.43248747680059	11.273719528177	7.79744073398445	10.080314528823	6.83627193724767	3.88708283935395	2.76007554244444	3.35961977015257	2.81087406334756	5.58720413086904	8.59064147779431	11.7023219490834	13.9107982876613	12.0858474671824	13.2500439621912	11.3438147904486	8.28187979869305	10.1799211195372	11.4726956727702	8.13905356905826	5.29053381049587	9.59154283731246	10.836413198102	7.70246960396469	4.35400700504719	6.77326590353575	9.06503447318321	7.01739160942298	4.26219966683871	9.11452335561219	11.0445163316462	9.83119280657235	9.25324402574578	11.903161428797	12.9345823666634	9.04774833867521	8.70099592000824	7.48758071742803	6.95293563899451	7.61844721711715	6.83338781279096	9.00430508145965	8.16785222687091	11.7917634389433	14.6298118238069	16.7083093698914	17.3727886074746	16.9153194767347	20.6553440058499	22.4936402122911	25.2252711779279	26.0139962712383	19.2253167984301	20.6192859721184	25.5902047275906	25.3297472944362	21.9594186853842	22.985067783237	19.467989675362	18.8403894068037	16.7307446935275	17.7162535825157	14.0604635414342	16.5998784935312	16.7732581509974	18.0090474484355	15.2045351786893	13.3432659045677	15.457775163328	15.6733193357374	9.91746262912041	12.990805171351	15.1353817593082	14.0413884641085	8.95400591914033	12.9595399995525	10.8854782623457	12.9328972005502	11.504873619471	11.4075731862653	11.0932716995483	13.1662758971548	10.92605335883	14.1035927692202	12.6169729333149	16.6824268318491	18.6816986915002	17.5191829432768	15.5475659188183	14.2800967433698	13.1026048173636	15.268082165092	14.4955011296609	9.56929323408997	9.11764536489548	14.3631319008077	13.4780714866779	10.4385246083917	13.3953182119724	15.924248961882	12.9162289388196	13.276069373124	16.5888279875343	18.06096348482	20.1604595681745
13	24.1378256270112	20.5256940442948	16.8723261585355	13.2305861170244	10.9677949014376	7.1648246314896	4.55866669104026	1.33557590574254	0	1.33000977440017	4.25838443544028	7.08307405015647	5.36404129365164	7.77669917124226	2.86128170580948	8.76931200266019	11.3851186203746	8.86980929896466	9.67093056535926	14.1817496099741	15.8291789426995	15.5613933823421	16.9918754703535	19.5967068662059	17.3036326243942	13.7153098761931	15.2969452506048	13.0063787811981	15.7801677430882	14.0892683273476	16.4688848438502	19.1129468423893	21.004064392398	23.9877762620882	21.9481237694706	25.6583508043678	23.722646627221	27.6611206750558	30.2556402840859	27.8285578138717	26.6743095505769	22.387120873395	20.5405598268402	16.7290034670329	14.5062603726805	12.8531761444399	8.79603831278605	8.2502558142157	4.29793217722197	6.72611663592002	6.89555661277609	6.3257171925403	3.19065212770054	7.25271611191283	9.61351980286097	9.81623741562927	12.5226254834999	10.8800368105995	9.13528111225922	13.5622105867738	12.7109129884521	8.88608130730301	7.10697291397681	13.5511381809795	15.8598289398089	12.4228058022332	14.5990603464744	10.8678790019028	8.38517936600047	5.14554273133554	4.79280429393899	3.54154401356245	5.79181396455376	7.88772692225079	11.3508795253936	13.016529913921	9.92390653926164	11.4684060357139	8.89269711617347	6.74711419793677	8.79058183512332	9.89207768873658	6.93918410189556	4.87967509164288	9.21485816494209	10.6064028775075	7.00124681753186	3.24251399380172	8.41856484206186	10.9633895306151	9.11281372573806	7.54942077248315	12.0600673712878	13.8818316514788	12.6701310964015	13.3222368617286	15.4048443679253	16.4759057414153	13.2975740644676	12.1149874948347	9.54745306351385	9.16855588410738	8.81617076740237	8.06691080897762	10.3072260574803	9.03045762959995	10.4863290526285	15.1346247062819	17.0723314752262	16.4197499980968	17.4306610316419	20.6385706384914	22.1181305267873	24.5991822221797	24.7135820956817	17.5549250639244	19.4271960406025	23.9577097820305	23.1080608013741	19.6776351475476	20.6543777684054	16.9505815829428	16.7604923853686	15.4985774831112	17.1398875725601	13.4897336519295	16.9095424243236	17.5529987751381	18.5713049891493	15.4395718528721	14.2418207403408	16.3035601633508	16.1871947538788	10.1645313713914	14.0552679447956	16.2201074595701	14.8223923170317	10.1802805953471	14.9427091586499	12.6747997222836	14.8496508713168	13.6570541479486	12.5892651493246	12.7654410812944	14.5712907458468	12.5198106615076	15.3193286406422	13.4135062157513	17.4366786401539	19.6005423649449	19.1696038821881	17.2162716927911	16.3267965627064	15.319335298896	17.6384472672625	16.9792906212244	12.0704491217187	12.0960194278944	17.4360153991673	16.3114370611544	13.754889276181	16.7805438827232	19.2118502492602	15.9752371500394	17.1206721830657	20.3359470888375	21.9048177577445	24.0377126615658
14	27.7206881768833	24.1693476329006	20.4002902185239	16.7373912543144	14.4495089535942	10.7366572544717	7.76751060507805	4.80434698996648	1.33000977440017	0	1.33002293213313	4.30129933857201	4.0588478660822	5.75487158848918	3.39773262632597	7.60190259079923	9.87168749505372	10.3571191457857	10.6241309291631	13.7162763897495	15.1313351691118	16.3018509991964	17.8507948842622	19.4848287136428	15.5586818850441	12.1770276750938	14.116843910733	12.9425652016901	15.7531549538497	15.4711015121742	17.9218392471309	20.9280285980309	23.1525040762333	26.3079823247622	24.4197507972543	28.5397877707596	26.8524747835279	30.6209955422746	33.2984734484931	31.0498093552923	29.981754985324	25.7050098229898	23.8574852824014	19.9520777113563	17.6294841104327	15.1682264289534	11.1852954364201	8.1979759697135	6.46283227385641	6.57184418561487	6.65924162348837	7.41861907635107	3.41303677097098	6.96965745212776	9.86791295056862	11.1626723502932	13.8813582188488	11.3152048589497	10.0026500488621	15.3689719239772	15.7320928995477	11.4448797721951	9.40577742666708	16.8572444070791	19.4856066110347	16.0682832001431	18.2016309708773	14.4643219336407	11.8167430368947	8.1365748936515	6.74818005094707	4.09381130488448	5.87728670391363	6.63560607631285	9.9939068436723	10.1018125106339	5.78345450401402	7.12948988357512	4.10687095000561	3.45157036723866	5.67836922011945	6.75378197752933	2.67035540705727	5.55436909108496	8.58609958013532	8.49985841058544	5.0866188180362	3.00224099632258	9.18366620691323	10.6274766995746	9.90790865924793	10.5011687444779	14.3226967432813	15.8481194783482	14.9371986998901	16.5368839265443	18.2453974744317	19.3237450045275	16.3787954685319	15.3225419888477	11.9631148535822	11.3695543448281	9.97144352639075	8.86867233581217	10.8313744741838	8.58937069871827	8.50606842201495	14.5815566727287	15.7178078306105	14.5826266838317	16.4207015075483	19.0536866249028	20.2166063670439	22.4231052488276	22.1761446829696	15.0924023601281	16.537042329268	20.698660077406	19.7716238331605	16.0123785553552	16.2099467611711	12.39253004838	12.9014412373192	12.1721221239355	14.4268190880734	10.9899626932943	15.9509923829209	17.8661265527814	18.3808487562463	14.8701493267553	14.8352835159966	16.8651590268221	16.4395675125594	10.7306544534805	15.0120360377931	17.3482422452536	14.2467755650182	11.6897467038426	16.4345978959024	14.3930557214234	16.9939568670748	15.3036318891955	13.2879907435248	13.6850720494998	15.1514140924205	13.1473500371748	14.9922937871428	12.1052399810991	15.9616044306329	18.422688647426	18.6726493567464	17.674956209281	17.6538055670725	15.9486058951872	18.9340837116561	18.8925165343318	14.1708964077789	13.9451578693108	19.9279319047411	18.7331829116144	16.7898461577228	19.8492067851589	22.246966062814	19.0421835670177	20.5826795388744	23.714246119158	25.2173618366395	27.3525909741655
15	30.0585852295147	26.6037872115983	22.9151084221742	18.6777267085692	16.6221486878201	13.4344817912713	9.88294839610124	7.89554918925847	4.25838443544028	1.33002293213313	0	1.33949244118808	3.10717379623348	5.46407567663553	5.16494849925921	8.74525488479324	10.263057731495	11.4642024580866	12.5256465302195	14.3424879292262	15.7742199807154	17.3616679498256	19.2771878395164	20.4364189133028	14.7993590739599	11.6101746326229	14.097654379364	13.9980668308163	16.7115448118958	17.0261451597242	19.6086792263018	22.7537035227235	25.1373232863008	28.3627539389249	26.613688507984	30.7701488784179	29.3352311223212	33.183671300807	35.8275752319355	33.4374488560357	32.2254700819088	28.0375537627661	26.0528632975341	22.1949180444533	19.7970690760021	17.275949843641	13.3032487009753	9.71749190892383	8.15676712920015	7.40335741403858	6.8487845637018	7.5310940772241	3.65093700301717	5.65907669147539	9.51446146663068	11.5407151424858	14.0104241548927	11.4761820306232	10.8273965938262	16.2621857694469	17.1793873290057	12.8589805583491	11.5188383962967	18.9820553681628	21.9184489870976	18.7759928099688	21.0949123961205	17.379584344857	15.0183430843752	11.233612686932	10.4617369016813	7.1754477212227	7.52668811629657	6.27484701008718	9.51768196568892	9.34991663064436	6.30825475072147	9.7695300808176	8.03316083493914	5.53721997034613	8.75180192874587	10.9266527811586	7.0633787948828	9.01012569279697	12.5545870899843	12.8660191978716	8.0770075523055	6.01106696019933	12.8616158393881	14.6577391162485	12.8674673110135	13.7921058580624	17.5295746953541	18.9468053771606	17.0745763344219	19.5430226167807	21.4474411993599	22.797753748999	19.9189449017763	18.7923224748832	15.6422596193772	14.7174542975339	13.3051913552568	11.060973103665	11.8117594371033	8.14876266681022	6.4454832247086	13.4890726515947	14.3637372922231	12.0130439523045	15.0931786910511	17.7207572637289	18.069500961565	20.5396806450344	19.740528184423	12.3329698369857	15.2596654288356	18.9688676783829	17.4247233837441	14.0312962337768	15.6941759261199	12.2939537578437	11.8328595867609	12.3672924684427	14.4624891702639	12.3114895118341	16.9773208133675	18.8156000435809	20.4634187515185	17.4277677572316	16.7121405870104	19.0052550627451	19.6125873356883	13.8709414244311	18.270794919762	20.7543377152826	18.2171182133728	15.3478935036701	20.0768447969296	18.0210413128654	20.6222605210971	18.6392290076602	15.1157511887435	15.4339698716824	16.0285297516647	13.7805642119617	14.6977919770284	12.0738131093702	15.3770767052779	17.8450625944545	18.6332149131598	18.0667022170622	18.9939253973474	16.7438818079918	20.3128596214319	21.0185715499413	16.6427196695732	16.0672926157458	22.3384642489138	21.8149814118646	19.6131729457526	22.6267932549003	25.1631260776558	22.3615310298736	23.5993509656516	26.8230941913866	28.4888479409049	30.7347437275797
16	30.9457453618426	27.7358638949646	23.8757574120697	20.3659151770796	17.6128933738895	14.855432709955	10.7058039399197	10.0559907020641	7.08307405015647	4.30129933857201	1.33949244118808	0	1.32757448001986	3.61472571573557	5.98183943281663	8.13723951964055	8.59815294118452	9.8568441704229	12.0636869156987	13.2439264570595	13.9044452604194	15.7530635433239	17.9494494065974	19.0865337083505	13.5300730596697	10.3392434442758	13.2319343257137	13.6725897327463	16.5866735363062	17.7025677798448	19.805185533087	22.8656474432718	25.1622422887945	28.1643013227738	25.9211876656916	29.880346199467	29.0302665161724	32.4971113485491	35.2184486313636	33.2045527149516	32.298580913099	28.1859038173339	26.7167066084126	22.0832675571347	20.5610207431441	17.7306820229793	14.0890609339303	9.97866834803121	9.75386056902599	8.30807173777405	8.15179998527933	9.84263343826234	5.51926018593072	7.17405045981696	11.7817842876196	14.2585336553237	16.5969275168629	12.8975929924928	11.7940211971999	18.4541754082917	19.2829998444225	14.9763943925098	14.6390867884578	21.4016430210393	24.028044781047	20.9152328698487	22.9534567549204	19.0081164243067	16.5705368048232	12.4481639208359	11.6173987622015	8.04511087555666	6.84663786102347	4.35665077783382	7.53454398089227	6.55552057429461	5.98210807324642	9.49281723199178	9.46576885413964	6.41500179267317	9.51399989489173	12.1552060451479	9.87600556905473	10.7430235036511	15.1523311077867	16.2093052287876	11.670518454636	9.50940934022718	16.1180373495038	18.0864574198487	16.4000719815493	16.6475703332348	20.7636565903022	22.3122285305614	20.3611962566054	22.3511318952755	24.4758410682861	25.6264759574936	22.3049388701247	20.5611593787899	17.2475734235283	15.1420700698418	13.6239390779613	10.452808474281	10.0661832886154	6.04916192542405	3.01636221299764	10.5367458923522	11.0129920548414	8.52661867330773	12.0334386606655	14.7745861870984	14.7879901947493	17.4907554439481	16.7340954341727	9.2732916486003	12.7120217904156	16.408177229662	15.0729598287795	11.4697533103376	14.2378118051897	11.3459227037734	9.72416263747167	10.7811237818699	12.5791149529687	11.1915175467852	15.48779587288	17.2078128767139	19.4422232010642	16.4210208574254	16.049650027337	18.3942379293082	19.7972108389035	14.439951004072	18.4670703144814	21.2200452638537	19.7210159221071	16.927984050087	21.7857360215348	18.953944945578	21.4768467424806	18.4929548477251	13.815194352596	14.1168460004351	14.1281091445388	11.1980482674438	11.875803130736	9.70274301422026	12.431927967938	14.7187001464124	15.7911771885442	15.6772341948444	17.209013074549	14.5878814431706	18.4823875351644	19.6260752316911	15.3280788424381	15.1149008928276	21.2536688127015	21.1960756981098	19.7552895701379	22.6266953397972	25.133797822852	23.1258002456131	24.6849437714571	27.7224613806206	29.5181460461188	32.1328184104663
17	27.16222914269	23.9189256029614	19.7397517714889	17.664694902545	13.8504025934267	10.9549009123771	6.7663853718215	5.9953015770685	5.36404129365164	4.0588478660822	3.10717379623348	1.32757448001986	0	1.3251569718339	3.55731303092657	6.34296437007177	6.79270630897583	6.69498028376484	9.13120922988845	11.1707716385217	10.6162970003669	12.3861691817931	14.8179421648217	16.3703676501171	14.3666523936511	10.6157660580855	13.3608609752516	12.6169643734141	16.0393653552751	16.9092594160714	18.0170054670581	20.6386261412915	22.2909070474936	24.9742845743377	22.427604441848	25.9844751726872	24.8456583933693	28.2794320487523	31.0451834106355	29.1425358539713	28.401889021683	24.1526620271969	23.0496707134831	18.342298083937	17.252195164674	14.998549096496	11.5262490863247	9.19341710138292	8.58965220483344	9.17807893842715	9.65825460422327	11.2946949493999	7.39023572019188	9.67580844167556	13.8426224394079	15.7058327063547	18.0408054421082	14.5491324139964	12.728094790659	18.8048519802736	18.0946640477241	14.1291997296379	13.316426172213	19.3096742592929	20.9288496578288	17.5221698998726	18.6314011550393	14.643736476733	11.8828443143887	7.80638776900046	6.81159034293754	3.77793303275746	3.69978553432493	3.24854644418084	6.47976820573082	7.78045024404115	5.91218436789652	8.6008405403193	7.45066044052472	3.81001377950264	6.61255298655519	9.23274276691385	8.17777879378013	6.77414518592567	11.3982028846656	12.9015613008659	11.3330573544829	7.46839152696215	12.9203533233422	15.1962340729537	15.0227514457239	12.8478355375526	17.6468014948885	19.7241996035327	18.9337820838838	19.0978048214972	21.0464121407902	21.4021312256513	17.744027333162	15.821919162984	12.5240518203974	10.2447377223626	9.26830237961624	6.0615978091589	6.71529969547153	2.56206674386129	3.37040961902259	7.97598156968783	8.91022569860046	8.85741327928194	11.2114181083394	14.0762891771944	14.8144409951911	17.8332463113142	18.0273424552816	11.1319726014754	13.8801287458006	18.2613375742304	17.310796688772	13.8664979356722	16.1025659445941	12.658273855467	11.7364290139718	10.7398210878953	12.5026191655989	9.59222789554127	14.0012495870904	15.3923039535997	17.044017278799	14.1356033122043	13.1091130516141	15.3525730091083	16.3293916604385	10.6441060686184	14.7507006274278	17.3503390168607	16.0587793433997	12.5938591781868	17.5093310551831	14.3021178152049	16.6755754623341	13.7870709724727	10.875574973306	10.3330028549304	10.4539383009467	7.65487485201424	8.364435784917	6.25607177068806	9.61145426041242	11.8537875803475	12.3260365487045	11.6920450734677	12.9434294141854	10.4336628755198	14.2668736939808	15.3794218681978	11.111141120515	11.4526569842984	17.0615261626854	16.5448715921279	15.1703190803622	18.1116531271996	20.5326338787794	18.2792272812611	20.0876572551405	23.0398250427385	24.7389618820192	27.3289734530955
