5	6	7	8	9	10	11	12	13	14	15	16	17	18	19	20	21	22	23	24	25	26	27	28	29	30	31	32	33	34	35	36	37	38	39	40	41	42	43	44	45	46	47	48	49	50	51	52	53	54	55	56	57	58	59	60	61	62	63	64	65	66	67	68	69	70	71	72	73	74	75	76	77	78	79	80	81	82	83	84	85	86	87	88	89	90	91	92	93	94	95	96	97	98	99	100	101	102	103	104	105	106	107	108	109	110	111	112	113	114	115	116	117	118	119	120	121	122	123	124	125	126	127	128	129	130
5	0	1.32838586261674	3.26191186269648	3.17614373100463	3.5515479723636	6.83423207097916	7.86252917323682	13.0578903732571	16.4587041409705	15.5465214758801	20.730329495693	20.697372079566	18.1620240336808	23.154544219224	24.2620851948055	17.3801121400295	20.417512948447	24.9475740904802	24.5891610674297	22.1210919712387	24.3645119179515	27.6983360330544	29.7164317676265	28.6692105227891	28.4338103320677	28.866826964528	32.2013286371851	35.729099652804	37.3607545025525	35.5213246374625	34.5429657672876	31.5736235171068	34.8356466998964	34.0914037551991	32.2179713358864	33.7429300002238	31.1239946664949	28.5107398886805	25.9453018675829	27.6339216362788	28.6069500995824	24.0234727506245	22.2380489476932	26.7263470942065	27.0525216199895	22.1559414604751	24.991581882706	27.4115098817997	29.2256632088991	30.1116868341845	33.4598126264927	32.9909316631101	31.8263521786585	35.9339538319957	36.0635711071436	37.6113239065045	37.0511988874854	41.4652872412576	40.3807688138797	41.0537154713188	38.2111220196424	35.7044843262019	37.4906723465984	36.9437720867807	33.5837374036899	33.3301220819846	35.3921702216747	33.2826970361478	25.6161635300839	29.1426151880712	32.857709278037	34.1753641385136	32.8416975961962	37.1292931928417	34.2651026702095	40.7361899175659	43.3679607659848	43.5068893050285	44.9777029760302	39.6254437577676	45.3872658572865	47.4735577137421	41.2239461599687	45.5638647834005	43.2643959509433	45.8137353421439	43.5166760449371	42.3415764822237	39.700927583622	35.9604770546777	31.6265412905047	34.9762841651311	27.0605792436156	32.6609257982685	28.2015172109587	31.4524054564989	34.6509131337112	37.0604312306266	35.2052951841055	36.5069125098248	41.6618408378699	45.2040407707099	45.5381284090596	40.2393023547874	42.4083812588974	45.7659718786786	43.9253447112257	39.2933392447117	43.9242974559639	45.7875308026104	41.3916093912764	41.1113599021001	45.2554326020645	43.1482486550729	39.0198299586249	40.4920541464619	40.8387858903763	36.8185585133367	37.2540595774474	33.1983381813006	34.6902802237168	31.5507526851579	32.181616149597	29.0175404884701	32.6661292625863	32.8629377262593
6	1.32838586261674	0	1.3317946538412	3.2328407013028	3.345483672057	6.31865222970848	5.83452920122953	12.1882015490391	15.2183509619144	12.9728298377802	18.8158742821055	19.7240299381237	17.7025675256444	22.6369719706501	24.0324095337942	17.1919158909064	20.9108847493357	25.2346712481062	24.407354383464	22.8393493339894	25.5511633590332	28.3644130029162	30.5144371896321	29.171639275159	29.1357290281194	29.275156720332	32.2092046781661	35.5860750294269	37.0128815009045	35.1327692902225	34.0487819165385	30.5854276085851	34.0732418328518	33.0509453117456	30.8961699406253	32.1811095054226	29.3061756290376	27.0160788605601	24.4565080704503	26.5830574802824	27.4812390550353	22.2821969518268	21.3834511012605	25.9799146457412	26.1487237547074	20.9690158567349	24.4251122208272	26.9848162862007	28.5750799473947	28.7829970294964	32.5906092609512	32.4633493958957	31.102430339123	35.0483383914273	34.9466991145087	36.5418216568359	35.7576834400664	40.1970045401396	38.337535731969	39.1678974416549	36.2115347921073	33.5671569990668	35.6672717908169	34.8545938722574	31.5247896424385	31.5005085673232	33.4130942745505	31.0925362104798	23.7979589460945	27.5062518348102	30.9127922549873	32.4281485132901	31.4678680720509	35.8446229440344	32.7579659472318	39.4348843665098	42.0323271899142	42.41510696674	44.1200681889772	38.9132679301032	44.7194598804592	46.8488502953915	40.6638312139916	45.0228922438353	42.7990721745227	45.2025079392726	43.0570503634422	42.1556293393895	39.6853624022762	36.1716747469619	31.5057941655182	34.9379313354411	26.7263976435284	32.2829444134205	27.645073087261	30.3535592805852	33.8227118220878	36.3792367841878	33.8054300224091	34.7303956931101	40.9113462990403	44.2550274432183	45.1416188123554	39.9535522075322	42.7782950688781	45.8683019960408	43.6409378680156	39.4430961893206	44.1322678433819	45.831470857916	41.1685889240814	41.6647132595437	45.4681208100797	43.1110628261471	39.1727678113253	40.7902901558692	41.43466494374	37.4750306337433	37.7215040129632	33.6649554581615	35.1084370201808	31.7745663857117	32.4047491889692	28.3639936186708	32.0095562137309	31.6187386687072
7	3.26191186269648	1.3317946538412	0	1.32845549417359	3.49228635710189	6.40072292791994	9.11377254489051	12.2979749145947	15.523728096047	16.5697820444326	20.5007663515294	19.7274961665184	19.7175387916444	23.4779002468279	23.8088626775829	17.2800434605935	21.2042655378582	25.0801504580814	23.1956821412952	22.1467069335375	25.1393432889565	27.0584547600191	29.1744739626955	27.2512025055776	26.5464600276572	26.5257709595782	30.3223462152915	33.3993085856579	35.049179676563	33.5046145180033	32.9579694459474	29.8268364061628	33.6564358332845	32.822051489814	30.4889016036984	31.8743276478109	28.7650932555415	26.1835696000373	24.0492440005918	25.8255554635326	26.2495245480752	21.0838621936305	20.5799775267127	24.6288380765313	24.1603942020821	19.3217123982322	22.4267536883964	24.83214147028	26.2696642155929	26.5886048900652	30.0851727101574	30.2749984971098	29.3347389113999	33.4802827048996	33.8476732730627	35.6240631315407	35.513687347275	39.8543027037232	38.3838585084929	38.6764212408542	35.9219920104662	33.8193868365469	34.8017681878378	34.0222739098961	30.7408705472047	30.3705901490241	32.0407893005151	29.7772206560653	23.0852547311049	25.9868340895924	29.1691816991838	30.1472925152492	29.6371837562208	34.1080235135371	31.5167934124016	38.2740424178058	41.1032807084787	41.9359658169452	43.7046713864777	38.606159029357	44.4519117474153	46.4213721684312	39.5695712511521	43.8721255012793	41.4158660539654	43.7236438783412	40.9930284072792	40.3650382509419	38.0487065877409	34.5840516423394	30.0788565607139	34.0050547124983	26.2403834004002	32.0292568443291	27.8816776754915	31.2547626610729	34.229197638858	36.7626917540052	35.1757379311366	36.1809428428835	41.1139431823317	45.0116833055597	45.5819225680532	40.6324653571501	42.8218000906081	45.8526622782146	43.3188153346788	39.3441357637959	43.7303058416014	45.0829772197888	40.5608864548101	40.7481330247166	44.459499614818	41.6992096807601	37.8796744178194	38.7600718910582	39.6357667391461	35.8682953177315	36.3296202154661	32.5719041506633	34.4062567129875	31.0846402102389	32.4170411357977	29.2081907347922	33.0880161236663	33.6104655427443
8	3.17614373100463	3.2328407013028	1.32845549417359	0	1.33296699133924	3.53714588333589	6.83294160665815	9.36174705917651	13.2661339130886	14.2908692877655	18.1531665006412	17.1355672797839	16.0440036773868	20.0763822189158	20.4429704544129	13.8222331408496	17.1930772696455	21.2627462008086	20.0886790257598	18.1295655491245	20.8293956225331	23.3734234762475	25.4000952754119	23.9975373944911	23.7980606562804	24.0743421509291	27.4384769803282	30.8749812793465	32.5520704564241	30.8402256314703	30.1321737184691	27.4313326872757	30.8938622706841	30.3387210508288	28.4089698862877	30.095542593547	27.4490337352702	24.4986217163333	21.9515934273574	23.3810304306718	24.1746000587393	19.9842792714674	18.0425808575159	22.1991738134553	22.3261579990826	17.6517047618637	20.1900006438831	22.5581823957517	24.3752630549908	25.5064413237127	28.6319488334273	28.1410690095455	27.1206352432977	31.3350099569156	31.7489225958929	33.3859081799492	33.3491955825024	37.6777754518496	36.7288462247319	37.4216178565278	34.793958685381	32.4583397757803	33.6008422215872	33.2487598114576	29.9075005475215	29.3216246650829	31.3751741349749	29.4722276898099	21.8638817459297	24.8746750129524	28.718822225154	29.8136954603082	28.3201508823664	32.6331974988661	30.0240738741431	36.4402678914412	39.2093010649259	39.5741785764405	41.0506356345429	35.7637350957643	41.5552257724585	43.5177107049532	36.8201313142688	41.1298897032316	38.7037819082322	41.2161533018306	38.6938124381664	37.6090730276618	35.0433121436887	31.3559515722295	27.0379840039896	30.723542422709	23.0372190596001	28.8256830101214	24.684239668258	28.262963432733	31.2106251779742	33.6021456755369	32.2094432736736	33.5494216045523	38.0958621768822	41.8720905735551	42.1140190197991	37.0223202001171	38.9515049259974	42.1961275592915	40.0509880152787	35.6550588276054	40.059714951557	41.6418803129734	37.3059106442934	36.976518467806	40.9741008077053	38.5961035727701	34.5528063838525	35.756442300654	36.2722336505487	32.3418292927286	32.8116093783892	28.9075762214683	30.6444340949543	27.4536395037161	28.6450547739047	25.8537558006569	29.5129912411467	30.2102052459099
9	3.5515479723636	3.345483672057	3.49228635710189	1.33296699133924	0	1.33203903846697	3.84406997855138	7.62706503184548	10.911783997129	11.4118446361664	15.6605613245503	15.1599958773081	13.7922616346994	18.4071186772944	19.163935869231	12.3936063355264	16.281087525101	20.3832315642049	19.4070174421522	17.9595563976397	20.9216747178614	23.4287417289107	25.6306227977394	24.3452939189487	24.4796180934262	24.9327234573361	27.3113633859608	30.8106434531965	32.1334639433722	30.2257177913114	29.1227106568053	25.8889815558666	29.3377875273511	28.505760505554	26.4804056804272	27.906649189754	25.0757548241324	22.5317325787433	20.1666978209126	21.967345879737	22.8180565780699	17.8703023757294	16.5839894175075	21.1545508342768	21.48416333023	16.3132343206367	19.7071654227593	22.2816217093819	23.9719962873349	24.3050218679186	28.0262956167953	27.7907179468253	26.3508308977155	30.3272467922823	30.307410265478	31.8883697607764	31.3765845655642	35.7774097720894	34.4970586862127	35.0175942920127	32.2083468374271	30.0960323797008	31.3725735794818	30.7635798307024	27.4131342607882	27.167605378465	29.1913168082565	27.0676099055679	19.5040351209692	23.0441402530014	26.7140309762492	28.2545001371463	26.9101179670398	31.2335829676968	28.233345055094	34.845007576409	37.4968426537489	37.8499235005832	39.4473622565565	34.1980677378123	40.009152577879	42.0788772901559	35.7658950538079	40.1208919392378	37.8800106784568	40.3436511733879	38.2899318098113	37.2372865149973	34.7143851882761	31.1914852804415	26.5173061603173	29.9384038652698	21.8155858275683	27.4616621128438	23.1066106125498	26.3674519246741	29.4636746011084	31.9677526735928	30.2326555399952	31.3769985976989	36.4374404424899	40.173021618992	40.7266107968733	35.7135919504045	38.0323608128657	41.0930599736744	38.7998237624863	34.6270519825179	39.2221133928298	40.8504184189097	36.2401288077181	36.6923655955841	40.4539058682842	38.1097352129348	34.1554047553239	35.9281685171955	36.5456822757491	32.5658411683162	32.7388983779235	28.6735512624439	30.1431128784006	26.7913476144818	27.6243250415282	24.2020328071838	28.0667261539354	28.476666658863
10	6.83423207097916	6.31865222970848	6.40072292791994	3.53714588333589	1.33203903846697	0	1.32799322287427	3.33017206762654	7.50886043284865	9.26530792796441	12.2623020677196	11.3136757068603	10.7849599906537	14.2309208767388	14.6541279167339	8.10193674376689	12.0642509091945	16.0837215220856	13.0741560721907	13.4525052313686	16.5638698678781	17.4164952559348	19.6513835136359	17.2284365222152	16.7428383197115	17.0856356627431	19.8500660200413	22.9503904324088	24.5407747432717	23.0148472295603	22.7958597337324	20.264432708566	23.9691794394385	23.6884157553856	21.5249819047543	23.3156027157781	20.5813463845299	17.2767642225042	14.9207035356916	16.1453654650491	16.3531260008599	12.7755986161119	11.0237413794047	14.4760891127404	13.9712651180915	9.65793036835533	11.9564933822589	14.3617718614383	15.9973153685236	17.1661745592896	20.2078154682786	19.8723954519831	18.9649569996876	23.2704569142937	23.9835724820136	25.9586484047225	26.5829668020708	30.7667168381678	29.8341036567214	30.4750548645938	28.1433907871813	25.5340880197433	26.371450661653	26.2491341381006	22.9743513727809	21.9192692624549	23.8575148328572	22.330726387648	15.0116737574462	17.0729312363167	21.020613644706	21.8021759693843	20.0950315252303	24.4171897031579	22.2975203554117	28.6851700709618	31.6898061212119	32.5572082648374	34.185931229089	29.1299610367058	34.9519591010289	36.6982492361693	29.3798004758371	33.6183447688907	31.0181372425876	33.339511589104	30.5347737997189	29.8346855522226	27.5725844635573	24.2407213795299	19.694229332472	23.9436083537966	16.6901347508041	22.6008304493441	18.9228842938914	22.3140099040939	25.3369428700465	27.7697029872485	26.2341368830766	27.5532098311612	31.9413129504722	36.0224160627796	36.4600770981083	31.4319470920909	33.724691162411	36.597304176674	33.7126275896733	29.924385457349	34.1983420065944	35.1403799353393	30.7641487611798	31.0001174513904	34.3627066017798	31.2808909879498	27.6106545195872	28.4438089221539	29.5488329718789	25.9084750226639	26.2419924929492	22.7339013149965	24.7296054962468	21.5003799966419	23.3110684654308	20.0134684899944	23.8226334816283	24.3788897409213
11	7.86252917323682	5.83452920122953	9.11377254489051	6.83294160665815	3.84406997855138	1.32799322287427	0	1.32992706566939	4.27054949625924	5.89953676147543	9.20297093334539	8.65289223323624	9.68004865690251	12.3959380847115	13.3247478400156	6.62491675419398	11.6288608212499	15.1990164813385	14.5406478879038	14.1182502102775	17.3089089488621	19.3517282949095	22.0120419316337	21.10617926106	21.6678144029341	22.9689337149115	23.1570722890438	26.709196038069	27.2406517910273	25.0557633489782	23.462342828456	19.5898648540514	23.0414263013382	21.9479274875784	19.8292725534751	21.250957672538	18.7104070238998	16.2354642064833	13.7056396421327	15.5027205999463	16.8487377865524	12.307772178587	10.6280253104704	15.6681334561587	16.8047440028106	11.3498807482722	15.3916196028878	18.1895360303665	19.8469411497087	19.8776854537947	23.5580812673698	23.3589024356882	21.1966844105393	24.7157366266919	24.1270443693379	25.5880902179119	24.684162776971	29.1146577688971	27.8810595386904	28.6134507006757	25.8196946728655	23.3785141101825	25.199036608569	24.8301090412426	21.4479403440051	21.3096050878471	23.3466927208117	21.8907675744822	13.3641410124257	17.6472323892445	21.8547743067733	24.0762914295371	21.7411000181684	25.4338816148853	22.2784594171141	28.6877945823655	31.1302508502582	31.3081810075258	33.0359324675421	27.8488135115304	33.6484676174116	35.8058394818499	29.952491348801	34.3261418892366	32.3563971109269	34.7363100659814	33.339898050234	32.4230474816912	29.6605773544616	26.7581175159988	21.6591065605209	24.4857535109704	15.956368822511	21.3431697973848	16.6885803170911	19.8900544493976	23.0176261590982	25.6075937174894	23.7498551995586	24.7796428949249	30.0118584063033	33.7580900081743	34.5922504038115	29.7489469393456	32.5027508066625	35.2425693870353	32.710713642475	28.9057446539611	33.6422571180948	35.2762134872778	30.3669289030024	31.9073108550376	35.2542643519901	33.0566228916385	29.2458432772933	32.0670686218744	32.742309784131	28.7279965190753	28.367715805119	24.1171716625312	25.0511816487766	21.606891493225	22.0056971941359	18.0239499278044	22.1018514609071	22.3656429820383
12	13.0578903732571	12.1882015490391	12.2979749145947	9.36174705917651	7.62706503184548	3.33017206762654	1.32992706566939	0	1.33250178236279	3.18611079531143	5.87274799391222	5.64124950697981	6.85325579560547	9.31898604999492	9.72676693459857	3.38743457501396	8.53630657837451	11.6349316285056	10.0035288773512	10.2631608191629	13.4422186412809	15.4313010144965	17.9458239431908	16.5676428619161	17.0394600853431	18.5454165226883	18.4244926660139	22.0432007204036	22.6973792980599	20.6486543387214	19.2838962349417	16.0902894939774	19.6847157713796	18.9644291503857	17.1270145384419	18.6951649899112	16.394518413177	13.4392491977789	10.6577602243623	12.1008636468642	13.1686871783029	9.99554545785271	6.71827693683433	11.388458148494	12.6666782543807	7.69623830192387	10.9096387199577	13.6508653205575	15.5291927671724	16.3976097648407	19.6075351332084	18.8939653328781	16.8729346884293	20.6410341310701	20.5483820530961	22.0888229654728	21.8377605078909	26.2901188472019	25.2410510676556	26.4068310291106	23.6520802679172	20.6021899321407	22.8168406884038	22.9693516234133	19.6568609905041	18.8466903725827	20.9438527974201	20.1044025526749	11.4810239961425	14.7390205237662	19.4512826569355	21.1511644596698	18.2478074025347	21.8640322676308	19.166839202122	25.3126042318842	27.9495282786669	28.2212501672056	29.7891857391235	24.5967697472656	30.3885195921091	32.4210067086141	25.8952237101748	30.2546454945352	28.086992024779	30.5403654529542	28.8981228629127	27.8438562882371	25.1628401020235	22.199149758493	17.0943142009266	20.381630307706	12.3409371200084	17.8759472755991	13.5086545221943	16.7225725891682	19.8686123823482	22.372368359206	20.5620642446229	21.5442441037044	26.8061072332407	30.6153913416112	31.241154043985	26.3787890169356	28.9974224026895	31.7487135329922	29.2391933712269	25.3630465441358	30.0303049934562	31.4478510076603	26.6768278099177	28.0046348485389	31.1877738545091	28.622673494976	24.8951970468201	27.3480485775494	28.2233510590079	24.343805146279	24.0300670202977	20.0158985309179	21.2342335628108	17.830514210196	18.4715792773655	14.8653542507402	18.8516244923349	19.2101099163956
13	16.4587041409705	15.2183509619144	15.523728096047	13.2661339130886	10.911783997129	7.50886043284865	4.27054949625924	1.33250178236279	0	1.33277680051838	2.65171755660365	3.12161977184923	3.6343666573421	6.61270791733614	7.81009462170594	2.75068391495642	8.50557340806603	10.9324289158448	11.5734645201858	12.2688824674458	14.7055043776132	16.3192579488162	19.6716073059626	19.6174886517108	20.7664387895469	22.4227698110648	20.5857124482006	24.4444409017674	23.8521834220685	21.0383371253528	18.6971614155732	13.6285499228641	16.8536177125269	14.9781983228958	12.6096508278382	13.5297693254541	10.774606257307	9.91175635293766	5.98282675664271	9.08482988283215	11.2800632090428	8.19890004817719	7.06891066572496	12.2872215736512	13.5611297833182	9.56842959946929	13.9145864473221	16.6375878359815	18.0897141215664	17.1050011692487	20.6628287269677	20.9629370318188	17.1674381606575	19.4158625355661	18.1192461211829	18.8817097477956	17.1676390339499	21.6398706327002	19.7926650302581	20.8378708365322	17.8794376589422	15.1388783600371	18.0656484522422	17.7528873426268	14.4517381999537	14.5013338696825	16.67843664736	15.9785350079411	7.0969808369475	12.985870359741	17.2554444161835	19.6749750952828	17.4368487405265	19.8621551197245	16.2392747990789	22.2760578648916	24.2181027745775	24.1791970089993	26.1467862269916	21.4509426832482	27.1353550004418	29.4178400464752	24.6381281350674	28.9002596009102	27.5430913297691	29.6560936571221	29.1409175215881	28.7242322438738	25.437366314145	23.3421091806203	18.031956993072	19.6322100895442	10.8273808467237	15.4054064211237	10.2358133531244	13.2003317382557	16.4516011986676	19.1055606041801	17.002094047499	17.5999049145159	23.4936357552423	27.1286607667979	28.2423273474408	23.5825524063872	26.8355474324635	29.2442913916545	26.6420370279752	23.1338985257565	28.1035860701086	29.8898493472282	24.6980667462051	27.5043997934876	30.3822948606586	28.6428467335214	25.0187593017719	28.9299307465469	29.8146689399698	25.8359206919359	24.8041122800233	20.4050682184598	20.4386297485913	17.0657988386129	16.4174529388697	11.7025980448788	15.9829407181532	15.8312660896089
14	15.5465214758801	12.9728298377802	16.5697820444326	14.2908692877655	11.4118446361664	9.26530792796441	5.89953676147543	3.18611079531143	1.33277680051838	0	1.33336754122785	3.12369668822055	3.11178758915193	4.48938514721114	7.21723970781073	4.06978697231194	8.32924312287737	10.8682614525047	12.4549889201075	13.4161768026513	15.4405012224345	17.0898626384181	20.6990682640548	21.4577208948201	23.0643855760348	24.4970766623285	22.244704628293	26.2376215766597	25.1362160437883	22.2814364887006	19.2731440611022	15.0842198671327	16.6125851389842	15.2789671116866	14.5275440801259	15.7061261933043	13.6119960696439	13.4016000537249	9.84162811733912	11.2148944266096	13.6865634474107	12.3796951093312	9.22546660066578	14.5641469712441	16.9406028818339	12.6994759734408	16.4996602692298	18.844241932219	20.8760280225909	20.7694555537693	24.0094669245279	23.5161784735531	19.4897964586601	21.2168640001297	20.3120354716114	19.9077313122314	18.2341559991133	22.6031918100077	21.2946241572844	23.9080504014861	21.1049208006095	16.6727070687396	21.0409886887475	21.809985465378	18.1999462911295	18.3313759712685	20.8140769192391	20.8106742802822	11.7236829537479	17.2164857041151	21.8457031701889	24.032746701116	21.2679571656518	23.0120466060714	19.7332134990731	24.2842794210576	26.2610658770736	24.8029458935829	26.0367005014076	20.7360616077403	26.1895371093114	28.6478716486932	24.8910503193417	29.2018140189955	28.0841674614007	30.7505543039471	29.9538760597022	29.6090879798754	26.1109155718447	24.3072649222408	19.2186567688796	19.6962643158544	11.2378507286758	14.6998335364724	9.12665469928604	11.2652533482386	14.8747954271647	17.437892791275	14.6717391947921	15.8113885854469	21.7980600971738	25.1342653363889	26.3559690582608	21.6038492403553	25.0564101379268	27.6251414838006	25.5111705337093	21.814467745054	27.0480048986982	29.1876347277404	24.0554744289112	27.2645705816175	30.1164486286149	29.0344190918296	25.4167096611658	29.5660774875532	30.7381713997433	26.7155872291814	25.3976863710063	20.8617893767529	20.2906894165772	16.7859833492113	15.2782932292845	9.75708778273517	13.7348970873465	13.0305893573545
15	20.730329495693	18.8158742821055	20.5007663515294	18.1531665006412	15.6605613245503	12.2623020677196	9.20297093334539	5.87274799391222	2.65171755660365	1.33336754122785	0	1.32678558930974	3.41609557828817	4.37479108072603	5.91480202542739	5.37022476252158	9.10794323653809	10.4983441075248	11.6213232895398	13.2361016541881	15.3161414853742	15.8430513790747	19.9974649643399	20.5833698893063	22.1947881044177	23.1501092222045	20.4668387886356	24.1927606940589	22.5956895225616	19.5471054123111	16.4212537889164	11.7863287753227	13.2660822023686	11.6668462748079	10.8729832612765	11.9814495784108	9.40536129024292	10.1636900287248	5.68517070983801	7.97668609135397	10.6149074889987	8.87395943195595	7.38038860765475	12.4609077117199	14.6482824590462	11.632003137895	15.6396366326075	17.3405240981927	19.5558951469883	17.9180743105949	21.6284301094647	21.1992162355121	16.6779895670911	18.0139349948866	16.9090134839381	16.3069205553961	14.5173874715804	18.9105200880357	17.6783494139017	19.2502796343326	15.8917258345341	12.9819713063926	16.9628199011839	16.4924044941907	11.7767382156521	13.947209398299	16.1015497701308	15.1289675457382	7.15816352146275	13.3393575182615	17.0192120851701	19.7147990352425	17.9778762371978	19.7527281406898	16.3338875348155	20.6408291742362	22.5626323154015	21.1791437267893	22.5739484583446	17.4135411964368	22.9218727419903	25.3769528115572	21.7521634326335	25.9447727683246	25.053422879918	27.5696773648151	27.0907491406199	26.9931659684447	23.4905121698102	22.3705152823979	17.1609873259087	17.357355386118	9.19145064720472	11.9725622153322	6.27198963647103	8.43697345023676	11.867524636587	14.6087812975621	12.002396469039	12.8137247121982	18.8629601600597	22.3250179395225	23.8808849710391	19.5571147923205	22.8295337446913	25.3499297434924	22.6403627179425	19.5909121278209	24.7880491164593	26.673300227006	21.2355342763021	25.196626480543	27.7249786293876	26.4392109942789	23.1774315660731	27.6362788016042	29.062001875301	25.287268160084	23.6697475060466	19.3892450085092	18.4710398462025	14.6236079337488	13.5131298373101	7.92717175290154	12.2516407880741	11.3076063337914
16	20.697372079566	19.7240299381237	19.7274961665184	17.1355672797839	15.1599958773081	11.3136757068603	8.65289223323624	5.64124950697981	3.12161977184923	3.12369668822055	1.32678558930974	0	1.3440543143787	3.45702646793454	3.28952063377022	2.8100266902647	4.82329980407604	6.68351434501341	7.53245949209154	8.72577687085797	10.964825443207	12.0300833746072	15.7842961198781	16.330505962768	18.1515989653804	19.3331035790946	16.9799225852181	21.0413141462219	20.1093797517477	17.2757128941181	14.6265573871639	9.92535147992251	12.8582988377157	11.434406674594	9.6343012720176	11.3206951641673	9.53088353721731	7.75103851106418	4.61848828081224	5.59956507239625	7.91971180031193	7.89245772874331	4.12189895557861	9.17628252616494	11.4588886023035	8.68377527346257	11.7714705113677	13.6013664387075	16.0124015063325	15.7006615784176	18.4841269742447	18.1366964467072	13.8686187488156	15.904521432599	14.8925098287696	15.4429622158445	14.2472511383775	18.691452699028	17.9698387861439	19.3693793395658	16.9117754833725	13.6691337326109	16.2818939008949	16.9585606110896	13.9303864268009	12.9252343499064	15.3956131414114	15.8547602315519	6.92102030050483	11.3785996062784	16.7881284543573	18.5574887309679	15.337607896931	17.1773319523144	13.992625379106	19.3258644049885	21.3864036481125	20.9001266264107	22.6172637823411	17.580975029844	23.3603690467424	25.5861012661171	20.6674176664623	24.9746758937929	23.6218900386908	25.9326943066084	25.1899779277394	24.6656306629285	21.2257042992688	19.137176463627	14.0182659055962	15.0538373513201	6.32110512489707	10.9952291926999	6.37945522752531	9.62351827555806	12.7063372377723	15.1987122480821	13.5770016572143	14.6567490938475	19.6908310388363	23.4423865892532	24.1276213912603	19.3869298755631	22.4041282802969	24.8459055178112	22.3177904148238	18.597500988036	23.4821954254708	25.2931894390565	20.2337769336325	22.8335017463376	25.7430849938386	24.2594008788346	20.5355714067079	24.5390267329411	25.6041139272579	21.6281806447052	20.390966872613	15.9470065843092	15.7644853388875	12.4200131239866	11.8492110707844	7.88737579933909	11.983335762633	12.536386122005
17	18.1620240336808	17.7025675256444	19.7175387916444	16.0440036773868	13.7922616346994	10.7849599906537	9.68004865690251	6.85325579560547	3.6343666573421	3.11178758915193	3.41609557828817	1.3440543143787	0	1.35421896309275	3.39040558045789	3.31775827932054	2.79622137893265	4.91701393123916	6.8288874642946	7.66158527982297	9.37872789881442	11.457960900614	14.8177599521655	16.2518669389089	18.4197871323205	19.6272177855141	17.6688989187216	22.0309641414079	21.2777609254357	18.8136675053005	15.8838714109628	12.7053314793436	14.4724814043757	13.8236393905512	13.2159900499357	14.8227554118659	13.5345082289679	12.3161216297989	9.12297018519736	9.37789496635572	11.6639156804222	11.8061016004437	6.56478209844013	11.555175507105	14.6431194081043	12.2479177822191	11.5919762767183	14.3553545062461	18.4841671979021	19.6846087083284	22.0798372729511	20.1550816172994	16.8146222675385	18.899654732296	18.326848092348	18.2301604491019	17.1473035489549	21.4534736115157	21.1065322589951	23.3933106250484	21.0146723505269	16.6976383060599	20.2971323343964	21.5315039418987	18.5883353477389	17.3689139844724	20.0511332846799	20.7659949918129	11.8084914362504	15.8491694735087	21.5510425501877	23.1162102862904	19.394343453698	21.063504385548	18.1564215361948	22.6640185536458	24.8156994058197	23.3806042907364	24.2214112305621	18.6282714710732	24.0911164332415	26.3497189548579	21.7971918604209	26.1748468763429	24.5789100449959	27.6693755802331	26.1979090387	25.4057565524036	21.9548161686679	19.305182128123	14.7215202339976	15.2406064511882	7.27698852548223	11.4140927366129	6.57942231506688	9.96197239506314	13.0339561914255	15.2498206546831	13.7859459595633	15.5804710134193	19.9912411070449	23.3321041271464	23.7032819246618	18.6327714256361	21.2871487522402	24.2467187264586	22.5520369589977	17.9192593038887	22.9255213244977	25.1300786309952	20.5503781717028	22.0366379922165	25.5525391888947	24.6895372374615	20.6156488377155	24.3264890397279	25.270287493418	21.1176091449766	20.0202985991718	15.3290100463141	15.1396290905689	11.8975536981348	10.9347678987713	7.1168100297816	10.9255257997041	11.5418269351087
18	23.154544219224	22.6369719706501	23.4779002468279	20.0763822189158	18.4071186772944	14.2309208767388	12.3959380847115	9.31898604999492	6.61270791733614	4.48938514721114	4.37479108072603	3.45702646793454	1.35421896309275	0	1.33500861420442	3.26349873601936	3.2822167813842	2.86870249416003	4.96518781115075	6.86324311094981	8.11697548351601	9.2743944276702	13.0421857830657	14.8143842599009	17.2281750049156	18.3204262777917	15.8630402193274	20.2038721783721	18.9054864259029	16.4879932375047	13.2525063667217	10.4509028318131	11.9346020461514	12.0688266621076	12.652792498101	14.0440488819998	13.7148680635287	12.9518870825838	9.91443523353701	8.40399988100904	11.1142784741071	12.2381645682676	6.49034197866337	9.83926262481087	13.9862861761084	13.7331170897215	10.7522739920447	12.9821078796935	17.820859154373	19.7178955773683	21.2563329622021	18.6075196896309	15.1428456374619	16.6926559001257	16.6989061318399	16.171978141217	15.8580692393494	19.712408909111	20.1328813884153	22.9674292422988	21.1781458347987	16.1767415136671	19.6669512889009	22.1087916449543	19.1365423731666	17.5027139038493	20.445730630134	22.1029014158775	13.728703544035	16.123729531346	22.3587046583652	23.0500455747923	18.7330638444436	19.8963717797995	17.5577005328147	20.9077752522835	23.1062217162391	21.0587156778375	21.5502745690165	15.8936572883651	21.2121484767574	23.3211473345545	18.7538191577076	23.0473366140212	21.551728677765	24.8600245172848	23.4144154315242	22.6390129201783	19.1313227195612	16.7720347304673	12.1386829598602	12.0915858761372	5.04249581060808	8.14237035512387	3.81278821861377	6.93016507739895	10.0266705341305	12.0556102292667	10.4024124125128	12.8025741942783	16.8130497233548	19.9281722443379	20.3295123896271	15.2227348725516	17.9820503280355	20.8768212858184	19.1978490722268	14.5024400015997	19.4747116538346	21.6768508321666	17.1932960481695	18.8448037400234	22.2241866667827	21.650776360214	17.5592064456228	21.5264543527261	22.6575580767213	18.6911883517341	17.2729269667882	12.6137534857789	11.9709497116979	8.81732374363106	7.56920451566741	3.68036153115424	7.47253169949783	7.90489323141053
19	24.2620851948055	24.0324095337942	23.8088626775829	20.4429704544129	19.163935869231	14.6541279167339	13.3247478400156	9.72676693459857	7.81009462170594	7.21723970781073	5.91480202542739	3.28952063377022	3.39040558045789	1.33500861420442	0	1.33195232647419	3.3822347641759	3.39837328732439	2.94724464542732	5.04512150497885	7.04561409672713	7.21282642242277	11.2508281028554	12.307905427001	14.5463751154712	15.3895185759659	12.8523385420709	17.1439509448668	16.2195564982523	13.8111438338756	11.0481174867033	7.42027357986214	9.6357192777706	9.46731836371842	9.34425374227391	11.0086224842166	11.1876326360853	9.29280092329541	6.29801841851864	4.85697169026133	7.38961609286978	8.8161183068287	3.41286521855171	6.65342513296723	10.6699071223699	10.8492775796364	8.01580994036161	9.76615236416062	14.3788820845016	16.3551902770955	17.9470782580341	15.4724360073002	11.97296375172	13.6868572360495	13.3761009266527	13.3871157087701	13.1665914343842	17.2004187449027	17.8864505422401	20.1184775020378	18.4167507177569	14.618405590214	16.4042833735583	18.6932249224151	16.1742697207633	13.892537349239	16.7716540925456	18.4433462527818	10.6594628851551	12.3891986827236	18.6275407394535	19.4119025600274	15.1184721781005	16.3882991795976	13.9207139903095	17.8710516198684	20.0972662320028	18.7278241128007	19.7213328657066	14.2457535427228	19.9792296898554	22.101747012397	17.1183254145959	21.4877611909664	19.7893455172221	22.8440135484113	21.2225847860245	20.4127858216364	16.9943218164186	14.4782285518637	9.72933060390076	10.6822944164632	2.66806465438902	7.4838639084366	3.37345594309456	7.12615562558102	9.73798469910484	12.1392028568601	11.4387951288586	13.3851365327366	16.4522139847499	20.4530528528139	20.8466784644461	16.1191596244966	18.9413712544789	21.3432858295062	18.8217353078827	14.9699688042427	19.6348629483376	21.2681993831166	16.6160941258769	18.1876007488618	21.3360595237265	19.8901823521053	15.9157408247307	19.7499382783846	20.8124106484569	16.8133012522824	15.5559031560369	11.0870970952725	11.150819386933	7.73060689726234	8.33275884686458	4.97403367499658	8.80601896432207	9.96547951681202
20	17.3801121400295	17.1919158909064	17.2800434605935	13.8222331408496	12.3936063355264	8.10193674376689	6.62491675419398	3.38743457501396	2.75068391495642	4.06978697231194	5.37022476252158	2.8100266902647	3.31775827932054	3.26349873601936	1.33195232647419	0	1.33181154823045	3.245320785377	3.27934825841965	2.94613254963181	5.23045523831339	7.16852181415388	10.35183090086	11.4416844039678	13.576878396745	14.8953582367125	13.4833793983556	17.9743451062897	17.9199451171035	15.6699239628021	12.9606905294433	9.9256752918882	12.4588501074537	12.6011720486628	12.3571929660421	14.1254601694954	14.122009842795	11.0973796006084	7.70171318603855	7.62309969762957	9.6546296666418	8.64064557773318	3.86084938841183	8.29502989747475	10.9234991188721	8.34860185899412	6.76397523650109	9.78783494956878	14.4969194313827	16.1411323952194	18.3792584453236	16.5287370963422	13.5021995615529	15.8464556604939	15.865194798678	16.3074442203553	16.3262130330337	20.3052125573706	21.0688888411326	23.1191368567254	21.3461270726097	17.6600272366721	19.3188228678665	21.3163950282406	18.2404807228318	16.525013585471	19.045124546718	19.5681846628654	10.7608747321024	13.6449125317827	19.3057906339005	20.3050104407755	16.7929251174416	18.5797560263853	16.3667484858783	20.6875655890199	22.9330388304734	21.6930220577954	22.5237993686678	16.9866868458802	22.6282350394369	24.6574345989197	19.2597515300691	23.5996154417821	21.8634632892413	24.7947368810399	23.2836651324485	22.1678724960245	18.9407160371513	15.4588570082008	11.1842069008044	12.8854474893191	4.43159497246759	9.73018525003507	5.75306613902535	9.63295541357895	12.4353646508657	14.6045765429882	14.0451162330541	16.1937453975293	19.0837168549525	22.9218098979989	23.0996222479936	18.2579640705091	20.7444685157273	23.3945197215074	20.9910678861272	16.9774567294398	21.6148628494376	23.3747263941206	18.5983808703876	19.3478494153743	23.1720078111501	21.7772543723951	17.4832917381139	20.629102404128	21.2155667612251	16.9781318465843	16.3196894884676	11.7552917445719	12.6214264645483	9.30767731499111	10.1488758490781	7.70798047480661	11.2001454454842	12.7400536105622
21	20.417512948447	20.9108847493357	21.2042655378582	17.1930772696455	16.281087525101	12.0642509091945	11.6288608212499	8.53630657837451	8.50557340806603	8.32924312287737	9.10794323653809	4.82329980407604	2.79622137893265	3.2822167813842	3.3822347641759	1.33181154823045	0	1.33278355331989	3.43184760733923	3.61429356859677	3.75543286453106	6.08311647102043	9.39921571196236	11.4770986316229	14.0366270877302	15.7829252675162	14.3738816956311	18.9663278733655	18.5807260622399	16.5769753875669	14.0764558394505	12.0853002858845	14.3339047715547	14.8627127402773	15.0063760115492	16.6682964336491	16.8182929871019	14.2780478007324	10.9393017601673	10.3150979151921	12.3166059042254	12.1065016003799	6.71703729333104	9.91824389698096	13.5132181955299	12.6143503201711	7.96140728765964	10.7367886260278	16.8105617395731	19.0460457050801	20.871723838725	18.273402775619	15.1355002560206	17.8981356012295	18.1888927370525	18.5012177977559	18.6933892325603	22.5141614545157	23.4864602271181	25.8011073018194	24.0884780756278	20.150244787595	21.8479848498666	24.1933991824216	21.5234008929816	19.2906365110123	21.9951170490179	23.2322300694531	14.8500050505042	16.8189237170516	22.94770395922	23.2783858117353	19.297615033988	20.9443841876528	18.9685722446367	22.9744820398633	25.2349981771349	23.6007278277599	23.7542018598815	18.1694434697379	23.323016721685	25.1748157689386	19.8509521434112	24.0451442707254	22.0401334161116	25.5441217699885	23.4640574496399	22.1383675098233	18.9104727333824	15.207994312203	11.1922609869499	12.2760310768587	6.22184305491548	10.1927959363464	7.03128587101961	10.9488071496396	13.7549492183723	14.8232064345067	14.8158646727081	17.8133321700349	19.7637347432109	23.1481629724693	22.347363379155	17.140790005131	18.4775113042855	21.9681838348098	20.3481400624234	15.4193181431605	19.8204104397462	22.0096959997179	18.2559819511304	17.4263910779025	21.7644138216493	21.248828179455	16.5038222542537	19.664022604747	20.2349490733236	16.0039566982668	15.279870221962	10.5387784396485	10.7920102390611	8.12729512199477	8.41626205628128	7.38849930635444	10.5310749688719	12.2371231096202
22	24.9475740904802	25.2346712481062	25.0801504580814	21.2627462008086	20.3832315642049	16.0837215220856	15.1990164813385	11.6349316285056	10.9324289158448	10.8682614525047	10.4983441075248	6.68351434501341	4.91701393123916	2.86870249416003	3.39837328732439	3.245320785377	1.33278355331989	0	1.33355202373211	3.23326228444275	3.03593165272211	3.69511569507641	7.02326804272769	9.03962106506683	11.832446323563	13.2976333608654	11.41022230283	15.953166112092	14.6667774238242	12.5837413355488	9.09600923482381	7.71010304730099	8.65956817630071	10.3835411108157	11.4901497814432	13.0754786528066	14.9333681733225	13.5250780404403	11.2938075510432	8.08013892207306	10.5903195891342	12.337403657172	7.66795468166055	7.66866024804855	12.4568467117485	13.0001383838788	6.32670388116908	8.25126693302307	15.2621335992056	17.7651828304693	19.1522189837105	15.3836420265163	12.3914966408421	13.2192029260466	13.8654217750489	13.1799706372966	14.2313308934899	17.1767403776153	18.9332689464868	21.5906888032781	21.3354095578219	17.5761759492786	17.6029916207445	21.3373787284193	19.9335899927735	16.9055494143195	19.8432991712568	22.2390246638651	15.9956194315819	15.6843587372898	21.913693914993	21.4919880420588	16.8432917804092	17.29959944623	15.9390954260272	17.7970677641009	19.9451893698706	17.6520317527473	17.5515523245096	12.0192156566059	17.0815903826312	18.9012145112424	13.9549368325335	18.1175854351511	16.579233697611	20.1743339419174	18.6624097318647	17.8874906289284	14.3540534344832	11.8735147702776	7.83658918152534	7.00308460608609	3.61951737114218	4.11557699478457	4.27771960277903	6.23432763014585	8.50500728982639	8.69279195655803	10.1622076833727	13.6713647087626	13.7881433848071	17.4776866318172	16.8314290242986	12.0722035685288	13.4701011503255	16.6581698874756	14.5245836084894	10.0738042962924	14.481337956142	16.6631195458714	12.1801430205068	13.1517850879643	16.9191944843719	16.5866449289783	12.2253057221486	16.4090122188997	17.1644197688125	12.9963307129359	12.0573532750766	7.31186959675841	6.31911528617733	3.78872920647544	3.58530919168766	3.64391286943033	6.79497880791397	9.86446572298774
