102	103	104	105	106	107	108	109	110	111	112	113	114	115	116	117	118	119	120	121	122	123	124	125	126	127	128	129	130	131	132	133	134	135	136	137	138	139	140	141	142	143	144	145	146	147	148	149	150	151	152	153	154	155	156	157	158	159	160	161	162	163	164	165	166	167	168	169	170	171	172	173	174	175	176	177	178	179	180	181	182	183	184	185	186	187	188	189	190	191	192	193	194	195	196	197	198	199	200	201	202	203	204	205	206	207	208	209	210	211	212	213	214	215	216	217	218	219	220	221	222	223	224	225	226	227	228	229	230	231	232	233	234	235	236	237	238	239	240	241	242	243	244	245	246	247	248	249	250	251	252	253	254
102	0	1.33312752578289	3.33967737962816	6.22342839598882	7.66113868821078	4.03839312103218	3.7179858794783	8.00039061546372	9.61160740979364	5.96626122458613	10.1914467079017	12.6978004788231	12.4133356113496	14.4265122950767	16.5208041269183	18.2627239205985	16.8644768967199	20.9066741735743	22.4863160388713	23.5210630074408	21.5958276062762	21.5018543153841	16.8786054814964	17.1176177372904	11.8675072782788	14.6034019666652	11.7296997830294	9.85510228257424	10.0254983417285	6.27416456590039	9.32922692402752	5.76326131630347	8.32074143330989	11.6570268078957	10.73819398223	10.3616811377305	13.1990463670676	15.5779477788315	13.8954046360658	14.6187841833717	18.6116023222075	19.3610630648216	20.1453034973415	17.004492876884	17.5695153319606	16.0490546139017	15.8635091956351	13.6105906558092	18.1531287936818	16.2595123543112	18.1767576041493	16.1060230038331	13.3219281262136	15.5936767633551	15.6089501889141	11.2171936775648	12.5682721167231	14.7459474093732	13.9765444227105	9.05523771085	13.15144592811	15.7354853436429	12.9769634737869	11.1436543377835	16.6259871887356	15.3410151228659	18.5388521219627	15.6462607993092	18.2255053427882	13.9331642134872	19.1795058591195	20.8841799455952	19.9673821518996	21.6369132271681	22.3371847151784	25.075220477595	24.3528685374023	22.7183598439676	25.978847241554	27.9991347544884	25.4076319439652	26.9488723697301	26.6453520524687	22.6275778199966	22.9476753724642	17.4317121935856	17.6899578857611	13.0971142241335	14.0534466235155	8.82702294094674	14.0108044380043	16.509854875195	18.9702815213692	21.757922809864	19.4032809854416	16.8849255254502	23.4075071718455	25.4675964119114	21.6475054913955	25.456753308307	27.9765885161147	26.4325234890655	19.8065873133157	26.705245814259	28.4293205335618	24.9212178875752	23.1746767614998	27.7424697710928	30.1169196632059	26.9175691881715	24.7786500035817	21.1826333348807	19.371042305462	15.6069991029666	15.6068601903137	11.5721755085204	13.1597865484209	15.0129907080501	16.0128589265003	17.8338600140295	21.3946491674905	21.3920454608717	21.5052488476651	24.3466155758865	25.2375106934103	21.5052630767447	22.7319166371866	27.4340395494357	26.9762869201823	23.5971761658042	28.5388965098512	30.8768602030712	29.1137377366768	30.4570786681848	25.3144630596819	26.0404183722151	25.1288055426437	22.6687083663803	16.4005959038079	17.8892681236545	14.9125599076751	13.3437096416252	8.07156100144204	13.0148473291084	14.5367175455809	11.4734845622418	14.330437711389	13.1323577091092	17.0563422514911	19.1255802787785	21.6225070239323	24.8696284451537	26.9682086538947
103	1.33312752578289	0	1.3278957037358	3.71410689129971	6.30145411790009	5.37963948606224	3.18421230447971	8.55520385496453	10.4386873695882	7.87700101561502	11.986860890158	14.2304374493548	14.4452463115033	16.1859398553189	18.3507445353043	19.565572263545	18.9897445217149	22.8807028082618	24.6029430963046	25.766785228274	23.8127263873753	23.5951239666165	18.9067468116543	18.8776400272916	13.9749944543817	16.062619151309	13.4687081043432	12.1333953203545	12.4009460123008	8.90410208836355	11.9154649091003	8.06667428374297	10.1764006406981	13.8788510331367	13.3878873986899	12.6661661129167	15.5205479606875	17.9620575937168	16.2543352370991	16.6741863669566	20.9143546159091	21.6726851820442	22.4400747993406	19.2678414463063	19.7304679620125	18.3628917385035	17.9006483402138	15.5760949213851	20.0340857041194	17.9935016325339	20.5219825065709	18.3810110168075	15.4260399649424	18.0574289421279	18.2344109035636	13.7089664453598	15.2901626871659	17.4887646790733	16.6407265766853	11.7596461256281	15.846746322195	18.3776400008271	14.6504815279226	13.5451105200364	18.9732608952705	17.7613452756259	21.0668542739537	18.1823736074254	20.7348695197245	16.5883066646358	21.5042300489927	23.1745895972291	21.9073373325012	23.3500980083596	24.0219402630179	26.7918401197081	26.4247699895382	24.6866611958766	27.9123095963054	30.0667317811564	27.619930231628	28.9158369410259	28.5419474107847	24.5944495770895	24.7644547890722	19.2002389047637	19.2336235275624	14.6019012803128	14.8920996840607	9.08539151605477	13.7631776854039	15.9346153389406	17.6179448290656	20.1980684967647	19.9125458693759	16.5958983185605	22.8457002737933	25.111810149808	22.4716879650818	25.66252275206	28.36274976091	27.5764553378421	20.3402550623142	27.7821419080675	29.8924089695026	26.4299244985679	24.7873545784943	29.4399696501202	31.7754508071876	28.4821696329476	26.2860487711638	22.6868239072815	20.3291636079795	16.6389093392566	15.4523628613879	11.3910355104354	12.0554753120729	13.5177211836907	13.0449564583405	15.1086715498087	18.5187368359724	19.0145309960567	19.5543268613369	22.291361308812	23.3212006123184	20.3037751662099	21.1411184425044	26.2279590704271	26.3109046024647	23.8911471888647	28.0741338067624	30.4084095769575	29.3131192471903	30.7794576950277	26.1732994672051	26.3564322699412	25.3137572675413	23.0849513753008	17.2020135158649	17.3874186985878	14.0160502995673	11.6322393372901	5.78888987630616	10.0941594994333	11.184624893129	8.25603991027175	12.4047103150376	13.5193228380714	16.68110344072	19.3236770051665	21.7104857154325	25.5348520653635	28.0288988545751
104	3.33967737962816	1.3278957037358	0	1.31895830108461	3.00960030568845	3.28076774551324	3.13325166560237	5.17677380228265	7.06243045983463	7.29129110651879	9.23194123681471	11.0446691213454	12.4338114832098	13.9025568152049	15.6364084431176	16.2069518417252	17.5453725523284	20.8927150940226	23.1654270843427	24.675260079683	22.2663256735367	22.0840942988387	17.4000631608049	17.0658696233154	12.7546318645424	13.2787357078903	11.292649334855	11.3500708808359	11.6207090145137	9.71615793408073	12.1806125051247	8.54281200776419	8.75202565124211	13.7046638411892	14.8302653044374	12.4547572035749	15.105011684868	17.8676348182965	17.13673740827	15.3916811947233	20.494702779011	21.0055372223612	21.8712535991881	18.8434285892987	18.6893011372817	17.5112499268327	16.078246483992	13.7323411696622	17.0317707241496	15.7824128066655	19.5432908436629	18.2109015976695	14.4719884604708	17.927114129162	19.3425769741263	15.159984333765	16.2057040575225	18.6448035924222	18.5025251519894	13.416701122109	17.5597616441682	20.2142817334676	17.5999457385527	15.5582030132018	20.9729945167589	19.1926416368357	22.3934571694502	19.0402621042884	20.5265707559738	16.7934809673278	20.2812611787334	21.8531515804929	19.5019031891762	19.9124146451404	21.114614914793	23.8983172838591	24.4128793058091	22.7237865682637	25.8055725764805	28.1830484688935	26.4614989182397	27.2907922384089	26.6500011819887	23.1194247982081	22.2797841102646	16.7867031009665	16.4019239115416	12.0020179136677	11.0044442840154	5.69689994646211	8.1985468224558	10.1975175900804	11.506448366025	13.7945433777273	14.7949812098563	11.5974145825697	17.2045204234236	19.4396175631107	17.8157582493701	20.6501949143343	23.5029632599806	23.5068265191199	15.8408635496932	23.8108388974433	26.1415427815575	23.4933800037372	22.0890416722863	26.8364825936634	28.7305468795845	25.3323389760993	23.1263823586829	19.6808350940706	17.015221567761	13.2765517360495	11.2836486120403	7.21074933692747	6.48155806885968	7.82776992508083	7.38327874321429	10.7219551388728	13.019257889757	12.7972064529725	14.286972562443	16.9983020622649	17.1151457487221	14.6673916563239	17.0491406528306	20.9215777846701	20.7485861446027	19.1535939186357	23.1913469423404	25.3170379586554	24.5623322589692	26.6354299758799	22.4034984991184	22.8103238030502	21.8205705929061	19.6917859525235	13.879857167853	14.4251866192434	11.1989300381778	9.64058390347805	5.54862965064348	8.80430849073339	7.85826882971052	3.76676412853261	8.15545057001758	10.0462662716056	12.8341040201488	15.834170423486	17.4975275396268	22.078783979196	24.6462530417912
105	6.22342839598882	3.71410689129971	1.31895830108461	0	1.32706179208053	3.31818384059715	3.19025704293557	2.93803829110514	5.09283398512066	6.97949231678064	7.17931396443978	8.98955938853512	10.7435592798662	12.5851551440576	13.2554153084692	13.7616541883598	16.3996937166521	19.5762654763364	22.1935677618539	23.9552287820426	20.846335337416	21.0738327078868	16.7269547138742	16.2746652807362	13.2654742093903	14.0086067829745	13.0895582813172	13.6241861408306	14.474818340829	12.3568909115521	14.4002837124829	10.3217171536523	8.84650772904201	14.214650787128	15.7495788197653	12.8837693630397	15.2383775383077	18.0952087581216	17.7402752233442	14.7997022267342	20.3413504468115	20.692112071995	21.696854795108	18.9010301042033	19.0437680357643	18.6409085079027	17.7453180585753	16.35911846647	20.1718501382496	19.5507725167063	22.8602808600419	21.4019161992566	17.7141415259109	20.9191087047226	22.2678639298878	18.1733768463651	18.9168645393469	21.317178073094	21.4308948483259	16.3496996302684	20.1360483213564	22.7487309755951	20.8136537157703	17.9113769710762	22.9496813049768	20.3966633300646	23.4500192324015	19.9599022793199	21.7352225431441	18.6519151563586	22.3055430330669	24.1669865932847	21.4694192981552	21.372044006131	21.2868199832666	24.7317578226862	25.7569774818398	23.1066806789725	25.5819424203871	28.6007651820716	26.591091910638	26.5659538695677	25.5032710254979	22.0130090855385	20.5525247597467	15.3953739480404	14.7371506744011	10.7871755339384	10.7539724753228	6.34631026660374	10.4377317938334	12.2428274920461	13.2514138490955	16.2854718691231	16.8139966694418	12.0083225306452	18.1734998830715	20.7178972388609	18.9028838276068	21.0117189682329	23.5404469371335	23.2054360226219	16.2117233198695	22.8533499732534	25.2540268670167	22.7610997537465	20.3345872345617	25.1155528308656	26.6001241726425	23.126079347784	20.985535613846	17.6849514842422	14.71283405738	11.547899895652	9.61538563969225	5.75333903051089	7.31296061797136	8.44053428403677	8.59065597029703	9.74267468408958	13.3236140742668	14.4970291094417	14.0703549706466	16.8657929253267	18.5545286655307	15.0366769267681	15.4085008680274	20.5325728782342	21.079946418338	18.1228763169647	22.0550738153378	24.5297048698104	23.8332834498312	24.7604476534654	20.5712902123323	19.9481916473649	18.7839533911262	16.6090539766719	11.0210538969737	11.1332164714426	7.89891790057347	6.54866505480315	3.34292177593195	5.03764607728649	5.89047544770369	3.67062515111527	6.9206830587739	7.17829283325778	10.3104322896763	12.8723401524354	15.5235146149318	19.385810635617	22.1684419614911
106	7.66113868821078	6.30145411790009	3.00960030568845	1.32706179208053	0	1.33108752529651	3.20589878193308	3.21160676297706	2.92464100361053	4.9654383492296	6.8457004024424	7.66710199488699	8.63034095502605	10.7895695465575	12.4465430943696	11.9431992782504	14.0099582440491	17.1905382405555	19.9099671772708	21.3623372550852	18.184111691254	17.8457153401034	13.4499013007531	12.8262656685413	9.92128585416225	10.4834487646003	9.44281472867068	10.6346271208726	11.2041700718973	10.5814300545815	11.8815937483151	8.15476682683202	5.95081759088615	11.2554050127039	13.099885953702	10.7404380730024	12.6679890669356	15.4916113106416	15.9188372062786	12.7688494783203	18.0933279139024	18.0613801798201	18.5203405206276	15.763488382969	15.6644289394794	15.3870791575269	14.1606492435905	12.5660912379308	16.1133351296372	16.3332615848764	19.2441614002793	18.6066556371638	14.7384384858098	17.769300577119	20.0954080824451	16.7207591035814	16.307057766501	19.0691601807736	19.9590120246469	15.1224273514539	18.0821972392738	20.7197023627271	20.1546279052728	16.5012933129497	21.1994829418078	18.1628443257107	20.6952039129843	17.1897261758296	18.5742955182693	15.7913902491199	18.7885051560788	20.4677931150381	17.6040527436156	17.5337656252158	17.9612812460581	21.1472851449069	22.104693641849	19.6733567293434	22.1994072218156	25.1472059282935	23.1501628072029	23.1333276032654	22.1557148835238	18.6592040023148	17.5664927916759	12.2706541797901	11.5374774105954	7.42692783053666	7.52618582018807	2.78688607589187	6.42267584422568	8.16430082738259	9.19524447744593	12.2124140938637	12.7893368866411	8.40279429713711	14.3528615265389	16.8087162508027	15.2645183677704	17.5403528755838	20.2920341760012	20.1472986774902	12.7488191217854	19.9014634637757	22.1881275009858	19.4471287597938	17.2550665313119	22.0006491040605	23.825595249647	20.5366531109624	18.2160662603099	14.7657671998444	12.0011215309237	8.49327457462668	7.51789618177852	3.62175275246668	3.56494670366893	4.82139658190445	7.06336385867244	9.14409104285385	11.956624732758	11.600876647909	11.8353393698702	14.3643842889279	15.0378074864656	11.5547470331462	14.0907468219396	17.69487948532	17.6090451189154	15.5349651110004	19.6225141100726	21.8478316086517	21.0639339393191	22.5363913925899	17.8977013607893	18.1425408639474	17.4585367657201	15.5298982932922	10.275008223841	11.2848806816909	8.30802750356545	7.88266376296744	6.06220306489316	8.16771816359991	7.14882256039412	3.77975739962236	5.31327733136527	5.29330189957081	8.95038261751977	11.2341266683263	13.6946475310612	17.2001508423618	19.6777876297108
107	4.03839312103218	5.37963948606224	3.28076774551324	3.31818384059715	1.33108752529651	0	1.33210397492088	3.32509338214733	3.4247402821236	2.990594088137	4.96444770342079	6.89689915831745	7.54380918369493	9.0272154067575	11.1013075806411	12.0297753096224	12.4079839619497	15.7931489576968	18.0678098838791	19.5558558493358	17.186012364711	17.2590401239466	12.687171867678	12.9654418358959	9.11931340617264	10.621522583886	8.5665037208887	8.1116973562874	9.14532727681191	6.81455156264886	8.24120506964849	4.03343042582862	4.3803053546528	8.90881815955404	9.9746138271113	7.91171037134196	10.3284526430632	13.1713236996135	12.8243618554687	10.3994098871042	15.6131696333576	15.9989090253054	17.1323347504069	14.1681692889378	14.7342887510731	13.8264633945199	13.1546485699923	11.5140669183395	15.7880824041427	15.5419082805169	18.0226250585202	16.611076003679	13.0427476016367	15.5778244950956	16.9212674761674	13.3451787923579	13.0969140640076	15.2797424389287	15.400563950713	10.7671479046217	13.6399226537396	16.2733048579568	15.297786539235	11.7419199452219	16.8013282213044	14.3773519467251	17.4794601175208	14.0919891072907	16.4238123771553	12.8382628497784	17.3029500952872	19.1839175092055	17.2322513038779	18.1939248377034	18.6927648570242	21.4940969803339	21.580987303643	19.4831944249397	22.6420823026505	24.9565341343705	22.6073224641929	23.1678044924417	22.1964223468558	18.660319102309	17.6003969841592	12.0446603522059	12.3181376027385	7.79092959793631	8.97644395069673	3.89700166794935	8.99821059989151	11.3393091941264	13.1545888951347	16.1331949098745	15.2736128666403	10.9982201287299	17.5345927240983	19.9075171229363	17.13608592999	19.8749775597358	22.4388802973767	21.5759187058164	14.5771900241439	21.5289607970287	23.607048883755	20.4257736695578	17.8357088448988	22.4561243316829	24.3051414108209	20.8427082213421	18.7963288170855	15.421058783365	13.3327016392028	9.34988117571555	9.37536191301434	5.4102596980182	6.96243499071984	8.99946848430505	11.5923982850832	13.4555637191461	16.3623963098319	16.1292214629225	15.7198359406197	18.3846645332462	19.1090541105519	15.1673180556089	17.2491851981478	21.0753193570109	20.7924954250326	17.6954688267929	22.231826420697	24.5953777364772	23.2362613386922	24.4257229166303	19.4625917338879	19.7433415104941	19.0626970022607	16.737543368129	10.7935566427383	13.0389978525959	10.2002867116567	9.91133719535361	7.39825019852668	10.765804614612	10.8982795889994	7.35546436331521	8.44000912321782	6.99915752073062	11.0438021079699	12.8436114858711	15.2562615014295	18.4816434875257	20.7623265314849
108	3.7179858794783	3.18421230447971	3.13325166560237	3.19025704293557	3.20589878193308	1.33210397492088	0	1.32835424492113	3.25782719001484	3.36308459602193	3.10187523927059	5.00027289255296	6.83825160402862	8.04458929964731	9.38039961835315	10.6247020193509	12.3947707118768	15.3905736410311	17.7563427822286	19.7871018848138	17.0565709918494	18.253472381988	14.1397698354676	14.7462783440433	11.6636091326827	13.3651260001543	12.2152685193572	11.8966340197553	13.3720564611431	10.5502328410325	11.7976575217286	7.72111371500252	6.46429168586938	11.695214790674	12.8990514379934	9.33426269182521	11.7069586571406	14.5218132820939	13.7306783517785	10.3056145377168	16.0238586176988	16.6564892759549	18.3067417909359	16.222535868353	17.1802904806642	16.6863727034967	16.5942889573491	15.5898207173784	19.6911056825156	19.9673837545133	22.2811098691246	20.9713041320753	17.4277788315092	19.4938815529386	20.7344542247921	17.1565838674254	16.7829959184885	19.0171006465234	19.0766529034839	14.4976818146902	17.2238380740182	19.7592967739239	18.6719535400022	14.7415711849178	19.7867093777616	17.3321032480193	20.5136935240829	17.2016146625833	19.4846139043092	16.25388676594	20.869663413673	22.9632078116277	20.7647119893342	21.1879091936887	20.7054369912832	24.1617608215958	24.735261470217	21.8981392816833	24.7618946972965	27.3470020477565	24.6422591090996	24.7035933823401	23.341010218069	19.8642502501353	17.8593650783	12.7436937345496	13.1802848603511	9.23517130322984	10.9262215335403	6.49014229427984	11.4712574288959	13.8670903220539	15.459472436018	18.4729201535653	17.9344482769892	13.1063977125677	19.633845802593	22.1046788033665	19.36209007313	21.6218647900684	23.9064893700434	23.0310196691332	16.5901950561167	22.3352156470449	24.5360251467103	21.7926136339816	18.5362398290484	22.8207539095447	24.1843413389739	20.4055947965258	18.7006819127004	15.2714145382803	13.4662680799099	9.16696880108141	10.1780654841674	7.22657353107266	9.13590028404426	11.0370802298434	12.7524932856285	12.8624775995918	17.365929920393	18.0202659525324	16.3059799153562	19.2336058241818	20.4733643058487	16.5006625927567	16.7002650577768	21.6786967551096	22.179219666165	18.0930077930675	22.4504686142628	25.0277298411182	23.9894971602158	24.1467184727035	19.6206990701147	18.7667969829697	17.6295967055404	14.9137269319242	8.50113204226355	10.8694528841152	7.96234205494841	8.33741146879533	2.45990894140413	7.55740021435943	9.54869865479061	7.63245235818737	9.05282547053681	6.5735459989263	10.6195978266599	11.7013977370227	14.5815817386181	17.7805910756645	20.3839757162336
109	8.00039061546372	8.55520385496453	5.17677380228265	2.93803829110514	3.21160676297706	3.32509338214733	1.32835424492113	0	1.32762193413637	3.40439877217696	3.34578017807506	2.91505231513947	4.85208965292275	6.96134527228753	7.64522890435597	7.71508094578404	10.391964876769	13.7344727601754	16.5814254513899	18.6474545716031	15.0589883126324	16.3221222578438	12.6484621199575	12.9885355602547	11.4034385165177	12.8749271454249	13.0698076879501	13.5028351467386	15.0403076431302	12.908627115228	13.4718441573528	9.84667283908631	6.80823361820083	11.9168574297086	13.542519004971	10.0785128367235	11.6979309281599	14.451734636368	14.5969495785935	9.96807473888514	15.8057633792234	16.0042242548647	17.3756417435443	15.5191750102897	16.385174121748	16.6505491801322	16.8579917546545	16.9095159008175	20.4361416368159	21.6444701020838	23.9883008360326	23.0969988093692	19.3962779161364	20.8173828806601	22.9997327158382	19.6826814484206	18.7052369672239	21.0458343859302	21.3755728110383	16.960224379412	19.2846833264122	21.7033678722912	20.9809420427206	16.671815318075	21.423348804517	18.2710153248253	20.9992902261005	17.6979497400123	19.5649995911066	17.263924264199	21.30988045485	23.5350539621221	20.8471497812051	20.4654548446889	18.8237800932756	22.8952512980312	23.8184068736765	20.5882322213443	22.5668354449621	25.6506869498655	22.9241407036338	22.6927190305613	21.0975943889345	17.6973544068033	15.2438129744497	10.3913909559789	10.595081406011	7.34653972969588	9.26223828240237	7.38371843991901	10.602146669425	11.6461946145511	11.8609789646555	14.8163022714846	15.9950381368723	10.4968671993124	16.10907014697	18.8677924781889	17.8427254084122	18.8858217983756	21.2596770906804	20.4326494366247	14.5654932631889	19.4440681700101	21.7133402543229	19.3404340695859	15.8536533959842	20.0575770720194	21.248115445846	17.4754440859167	15.7187046858194	12.3243677728312	10.3249816464728	6.4130669729857	7.0707440909709	4.1201810639825	6.3884271929795	6.5158858952563	8.69108382194074	8.55616514567128	12.0870875731088	12.6939797148097	10.8711808466238	13.9014911790067	15.5514924685703	12.2787200473014	11.6209216932221	17.1528581000369	18.2753125554667	14.9974759876454	18.825319253601	21.3435006735071	20.957860052973	20.8710927840398	16.4602922513545	15.4594246335367	14.4127319062002	11.8357832862891	5.76840263851267	6.85688150692427	3.99601063562148	3.84346627408125	4.06605361499329	6.84737511751766	6.98153285461008	3.54907917634983	3.92248709366901	3.63891165048012	7.09013497755861	8.39920889131828	11.2744151511287	14.4938293766692	17.1779172486073
110	9.61160740979364	10.4386873695882	7.06243045983463	5.09283398512066	2.92464100361053	3.4247402821236	3.25782719001484	1.32762193413637	0	1.33807847303512	3.23721145432299	3.34040326906797	2.73544694702712	4.87651084280554	6.79093763776402	7.32630234156358	8.05523686802568	11.1796864893431	13.8975991451761	15.6093561045932	12.4469889129861	13.2859130284674	9.38800330208719	9.83654588765792	7.68370125655598	9.38243038876388	9.52665859575119	10.0335792217932	11.5392752372062	10.7168900339604	10.3409134025965	7.54581552915257	3.75540490493369	8.71142020568403	10.4192013609489	7.16265711869555	8.34455091661619	11.0645974169872	11.7749563481144	7.14547591137217	12.7257149897363	12.7284512019334	13.9516223429392	12.0750259212972	12.8852778782609	13.0072826139821	13.1550533636318	13.3921360880182	16.8769214609774	18.2794502379038	20.4608657197099	20.123068354503	16.0360874592277	17.1828236620178	20.0721432089351	17.308981079197	15.3634150175018	17.8445667921639	18.9936550195059	14.9115662825875	16.6135888055531	19.0995667490129	18.9077700959156	14.6935170738663	18.7215945902052	15.1892923798313	17.6351142326893	14.4911091017907	16.0635503547628	13.8096813142085	17.5815452676948	19.8078261805782	17.2250889402639	17.1407245179426	15.7348319342788	19.5858609461009	20.295659757692	17.1637914517743	19.6486279673671	22.4462289483111	19.849019446814	19.8539023116364	18.3781304000162	14.9267391281552	12.9684012121772	7.75331329174825	8.62346415311156	4.27623070004414	6.60583265001468	5.43803070973307	8.56219352736201	11.445166883886	13.2902495461899	16.0584427015822	14.7557295312702	9.5907502313427	16.0119095051152	18.3715242154809	15.1543429088826	17.2855465924569	19.4757642468787	18.1236937736213	12.1437464153366	17.731450250896	19.8398824089257	16.83324701298	13.7301286956824	17.9230340065515	19.5209516929887	15.9479825056338	14.1369541627608	10.7629628355765	9.46959835473501	4.59824944951881	6.94146461490656	4.2084973565395	7.43675016388207	9.67441667492154	12.5525067615995	13.9558140572308	16.8524774439843	16.342228152856	14.7464006794879	17.4447310956632	17.9673479679111	13.5454185981829	15.2621156135052	19.1940526465882	18.7603925865105	14.1983847320743	19.2861989256567	21.7952323915117	19.9775819607879	20.64591460798	15.6217019879397	15.7502640612785	15.3070088848214	12.8974264487145	7.53812609340014	9.91908629864666	7.64692160284124	8.84780125228862	8.29037279017053	11.7779457461817	12.1684994555615	8.94769964851302	7.5711369687782	3.53186409704564	8.18749815267155	8.90203257688939	11.3248323166394	14.1671653480857	16.2819203719954
111	5.96626122458613	7.87700101561502	7.29129110651879	6.97949231678064	4.9654383492296	2.990594088137	3.36308459602193	3.40439877217696	1.33807847303512	0	1.32874903574753	3.36913119364622	3.42826107523916	3.13561764250681	5.32001522554212	7.29253549871374	7.68248260655369	10.4787901019154	12.6039643763381	14.7251412896447	12.439450671151	14.4138761268439	10.2961476776511	11.5879033910367	8.59700913108739	12.1234533446539	11.6480854220769	10.0582838496435	12.14703280641	8.9504106609697	7.71624869998369	4.45788447584726	3.7656210643133	6.78184665117105	6.74377446242087	3.34166036574634	6.10776464837996	8.86436241362006	8.27923100293741	5.23138949037443	11.1082262310416	11.7976516307272	13.3806019670267	11.0081968550712	13.0972742202338	12.9066951230747	14.4496329711173	14.8105282485129	18.8134261100949	18.997757709793	20.4909754282221	19.7671437997501	16.1045148017567	16.8176458816328	17.6640334295426	14.5136432366239	13.2282389984457	15.2468586272714	15.1937374269796	11.740138372268	12.5417478048317	14.7729414132731	14.121127787822	9.82813868441019	14.1821616476474	11.2589572341314	14.4259339732303	11.5535874082468	14.8576236996365	11.9683771665168	17.538774330038	20.173252142379	19.2328237396384	19.9435528680323	18.2141736567982	22.1369301168884	21.8892614082796	18.8893928171342	21.791396536248	23.7568269977285	20.5115142298174	21.2141395300399	19.9996125212465	16.6150709899176	14.3768369956677	9.15439643013126	10.4827806902558	6.34949706669749	9.37089595503013	7.95015509282681	11.7184646605261	14.5734193997154	16.2780970939481	19.1037441879858	17.9163119530778	12.6957058882128	19.0291174256716	21.4359472382258	18.2087851599166	20.0676251709065	22.1790669551268	20.6191120322869	15.1598343328679	20.0201759732526	22.0241949682616	18.9480800874389	15.7455519115717	19.218764008125	20.7560538879624	17.1000025730992	15.8253655565993	12.3742866056997	11.4314285196558	6.80468140326937	9.67130978720049	7.18409075666503	10.2234571941198	12.3512806218627	15.3480432954823	16.6276609599787	19.7311259435441	19.1375431547521	17.5449059843591	20.1890965622536	20.6117871859769	16.1388427404198	17.8700818688667	21.5847765798027	21.4997846035722	16.4874610841087	21.5571148347825	24.0816621934616	22.3862060430078	22.6214740677967	17.6149938972456	17.7017123183041	17.0183480690694	14.2077789960289	8.15481072741729	11.9944714764761	9.62414822205061	11.2307059439734	9.59708257753365	14.0127523706087	14.8809173104349	11.590168851229	10.421259041018	5.79872649812008	10.5772412754933	10.7437999329846	13.2649599320918	16.1218744567746	18.1685202754655
112	10.1914467079017	11.986860890158	9.23194123681471	7.17931396443978	6.8457004024424	4.96444770342079	3.10187523927059	3.34578017807506	3.23721145432299	1.32874903574753	0	1.324921507109	3.27634995078364	3.3366674991674	3.41206359846941	5.52093379782805	7.23760347076296	10.2616002650659	12.5612751741215	15.382527620648	12.2226980245771	15.2059371628322	12.2892755278739	13.5202929332171	12.2339488718892	14.5195044336919	14.6549704196221	14.1979497815706	16.0961263973665	13.6569684044447	12.773960309943	9.55900460299084	6.8970064520776	11.1488720505709	11.4599644851108	7.78578512418625	9.7377975435927	12.425685856322	11.7583055752094	6.90792776453258	12.6917271480284	13.2924099395106	15.4474285886033	14.4725116686773	16.3354693841346	16.7333521746242	17.9913314960289	18.345024039232	22.0527137105618	23.0377372586806	25.0040734681371	24.2717773144037	20.4331957608202	21.2688657196382	22.8806920568413	19.7311937804077	18.4997762959448	20.4532661939359	20.5299728445997	17.037213944774	17.8074078405589	20.0211680478438	19.0937061357925	14.6002481485761	18.9758010371104	16.0456387220952	19.0588392878475	16.258109176654	19.0611169137593	16.849826527297	21.7284004243294	24.1646817069872	22.2801800935271	22.401035266255	20.2558368378105	24.3889303373477	24.6368274134475	21.3124111493749	23.3844944567976	26.1265034399937	22.5104496845354	22.5221720755348	20.543596642263	17.2811780559081	14.073386372867	9.04512830201983	11.3983615050585	8.3912245232743	11.5071836258921	10.4247402845347	14.0762745781688	16.7304709138745	17.3312061322921	20.146574919822	20.3070365637136	14.5990594217573	20.4832520123148	23.1504772305022	20.3887981254413	21.0229066972196	23.0780130210553	21.7844938660507	17.1573303576052	20.5258463893697	22.5629237910338	19.9328193189022	15.8198871677392	18.835185956077	19.7928877377709	15.8393890665013	14.9054441396424	10.4388362378189	11.3131068677	6.37513897887724	10.5838423079711	9.21408856046	11.9295745942594	12.1474479212714	14.387694394864	11.625919404503	16.7709985391449	17.3693255194322	14.6307410953786	17.6502161743136	19.5928422134207	16.0252935698539	13.5837213237021	20.0346043384939	21.5259852736176	16.5397812258808	20.810730381224	23.5115140516301	22.4645340258818	21.5143916948632	17.2064934254484	15.7201762076638	14.6401927924464	11.381288195982	5.43968353858936	6.42413994243588	3.56576303194702	5.38347276393222	6.40226569270598	9.73764150089743	12.0667362198732	8.34633099032144	8.57200810778898	6.58074000398131	9.41991624166585	8.91486517004043	11.9754979019663	14.4284723377078	16.7852002966899
113	12.6978004788231	14.2304374493548	11.0446691213454	8.98955938853512	7.66710199488699	6.89689915831745	5.00027289255296	2.91505231513947	3.34040326906797	3.36913119364622	1.324921507109	0	1.33497453159227	3.26915356017425	2.97070715487071	2.92386200084751	4.60073135490435	8.09936843216803	11.2234905889389	13.6138707574297	9.5012402348325	12.352132042688	9.92877565463134	11.4142071559964	11.9643305704916	13.1845082578001	14.6839505242969	15.1321257594563	16.878679746947	15.5442976361108	14.0532546408296	11.4169943943229	8.16832963340731	11.5239615584225	12.3790625654772	9.2458608036245	9.60475408326523	12.0010154153721	12.3139859915464	6.81310333108195	12.1049225111109	12.0195386350725	13.6406114599016	13.274520857643	15.0198650459982	16.1564080475829	17.362105776662	18.5811743977608	21.5470666449055	23.2882407665328	25.5839635123255	25.5901378464439	21.3840338102987	21.7247392849719	24.5093162083319	21.6271635449497	19.7640263863414	21.7438525105373	22.5366923482573	19.1019512615858	19.2664762216654	21.5481096618706	21.2843374573887	16.8950630954726	20.2990749789245	16.9603475200245	19.1885513001894	16.4215591220809	18.4550130858799	17.322075626206	21.3261412121368	23.7769586364615	21.2837033901528	20.4399753913746	17.5467912451251	22.0721271743346	22.7973081086342	19.2522061852661	20.5955289565478	23.3954442787479	19.7584637560717	19.5531574432366	17.4072781904582	14.0773674385519	10.7190367570972	5.83981463746925	8.55617145690758	6.75639563672821	9.20899549353783	10.5692054573653	12.5702834096929	14.8177768238019	15.5905356546849	18.1340904651984	17.4794718741729	11.8570536390791	17.1541589417843	19.6916942135511	17.5640149738037	17.4378299395309	19.5170134498083	18.5639089364282	13.839694396915	17.1815003710386	19.3708570022082	16.7220104951528	12.5112380282688	15.4885930607012	16.4365625360049	12.5159821428444	11.4773154526657	7.57519445294971	7.77021376797318	3.64810156108626	7.07646839885546	7.675336735284	10.5716796205712	10.9835219761241	14.7586638284094	15.412053270087	18.3378214082262	17.0672279237139	14.9134114474187	17.3610549506647	17.8307922987174	13.2005141566531	14.2813919839769	17.9177465379997	18.0589294810074	12.8977953930119	17.403059070175	20.0339092790199	18.8370234909871	18.1885891151568	13.7629883746227	12.6114653391269	11.7757498699658	9.20716883737884	3.92327936807972	8.0249058561456	6.77428741640034	9.39466066444127	10.4774693986668	14.325902763875	14.8677954317377	11.2014139732446	8.88591182715651	3.66454103538219	7.02384460249513	5.56417127701871	8.50580584071844	11.3920825576362	13.4988172815251
114	12.4133356113496	14.4452463115033	12.4338114832098	10.7435592798662	8.63034095502605	7.54380918369493	6.83825160402862	4.85208965292275	2.73544694702712	3.42826107523916	3.27634995078364	1.33497453159227	0	1.33116264971641	3.1227420642762	3.33431162310904	2.77955068311409	5.54586025788606	8.33994856099245	10.610706951	7.39945842612822	8.44342359472744	5.05168496642457	7.32583517423099	7.35167538728418	9.80519071716609	11.544352775275	9.82462747385365	12.6030525667395	11.4731425947732	8.27007309520297	5.97722519234469	3.58681209432554	5.62464603330734	6.50715828914588	4.18101052378489	3.91894450075528	6.50390482710195	7.80766277447995	4.01688262213374	8.78688192705467	8.00883936659988	9.08697755031891	7.75061268545913	10.1286261161127	10.8888576076648	12.5573112567938	14.8103688002696	18.0222705839192	19.1102294334736	20.7434046626874	20.6749700120702	16.6823135685672	16.3574718706773	18.6840776598686	16.0984482171419	14.0144098698447	15.7885708346259	16.7267361430735	13.7103498861262	13.2088489278968	15.5812682731541	15.9396462005905	12.2148234944268	14.7816983462659	11.1357442948372	13.2030173824016	10.2855860795581	12.765288285033	11.4306966104433	15.9178997986543	18.7248732171943	17.6384912620099	17.2247252808281	14.616014983572	18.8206567632482	18.4384892276998	14.9550238715958	17.0784807579597	18.9556721062589	15.3378094263816	15.5716617610324	13.9937575368448	10.663360164601	8.84576808423101	3.9329729213408	6.72985482755757	4.77390092063084	8.13451584299889	9.91445601129987	12.8611483546377	15.9330629196021	17.5773677779126	20.1037717108009	17.9395998004415	12.9640010027769	18.947361636914	20.7464584206558	16.9010402934257	17.6901660252243	19.4573917059816	16.743752536394	13.9083023047387	16.2193882128766	17.1548014852985	13.740310149338	10.3629214510195	13.7795371112385	15.8958345487112	12.4703558088773	11.212804198772	8.226118525769	8.78326670436461	3.54694995735772	8.81333313792233	9.27811548753301	12.3449486835709	13.4115141948998	17.180347086133	18.2212500668862	21.1426546109991	19.7143440925637	17.8564981169321	20.2325445507974	20.3228740093521	15.5407519123111	17.3858098747225	20.4828467503909	20.0911301822471	14.4323649136238	19.5549413448366	22.0942229779642	19.8557168342017	19.4024347698942	14.0723333530726	14.4425368962658	13.9958499920512	11.1398531408632	6.46497169367353	10.9977106708624	9.60148623911944	12.1788989239586	12.8671437778553	16.722961878806	17.3227636074617	13.7523074791105	11.5977488763984	6.00250364431376	9.4472503407076	7.81116470188665	10.3260008231648	12.7291010680252	14.2559473904753
115	14.4265122950767	16.1859398553189	13.9025568152049	12.5851551440576	10.7895695465575	9.0272154067575	8.04458929964731	6.96134527228753	4.87651084280554	3.13561764250681	3.3366674991674	3.26915356017425	1.33116264971641	0	1.33057093008979	3.57809041249659	3.78556283794101	6.02047946595618	7.51764251610836	11.0177034358345	8.56894987731869	12.4751318630306	9.3626319483359	12.048201525539	12.2135706900153	14.2229908950263	15.9858951266421	14.8690834620026	17.349786915118	15.6346306320297	13.0191733608551	10.1721842787083	8.5183596425603	10.6576264243029	10.3272110949665	7.23740816867475	7.56916521156726	9.74046189869865	8.80678613343142	3.62672359023954	8.99362474200475	9.72277244411285	12.1618357989244	12.0733222022772	14.6304983510474	15.8705443510927	17.4659504178845	19.5294371142642	22.744481286677	24.0330882950985	25.7620905013549	25.5507962106859	21.5717522236836	21.4385277946038	23.3988699727145	20.6117140723425	18.6460377024182	20.5638100312175	20.8999856459281	17.7830223809115	17.38993533628	19.5367713043891	18.8398901270682	14.5683748578899	17.5233426035103	14.2686887975034	17.0919052770602	14.762412031914	17.4839657400717	16.4302562670215	20.9225673854812	23.7243703604542	22.3098306134314	21.9281263677497	19.1499431591846	23.4837156770388	23.2425216790261	19.7554040707853	21.66075875864	23.5688558059147	19.7585052825359	20.0155775584918	18.0908633845928	14.952162418861	12.1009987191141	7.02646383325212	10.4860210756988	8.48689919817597	11.8155967263613	13.4683158189879	16.1524989088376	18.9775701816645	20.4136968234565	22.9467995371904	21.6322427177581	16.0092302750632	21.7153967727969	24.0027637783652	20.750227516825	21.0096870276546	23.0621656832137	20.820999111474	17.5064469553362	19.780087234388	21.1933754980182	17.9530728846067	14.1183866642049	16.4264098633877	17.4032862988575	13.7653572783274	13.5511603193232	9.20100999890773	11.2397256639119	5.91943409457357	11.5989603413409	11.9305725344595	15.0550275323561	16.2686415843487	19.9163325439198	20.4313472389855	23.796231760512	22.5431075275792	20.5499792943935	22.9658172290907	23.1179567003661	18.3238088289526	19.8281517292964	23.117159276174	22.6517928208784	16.8916543298755	21.9511936121934	24.4709171262542	22.6021106536536	21.3095242790636	16.7688777501656	15.855093093388	15.4374435059695	11.8596276923013	7.78772495662244	12.9677064278923	11.4792235800162	14.1880520509336	14.1279193443338	18.5581347661881	19.6953615097566	16.0689530150536	14.2464409941571	8.7930632887521	12.1443901864194	10.0029316702655	12.4946350486919	14.2864660780754	15.9596978041566
116	16.5208041269183	18.3507445353043	15.6364084431176	13.2554153084692	12.4465430943696	11.1013075806411	9.38039961835315	7.64522890435597	6.79093763776402	5.32001522554212	3.41206359846941	2.97070715487071	3.1227420642762	1.33057093008979	0	1.31558504096087	3.49510200137278	5.64032525657873	8.36978554086065	11.6871478984395	7.59046355633172	12.5412558781009	10.6047650138982	13.6929485502575	14.4655212488178	16.1369617338581	18.2785774884152	17.4146224478167	19.8624589112224	18.3509503568616	15.7688392407304	12.9644832137652	11.1260584665011	13.2907443358151	12.9641847024794	9.63141760074809	9.88650079654071	11.970055388343	11.0765417888437	5.89760544628072	10.8851820379817	11.3186616700032	13.5770281726157	14.187301399491	16.6214067395031	18.1625028561594	19.6797123962725	21.9139624440675	24.9389902161254	26.5176358863304	28.35519287538	28.1974344045695	24.1446965191116	23.9653168140962	26.1555486273945	23.3994878790114	21.3898046274387	23.2854633408915	23.622772910901	20.4857824112236	20.0604864098556	22.165169816629	21.5409797595188	17.3819346161467	19.8580767950978	16.5905450784475	19.3955658334579	17.2460536065501	19.7171311807778	19.0549387036537	23.2437719400273	25.9997025559909	24.344863318573	23.5630538343399	19.8965422875433	24.5482390814494	24.645195921315	21.0303127413741	21.8144911927828	24.1119377072852	20.1772980103878	20.0242570149307	17.4773743451355	14.0923994053532	10.4555693293096	6.58807786839227	10.9710937467511	10.2557475592957	13.3104768509622	15.2277064589517	17.7265019955997	20.2953392186482	20.7114376854916	23.0705520090006	22.4790433292878	17.0839213882528	21.837655299963	24.2252769024422	21.2730643067707	20.1307251980648	22.1393220537576	20.417311576209	17.4435233252918	18.6994327721458	20.276819301853	17.3662784153658	13.1750348007131	14.3602366972136	14.7096693708594	10.8421744129118	11.1370738077827	5.81854225730122	10.4887795762901	6.60561609541457	11.8852320549495	13.1132977164404	15.8878932838813	15.4602637105581	18.7593678198387	16.1803320423284	20.5675597726128	20.101377017508	16.8853866405244	19.3204307405399	20.9082206560004	16.9800113368631	14.4459492592214	19.8785433067919	21.0683727658308	15.7573083361341	19.3123701290132	21.9679170155024	20.8673493525172	18.5700041464723	14.941091693715	12.4891332765729	10.8925718726112	6.57899126006411	3.29752846841388	6.5821380265078	7.06403687702719	10.0692023517258	13.0720503747499	16.0697681688318	17.6270574969278	13.8487327218053	12.6324141794037	8.06400830852746	10.4878868224252	7.88857236767211	10.2535887376079	11.5244034118908	13.1703807462047
