21	22	23	24	25	26	27	28	29	30	31	32	33	34	35	36	37	38	39	40	41	42	43	44	45	46	47	48	49	50	51	52	53	54	55	56	57	58	59	60	61	62	63	64	65	66	67	68	69	70	71	72	73	74	75	76	77	78	79	80	81	92	93	94	95	96	97	98	99	100	101	102	103	104	105	106	107	108	109	110	111	112	113	114	115	116	117	118	119	120	121	122	123	124	125	126	127	128	129	130	131	132	133	134	135	136	137	138	139	140	141	142	143	144	145	146	147	148	149	150	151	152	153	154	155	156	157	158	159	160	161	162	163
21	0	1.34038613839446	4.07567736701521	7.38422027027905	8.62464781889672	6.29814178944869	9.08834869489502	10.9615270833949	12.3918673330536	14.6525882014066	15.307361039709	17.1681058361137	19.0715053941738	21.4361507272178	19.1270456160903	22.2690014594279	25.1505628366444	25.3224349934993	23.600136736892	28.2196106635085	30.342616976787	28.372009163963	30.6930071677573	33.1160763678308	35.4231498458282	36.8667378133732	33.2643417641173	36.4928215132785	35.5874188162053	31.9351255359988	35.3430991001072	34.4297307715294	31.7683671125854	27.6649761612043	27.5284744946029	23.0730081263801	21.5161922514185	15.6301587004099	17.4499564469371	13.8424723947711	12.1401162267912	10.8179909872397	8.47134522965508	8.14755920506258	6.81584550881253	6.89034868493605	10.9596106682674	13.1307220288909	11.2920793922112	13.7349052053518	16.4587826099016	14.4857519652933	15.8960163563076	19.7917185458969	21.9319514179655	19.6693162057048	22.3092228909929	25.7430366701366	27.4059101290214	25.9530679881975	30.4806693167981	31.1418755697212	30.305656848186	25.6752400767744	26.1416678121347	21.2291826503048	21.5126715681712	17.9846413920323	17.8251528745198	14.9253658916624	18.5849440677124	20.5176406050988	16.4466677780029	13.4670655303967	12.6239995247148	16.2529421644206	17.1622661091127	12.7977010826164	14.0828434628806	17.5570575552967	18.1366944342126	13.0924039809349	18.6839812138634	21.1032322405834	18.4119343361853	17.8597541696407	21.7209168544976	22.8383739788979	19.1788922777099	22.7445265943259	25.5260166496851	25.8573748280834	21.1349245326308	24.3037617664427	28.626220497998	27.3211331756207	29.5302072630722	27.6375326503652	29.5465441126369	29.1108446115876	24.1013339464852	25.4733445389489	20.7535691388253	21.9427769892509	21.5363508050923	22.897133838103	22.5511547154464	21.9613161263163	23.3805707586449	18.8995210785882	22.1411256714739	27.1624417164584	29.0113742694137	24.0720502035036	25.2814453898506	32.2028179046493	35.1049053125058	35.0563614055994	31.9928904289687	26.7121075918768	28.9074602308816	22.8288775457752	22.7248236736834	16.28738072865	16.9072008623545	12.8407007596938	11.4726786758804	14.6628655453155	17.7010513529564	14.046114978883	13.7280910180549	20.895003852596	23.8181134013591
22	1.34038613839446	0	1.33176386795858	4.56532342775405	6.44507913062361	6.52043909564379	8.30482329733752	7.71317865733707	10.3494860258855	12.7118754320517	13.0718123456543	14.6376335177514	16.6696084237153	19.0262554119301	15.905174158116	19.4007718660882	22.4676514571506	22.281974463678	20.1550619448316	25.1042518510311	27.326623080798	24.6741097711751	27.3054871591774	30.0677259033669	31.9403092189165	33.2634211108839	29.347951444692	32.4497613088294	31.659926168581	28.1430929714557	31.7487473453678	30.4705777759464	27.764534175815	23.82683048582	23.3942833401667	19.0224014519724	17.2570385350442	11.3857327388271	13.2741550766894	9.59128401206011	7.82829157607201	6.72541508012702	5.08353548231936	5.13244269329917	3.79669606368484	3.49595223079492	6.9061793344801	9.02963144319856	7.95646579833031	10.0571027637188	12.604964498165	11.0335812409208	12.889396921501	15.9649630441163	18.2757577134301	16.604432239616	19.1357127120993	22.2844787913022	23.851351701738	22.925553537483	27.3984254109611	27.2293864234947	26.3102293034477	21.7224311254519	22.0960775930933	17.1772764139138	17.2112376370789	14.06094079356	13.5449039125422	10.8732720926131	14.8430253317846	17.6195899498257	14.6435258732315	10.4326871418633	11.9737719203265	14.1351269537985	15.4781162613543	11.2837540738887	11.1362529155906	14.9930099379678	16.2125662373358	11.0813293877585	15.9398726155512	18.6241247042646	16.1732804650139	14.2160950334471	18.4675317787732	20.7005822140345	16.6473522819696	19.3250623026163	22.0960646948727	23.0247201068764	18.1251539027949	20.8081123843562	25.1561970297579	23.5381403046205	25.7151687919796	24.4596133657096	25.8310869689992	25.0528081659522	20.0402718793933	21.4463315977348	16.8512221811951	18.0807590825164	17.9936087820092	18.6971755353583	18.8637070057823	17.9580155084018	19.5018181203702	14.9744302729687	18.8281141116151	23.2232296849512	24.834804488862	19.8131308480008	20.9320666920397	27.8594621986857	30.7683482494592	30.7621058121839	27.7219105221844	22.4083206198055	24.8534142926078	19.0459602803324	18.6755822934654	12.4924602060603	13.1262657675365	9.33499576861179	9.19734081134325	10.76666238906	14.4282035957357	11.8367050313844	11.5527129714193	18.2157714906616	20.8688084230988
23	4.07567736701521	1.33176386795858	0	1.32493697963337	3.07188753049326	3.44415533912163	4.523751761536	5.10045743046641	6.39880777957894	8.57473002490457	9.41106471128533	10.6731620900275	12.6189458751514	14.9974272793703	12.983952287343	15.8060645006909	18.6637315132853	19.1596119741502	17.6671543266028	21.8934460284351	23.987897865382	22.5610934575432	24.6267993251255	26.7342305107142	29.361593519426	30.8545425018748	27.8126824847946	31.5122250245837	30.7141899128074	26.3874872809065	29.6843796296975	29.8909943126688	27.6213163154836	22.3583897005129	23.1719294405969	18.4514975543992	17.4694279528552	12.2835448873686	14.652263920637	11.9867507690783	10.6661372108182	10.3739102560221	8.4491001295996	8.25569779001145	6.50812277081494	3.53826553554139	8.6932562943928	10.4169189302788	6.81047054174673	8.83410963255494	12.1759985627463	10.5161946539611	9.68295125465372	14.2928003204411	16.7428970312787	13.8514614391406	16.10551983017	19.9104437670284	21.692309927714	19.7147070736544	24.304373125016	26.4420302926988	26.0016838877793	21.3156714414536	22.5147324212392	17.8871854130268	18.7227308371402	15.7337497437833	16.4162907198916	14.3708991367972	18.5352850800844	21.5063532473546	18.7466845602096	14.3514530623209	15.7187600974123	17.7601176797903	19.106447733684	15.0083435461746	14.3595948759009	18.2579393415577	19.3931628673613	14.2232327197441	18.4558917422052	21.2627410509558	18.4943105846095	14.7530980136377	19.898950248694	21.7553239001399	17.5313555380067	19.2003607778604	22.0814485484988	22.4533661173553	16.6835872341652	19.282276317904	24.1125554846433	22.7311180103399	25.9849610544253	25.5106268249136	26.7873869759631	25.1376777567062	20.3461710894212	22.6404562233185	18.2911278219797	20.4112539546202	20.9766015121611	21.7604755462743	22.3089565869854	21.3524728544494	22.6719776596573	17.0616825958051	20.5566173287338	25.5759904207051	27.1835891302087	21.9981456263931	22.5338083998245	29.4936354320725	31.9637222644673	31.059770523943	28.0215260469518	23.0987447710909	23.9076322750707	17.3193469276414	18.0334312042939	11.2002200424813	12.6277355056241	8.00333461752037	9.18313568450341	12.6221453802434	15.3933032842207	12.6611830805814	14.2799210431991	20.5875872797178	23.5270007438262
24	7.38422027027905	4.56532342775405	1.32493697963337	0	1.33646511364869	3.10357616307382	3.90978886898001	3.36368384364524	3.09071480405423	5.46819330309381	6.48573650405257	3.12378776487776	6.58105569038889	9.04995226506748	6.76587658770096	7.53384775529742	11.3706237735667	13.0557979840376	11.0628706491579	13.9722814171487	16.6910456532837	16.7322303653757	16.7806892587879	18.5620771466989	22.4021506556848	23.8947663307261	22.2734058913315	25.7577763597714	24.5220394543358	19.9930308357687	22.2518079040783	23.5598175714499	21.8114606113392	16.1511407337067	18.7094575282128	14.2604815486715	14.7252787070398	10.7182462651313	14.6655828728353	12.926717642155	11.293937887203	12.0310207796346	10.0567697597191	9.00070824991012	6.46330712561302	3.55201872179751	7.9601508151542	7.21560052940849	3.55698046100903	5.37670651979444	7.80600980014758	7.03650403254344	2.39117837059471	7.77616962263556	10.1163903641566	6.38170643323555	8.1817663129669	12.0709039429531	13.7096635626116	11.032179023203	15.6861628195043	19.800385728566	20.0349040177386	15.3739251006371	18.239200585552	13.4939308209283	16.3770411857576	13.4283089404437	16.4332605407448	15.7468844220055	20.0258007080866	23.1827626265724	20.9769960909564	16.1480405622478	17.1738478507293	18.3111358741068	20.2198663694892	16.4537870716744	14.8608642077101	18.0840765592275	19.1030988585622	14.6575875914149	15.9427089918872	19.1955543030151	16.6688111753658	10.9434664983268	16.59045945717	18.0761541263622	14.8913552103225	14.1798455562816	17.4154306291863	17.6749489108172	12.1249002470123	12.6751557386882	18.0473946319129	16.4661850773031	20.8251592791028	21.2615194424105	22.2055467169804	19.5827280530574	15.4472764589749	18.594135311974	14.5688583286406	18.1378336082345	20.0235979034738	20.8658023330041	22.524749277184	22.0878900078754	23.4201208152306	18.2093945533617	21.6580365915288	25.3698332276742	26.4607812809826	21.3600154260244	20.4826076708997	26.9815875552199	29.1922704495556	27.4702350554195	24.1230242921571	19.9343249195953	19.2676563182967	12.5522374499529	15.2981282515215	9.04816031025092	12.3142437851457	7.91086695628235	10.0006976256659	13.7703050801353	16.3362980812668	14.0344598756062	16.4103612391684	22.2502335043927	25.1250006368159
25	8.62464781889672	6.44507913062361	3.07188753049326	1.33646511364869	0	1.32767616533551	3.88184311893204	5.34146272101566	3.17335122543976	5.76706727895557	8.61230782078765	9.52277722095818	10.7558000167352	13.7309433033568	12.956099644569	14.5572773553299	17.7526255241302	19.0556677133078	17.6869957030582	21.1073610382729	23.3948413758247	22.8567836101233	24.0810384742851	25.7130775676503	29.166391857753	30.7139487204104	28.3318492160325	32.1183761887179	31.1569696376268	26.629731617123	29.456734798684	30.2234913601986	28.2097431395608	22.7210329210624	24.2421010846832	19.5202042253661	19.0970757447312	14.3341183195898	17.0969156575097	14.7847638127905	13.5868056952324	14.2067091896751	12.5948237383458	11.6811871828167	9.06232067408784	6.01214321186713	10.9407842954699	11.6782841633521	7.83990841783244	10.2363867648697	13.112058648435	11.2103692624284	9.06775308441953	14.3108918659879	16.7464568192797	12.6234627975053	15.4552495288818	19.3817659670114	20.985967335341	17.4441828126169	22.1288252286469	26.5604121391216	26.4351925659716	21.8880567890345	23.7039830197374	19.1119646818426	20.6763402225829	17.6339980151978	19.0847137259116	17.7207783689092	22.0244255543703	25.3033235761629	23.3179874345965	18.4852119544245	19.7734899549877	21.2740041130014	22.8899377674995	19.1335423275461	17.6812875379594	21.308321261892	22.2015291365257	17.2644125587869	20.1874752507588	23.0674010022803	20.1950390195216	15.737554829134	21.0501529210597	22.1251891517338	17.9952057504214	19.659771539873	22.0859941818339	21.3250617115168	14.9539159419866	18.1844038945466	23.1426749750326	22.7050229905191	26.5064839237497	26.3118866294304	27.6724019557392	25.6786486015133	21.1481848157235	23.9153467672957	19.6162872633942	22.3892203303286	23.6080605090719	24.3259603510324	25.3216694947233	24.2611761256539	25.4521581796122	19.7561976604811	22.725786191021	28.0893210491105	29.6320980188714	24.4434186643358	24.5885781207454	31.4361589256703	33.7395856672841	32.4648645461521	29.3430957637397	24.7065970339907	24.8089521342599	17.9973117437022	19.3939105391357	12.6310652757398	14.5400058803289	9.62920583433546	10.3146434742069	14.9120157255818	17.432066716256	14.3465014899104	17.1178899984782	22.8104098604124	25.9636386895212
26	6.29814178944869	6.52043909564379	3.44415533912163	3.10357616307382	1.32767616533551	0	1.32992518586573	4.01146070652574	4.22071427604381	4.10500596832696	7.0596148620162	9.26224821520132	10.275480183427	11.9924359493808	13.1498589346046	15.1459794665119	17.0869743957203	17.6782855786414	17.8349761143658	21.1948413063179	22.0093452424192	22.017686731353	24.6803963096219	26.0061093399224	28.2051150680156	30.225082961011	27.3658092882341	31.8437285034275	31.5522391123039	26.4420640268493	30.0275650861005	31.3703311107805	28.8312628582239	22.7401598279344	24.153526326398	19.5066294628262	18.3984855898522	14.2229838290002	15.4416373807961	13.3640738175154	13.3162032877243	12.5853506109286	12.3742404615394	12.9577993887851	10.8642526204061	6.72486289823072	11.9615784075514	13.4329744286215	9.86132987988942	10.8004905444151	14.4012058870082	13.5269407480036	10.3455507828245	15.5488201803224	18.1862153566926	15.046539602181	16.4120071289285	20.6315562428044	22.5351454399567	19.7259342237573	24.4722455651295	28.0398184016944	27.6996379218213	23.1129906978738	24.3332438651323	20.224454751612	20.7378591228699	18.4296732743693	18.1775195227512	15.750379043058	19.112119322566	22.9036790494453	20.8268506500623	16.7997710401065	19.2129871180928	21.088781401494	23.268818298315	19.4505285789358	18.5251570573639	22.6187933807266	23.9359677681935	18.983325788702	21.8274557839433	25.0348846612082	22.4231870170143	17.7829457908413	23.2065001885248	24.8566308658273	20.8708304817992	21.7739884724871	24.777911090324	24.8598616247154	18.8008753253672	21.0894958213799	26.1850759403138	24.751191082451	28.5204965419608	28.500049912237	29.5668242968365	27.2691582745049	22.7618599855109	25.1314034228095	21.18805198691	23.2085956921137	23.9929003248878	23.6561166931515	24.226323658368	22.1344159398887	22.9569626475281	17.1323879829988	19.1674265617479	25.7739056217718	28.0867761945012	23.0784486913657	23.8525253380014	30.5456507215021	32.4856093832331	31.431508490685	28.8897784519023	24.2502391946966	23.8146927336886	16.96854896566	17.7378254022301	11.4224644013453	12.1344176209656	7.27307417809003	6.75777670539653	11.7918334452281	14.2767816051097	10.2210953424768	12.2778578343292	18.2843233673002	21.6627788845291
27	9.08834869489502	8.30482329733752	4.523751761536	3.90978886898001	3.88184311893204	1.32992518586573	0	1.33383694655681	3.26929564279525	2.88973112936135	3.07395169122744	5.21642272060078	6.98733525744972	8.52137811624388	8.97154284390372	10.9802415729345	13.0471663206997	13.4364433538046	13.8215510345258	16.9668675364665	18.1024055859988	17.8057663412727	20.61786550543	21.9285674406697	23.9566604726118	25.9240120737512	23.2127212967373	27.8337503222257	27.6619173775066	22.3113926952129	25.9600776000381	27.7575296090989	25.1396970944361	18.7090192420661	20.5115617640393	16.0449564349673	15.2946813631406	11.4234682561821	12.2655345175007	10.5955841745512	11.4728564882509	11.2298157153179	11.9888494026741	13.301343428391	11.428653507741	6.62502566032767	11.3216833112395	12.6082536855823	9.45056516828491	8.15754117366256	12.2361931171423	13.2147919393383	7.79103317923881	12.4192982088361	15.2731652907968	13.4487347732045	12.6467250306156	16.9236677466795	19.2146671321676	16.7445986515055	21.3245383068427	24.8135236312782	24.2174775936719	19.9525242012132	21.183623320858	17.4624139511123	18.0406414797257	16.1865484276297	15.4311113339254	13.6039931270197	17.0127249140166	21.0423495123525	19.9867841335218	15.6478987087724	18.6602554376943	19.1259065667487	22.4810904984611	19.3553710116856	17.618122998776	22.0092899022208	23.9677601373178	19.6432654108221	20.8232600953837	24.8215102884575	23.0146933066682	16.9951167103966	22.6911689870751	24.731052929465	21.6000666202676	20.5113880807711	24.0649270724014	24.683842346766	19.0781754368703	19.4879040176208	25.0557933221042	22.6712428860881	26.8447666035673	27.5132154791111	27.865673112272	24.6707598585856	20.5874944808736	22.6179999778937	19.4976661680315	20.97352967433	21.9389310587367	20.865551562324	21.7778521209049	19.4049202523484	19.9043436716713	13.8190825672329	15.8914627709346	22.4532127322573	24.798973164226	19.8848091768566	20.7354755190229	27.3383777865476	29.1083180723311	27.8537971558637	25.3724554783332	21.0761651872441	19.8304783603422	12.9245485801246	14.1091682958281	7.97569727359307	8.72206770209908	4.01802314577704	3.22342690315757	8.32329051517487	10.7621582407991	7.00535181129399	9.99655285585987	15.4434686842043	18.7647156386661
28	10.9615270833949	7.71317865733707	5.10045743046641	3.36368384364524	5.34146272101566	4.01146070652574	1.33383694655681	0	1.33792376464431	3.17154946359031	3.02197518189677	2.77037380149322	5.09927063412014	7.1546294802736	6.62835854491895	8.45034159072875	10.8359308783325	11.8869761083297	11.2908265419322	14.5026464136722	16.4064369684584	15.9018014702737	17.8138412196808	19.2957662454747	22.1681775750737	23.8190903478701	21.0699481489632	24.9398196064045	24.4626273731993	19.8712256541966	23.2689900081632	24.1944771590543	21.5510230615625	15.898267515676	16.8711470268029	12.1098440122076	11.2381498922198	7.2023918249426	9.82978524689121	8.6580079695043	7.91420912031013	9.58057936661452	8.89385270847229	8.24794550175982	6.08479966802523	3.83217549180619	5.74365545624039	7.04219994035955	4.38222055583696	3.4811355905796	7.2180953859034	8.71695462876801	4.53781896950506	8.88902390591903	11.8349821715117	10.0905077176523	9.52664489733925	13.8111243930391	15.9699884783928	13.4783085363112	18.0797443289445	21.3470989598118	20.4563575936676	15.897573934409	16.7930262906958	12.8011140921406	13.5034042374506	11.1619624170663	12.5251988008175	12.302024020461	16.417428970457	19.9187369328479	19.0411756727362	13.755374222463	15.2623407772202	15.3323491350804	18.4691034433185	15.4762760701662	12.7929926913135	16.5825727195752	18.4067530542461	14.3644298181306	15.1334403226761	19.0980141899623	17.5681985701437	11.6554854467757	17.2359980563935	19.518172890924	16.6554957596584	15.7257359128277	19.3598423030767	20.5804199665604	15.5485707060167	15.8703136704981	21.1964998997476	18.7688323025168	22.1158354352713	22.3659337609678	22.8212079653992	20.3882851412275	15.7775768101442	17.7649172809783	14.1232558923217	15.9909965292973	17.3897357656751	17.5470944603373	19.0328563542102	17.7573838163171	18.6089220268128	13.0668428091869	17.1335425408758	20.6580544582495	22.0974754666681	16.9872051556458	16.9672556708502	23.73660015672	25.7712864638147	24.572336905553	21.6652016376493	16.9923887078892	17.1845966202294	10.593064617947	11.4428418236031	4.6249165397875	7.03920364814089	3.76648390412066	7.13764197757215	9.31981298095622	12.0123547233671	11.3796046064879	13.8606557925662	18.6105496426086	20.9557608308551
29	12.3918673330536	10.3494860258855	6.39880777957894	3.09071480405423	3.17335122543976	4.22071427604381	3.26929564279525	1.33792376464431	0	1.32540899348088	3.35600566149701	3.89661468456916	3.2125499217911	6.56202796397577	8.01720038417401	8.43001239619492	10.6643410485599	12.320147158212	13.1070243762648	14.6439572179107	16.2043421958437	17.550911030485	18.595818535359	19.2163945369572	22.6793963984935	24.6332883919301	23.181575205322	27.6848708142191	27.1497922643986	21.6733695811242	24.3708672804232	26.944392069594	24.7261444224529	18.2012740213426	20.7752185548071	16.1565912555836	16.0527395169796	12.5233134992301	15.1110342796249	13.9329326058802	13.56559571121	14.9180160209057	14.2749651137927	13.5473179633461	10.8397912341521	7.93504341513013	11.4016564147496	11.4570102993757	8.045379792154	8.21597383150653	11.3538352991401	11.2258731508957	5.76063381929454	11.1191491580966	13.8182067577526	10.1965457386313	10.7360847146434	15.0374814713103	16.9779652491104	13.1416527499398	17.8115152359366	23.211291002441	23.3776427169208	19.0532383599219	20.9354398329722	16.8161874989547	18.6114271080968	16.3559004032184	17.9742142526454	17.5046588655706	21.6946959646822	25.231328819545	24.4761409131423	19.2943412688799	20.9838098304383	20.9931759626789	24.2145714188792	20.9852299487044	18.4992701747934	22.1095169779894	23.5944322669565	19.2648213331969	20.0421907235711	23.7180846823684	21.1570290920063	15.4066695297848	21.0986311404318	22.1298904877543	18.7761912005604	18.3429696069093	21.3188227864486	20.7507070963859	14.6224756453892	16.4765593799191	21.6238647100836	20.6709371098651	24.9450910802106	25.6824048328812	26.3598270100545	23.339084429343	19.2996984691471	22.042059999011	18.5593146425185	21.1774021305731	22.795627343857	22.9849163800959	24.4643241476236	23.1586625045576	23.8853224805528	18.1086309808334	21.4128477554948	25.8412496795337	27.3518587485385	22.3168342288955	22.1150775264298	28.4458147712453	30.2408192184008	28.7771535423502	25.8892569418282	21.671670563203	20.444381844409	13.6140294182141	15.4719039552345	9.04325566375296	11.5644156359066	7.44705753972668	10.0078693536636	13.8225529479905	16.108796882449	14.3884550247759	17.6018517491768	22.5391947726621	25.2742965282913
30	14.6525882014066	12.7118754320517	8.57473002490457	5.46819330309381	5.76706727895557	4.10500596832696	2.88973112936135	3.17154946359031	1.32540899348088	0	1.33055965668586	3.45773943494879	3.5016203392144	4.09973243029347	6.13261591818695	8.03717574773626	9.33662369381994	10.3311835720792	12.117952632355	13.8759063487759	13.8997685592243	15.6338197507839	18.0314477788113	18.4435641078399	20.7687825834833	22.9237354067787	21.0953652966712	26.1354830450864	26.1509896562252	20.260892848046	23.6038805707875	26.6951443712148	24.1740947503728	17.0700172817722	19.987058938223	16.0118868657007	15.8764687509534	13.2766854673898	15.3514761830907	15.3435061508118	15.566761159599	16.833676306737	16.6443783001949	16.1910236242185	13.5782790514851	10.5259400530309	13.8747830613671	14.0067872476168	10.7551000925142	10.1203908027309	13.4128360162942	13.090602812705	7.50734054109709	12.1588640094377	14.8866501940497	12.5284891746771	11.0255202598335	15.2735189462023	17.5794696734572	14.3919614715993	18.7272662447032	23.2011679878406	23.5266258949302	19.7386052698766	21.3540851595192	18.123954756068	19.4503206400306	18.2188685707977	19.1714297328081	19.056596495702	23.0556317848807	26.717449990596	26.37926560767	21.2580306943047	23.3153579642261	22.9244610623674	26.5814541927262	23.5236206821994	20.9227259457271	24.6111155984445	26.2836695307181	22.0284940247853	22.4432009526271	26.3074784994685	23.8810286629366	17.8481500441923	23.5591025720421	25.0088669675377	21.8476737892161	20.3832376721658	23.9569641440647	24.056933823744	18.3280875707205	18.8031575273942	24.2711128916661	22.0461332210435	26.8679799389534	27.8711851559994	28.0811122642961	24.453822073451	21.0267557887564	23.4282545017763	20.7082396644428	22.8572641626245	24.398364699299	23.9078362258068	25.6806181779178	23.8173771225968	23.9043048424337	18.0845865310767	20.5068091374548	25.2689283310551	26.9316186851069	22.2508707694778	21.8762075552414	27.4050985949695	28.7218746254488	27.1591676418848	24.9525575041918	21.3541496903998	18.3956043390806	11.7552865979524	13.7975170592393	8.70948155747516	10.5372145750193	7.9332341450382	8.73695478985671	13.7135755366717	15.2848242711521	13.5494205042135	17.7640638650057	21.7126183358894	24.5929274589261
31	15.307361039709	13.0718123456543	9.41106471128533	6.48573650405257	8.61230782078765	7.0596148620162	3.07395169122744	3.02197518189677	3.35600566149701	1.33055965668586	0	1.33632855241516	3.26296628851724	2.86471132926164	2.83399894142535	4.86260362357451	6.72374969789923	7.46794034523576	8.68574326122987	10.7433721428609	11.8383391571622	12.2667589036387	14.7478815766875	15.7011271888358	17.85983684136	19.8066080134888	17.8177589219295	22.4702708928931	22.489887016168	16.7608733960972	20.1923796517399	22.9806252525905	20.1384832844979	13.4605494687253	15.3950501460697	11.2395883376572	10.8747584340987	8.61401938702253	11.0022409535512	11.3074108884395	12.285757607897	13.7820107386404	14.7266554587252	14.8560361469673	12.6419069368509	9.79855132149646	11.4542027221453	12.1428311772832	9.08358238802291	6.79930900900967	10.0518436617369	10.8699409842004	6.05310350151061	8.470885195775	11.6701554831116	11.040687795604	7.80378081445142	11.9522630911472	14.4251766020385	12.2022557340846	16.3140431224145	19.7395853553209	19.5900558957855	15.6611500535561	16.6753316608696	13.9270017950742	14.5884002549971	13.8373715350857	14.7700406566807	15.1486785562306	18.9344548640831	22.6056902571012	22.9830875427998	18.0467827880761	20.6653268302246	18.7896741323526	23.6133310229624	21.5554375042586	18.1196425185488	21.1577774352601	23.9062583019593	20.8814462621726	19.3480166942248	24.0098356512493	22.6044338349803	15.7375052025408	20.7478126316969	23.5901652601248	20.7956096808918	18.1268977213422	22.294827135459	22.9819794839348	18.0627419845382	16.6602296202663	22.3166872541603	18.7683005623844	23.7787808981032	25.2694022089958	24.3593447571974	20.7326334313806	17.2932821638924	19.0182732654676	17.1032433473888	18.2812271469943	19.7652590926605	19.1851550423759	21.1233650964992	19.4508845557214	19.5732454386083	13.9153819207379	16.6985976357298	20.7027233957274	22.1728538082043	17.4941120666354	16.90228227193	22.5977024717116	24.1650543140296	22.7221463114733	20.2904744153507	16.3881357695133	14.456269124501	7.53546129974801	9.16401467698519	3.83913557978876	6.50042560145103	4.08003455867717	6.88105667757504	9.89627030754516	11.5831783634717	11.0271099568291	14.6320662929061	18.4879584865393	20.9456780028721
32	17.1681058361137	14.6376335177514	10.6731620900275	3.12378776487776	9.52277722095818	9.26224821520132	5.21642272060078	2.77037380149322	3.89661468456916	3.45773943494879	1.33632855241516	0	1.36020807231835	3.20164988716755	3.15101586793847	2.82427211861746	4.97364142253942	6.72520787782801	7.41519770471429	8.79238727536498	10.7144655956329	11.8163576029164	12.4931471615442	13.3772562956684	16.6870068017005	18.5385136944686	17.4470983833989	21.7728709406913	21.2184722588597	15.6352300910476	18.2300194459578	21.3482259216076	19.2511948200625	12.3235386557596	16.1513866277791	12.5467593824063	13.7231215836631	11.4656947892398	14.3694277199894	14.4049384240267	14.6435270000093	16.390140023807	16.6088842792043	15.1674616531574	11.8889646731749	10.7690149967395	12.1118560097121	9.93818821516276	6.92733491322601	8.23404432827514	9.3144350875402	6.78625972093612	3.37645302055278	7.36501928035494	8.79856232574391	4.50253772888135	5.2982708500038	9.27315453338291	10.3807886983601	6.29267264363879	11.0389008963755	17.1561087079792	18.3138304294869	13.7070109068316	17.4576059355228	13.89537516586	17.1122581502267	15.7250466136034	17.7021853453182	18.2087932054818	22.04740730789	25.6451434388658	25.8407076334995	20.6480197113428	22.4543799513592	21.1677544628617	24.9380836874047	21.7198677942569	18.7695935225034	21.9292585829982	22.7293176536384	18.9612550744934	18.1219414522837	20.8178829375131	17.9428359798556	12.406558789608	17.6065889087012	18.1165622014774	14.5090959401336	12.8822142894768	16.3110198332293	15.8740485699144	10.9748287002577	10.3310060497514	15.4665355526052	14.3053638192113	18.7565512288374	20.8046953594615	21.5756103274044	18.1867214472538	15.2745118416269	18.895938849393	15.877523893857	20.1974441452378	22.0802090116919	22.1395995672912	24.0014734964335	22.7306828977926	23.06604400412	17.6194848959894	20.892331822944	24.2278111475222	25.5653875581811	20.844204134483	19.9626391792268	24.9222332466414	26.1427854866309	24.148948962636	21.4222288522927	18.4976961538458	15.1364283766019	8.84509739912456	12.2526122112797	7.03315128516372	10.1565256362597	8.07732319521759	11.2620222429189	14.1999810563254	15.4522985668799	15.5078409199991	18.9354792387201	22.9192098685797	25.2271423867231
33	19.0715053941738	16.6696084237153	12.6189458751514	6.58105569038889	10.7558000167352	10.275480183427	6.98733525744972	5.09927063412014	3.2125499217911	3.5016203392144	3.26296628851724	1.36020807231835	0	1.33449203819281	3.32520285095511	3.41448883436452	3.13312527678036	5.09389791809769	7.1348299208881	7.78345019897989	8.4654928976404	10.9591540731938	12.2621611879799	11.9766069067996	15.1164570253747	17.3147088049439	16.6165741655734	21.4965149268434	21.4651230138567	15.5083002614729	17.9750197218251	21.8223619482402	20.1362024969953	12.8503781267323	17.2242167601317	14.3496855017802	15.5690084783842	14.0622827094323	16.8583804085683	17.3776127531948	17.5887650788792	19.3615070694406	19.5115284127103	18.3195846568638	15.4095245221908	13.4849143119265	14.8936653984169	14.0060247750745	10.5710541574622	10.7269557191218	12.6406668336761	11.0457257796851	6.69631167136058	9.77068134778737	12.049995186721	10.0728163390385	7.32554496266319	10.7099491595432	12.8303236903829	9.65433482949499	13.2046316495387	18.1528244083393	19.6217175089236	16.4508156636685	19.2997418635587	16.3238989827798	19.2289849186066	18.054339367587	20.4234315921688	21.1766045909159	24.9228442397733	28.5028884150361	28.8216201661184	23.5333570065981	25.2588870894978	23.8162202500733	28.0241920311719	25.4487200071045	21.8879629020153	25.238135133167	27.0393084231088	23.6074551148573	22.0037960588622	25.9122938583214	23.317053115692	17.0412511571187	22.5176636887578	23.6503678406912	20.2495719954768	17.8451966086115	21.7960654018105	21.9303294320902	17.0398148464119	15.688158368655	21.1219178343256	17.894466574894	23.6469532286931	25.7318044062207	25.3461077485282	21.2583275212327	18.7283055560294	21.7440519453022	19.4556107588531	22.4238666380265	24.3493951875606	24.5822746506502	26.4843081087651	25.3990452379612	25.6029608444024	20.3133336013565	23.3763789112001	26.1238215810781	27.1989897055019	23.0800458621728	21.5758577581518	25.7305649180114	26.5987417371574	24.517086715187	22.255904789516	19.0640366134772	15.2675293679102	9.77599391366423	13.0939245835616	9.58180343150495	12.669957261175	10.9103749706415	13.5416054070409	16.983312103356	17.4954992498071	17.9191877606101	21.6812495949841	25.5079891210577	27.8351990652124
34	21.4361507272178	19.0262554119301	14.9974272793703	9.04995226506748	13.7309433033568	11.9924359493808	8.52137811624388	7.1546294802736	6.56202796397577	4.09973243029347	2.86471132926164	3.20164988716755	1.33449203819281	0	1.31326387295167	3.23422850151315	3.41749411118732	2.94799151966215	5.02165769442721	7.03889771200008	7.16780482435173	8.66373833861572	11.0988017821745	11.991065799169	13.2982496592597	15.4634048320543	13.9786753664287	18.9818315765365	19.3641530153012	13.2604344197315	16.773678547057	20.2494395231078	18.1576643046401	10.6817182138456	14.4930752085263	11.9301373839533	13.009445376341	12.7809667083519	14.872246669552	16.7120925081212	17.1310457941131	19.1228301514185	20.6344354417561	19.7843880623081	17.1448566631512	14.6701384792373	15.5283336517477	15.4128523317393	12.2416643476286	11.0254257967663	12.9339176972795	12.2729229607294	8.62398875231178	9.87857302448082	11.9482302036745	11.2778990064639	7.35613288351971	10.5532833279506	13.0896689033757	11.3196951372376	14.7645809625604	17.4149081536481	18.1515753586293	15.5524388762663	17.1302593675636	15.4102170328649	17.3623139010905	17.3266198954095	19.0266178287156	20.4488089873225	23.6833600234426	27.2168087953015	28.3555094470193	23.2521650819875	25.546162842979	22.986756839537	28.1077436661145	26.4348175518576	22.1822538304835	24.7875288804673	27.8156713742451	24.9157629222948	22.3448829488991	26.9402410159969	25.0185451415545	18.0287817114746	22.5786506904199	25.3188192062742	22.2438430582487	18.7855983934502	23.1656079997914	23.9533609124064	19.4356674698864	16.9904463155033	22.4649067213732	17.4871675808291	23.9513412359308	25.9596061988621	24.533411686922	20.3453590039596	18.352633326038	20.392364208203	19.4150039660053	21.2274889235632	22.9756844729379	22.6218402876512	24.6998344326435	23.3095728189085	22.6972572351815	17.7192143731036	19.6324264674543	22.8318972711424	23.7108854959067	20.3333182978086	18.6039535583166	22.4071997581135	23.2284385183335	21.265887449152	19.2942411615487	15.9296348357393	12.0632201753926	6.69575992699858	9.86998576493401	7.90269675490589	10.0816324570974	10.5167868667193	12.7027237236744	15.0557195776223	13.5842504761949	16.279466883163	19.5555725306113	22.461564081782	24.3194303592827
35	19.1270456160903	15.905174158116	12.983952287343	6.76587658770096	12.956099644569	13.1498589346046	8.97154284390372	6.62835854491895	8.01720038417401	6.13261591818695	2.83399894142535	3.15101586793847	3.32520285095511	1.31326387295167	0	1.31352236372283	3.29458054993348	3.31786166076888	2.99913920984006	5.00291525013167	6.86727617036042	7.04486508032624	8.93150899904378	10.4116731124253	12.401419717113	14.0505284242266	12.6558105627415	17.0945859850422	16.847334982127	10.9833366059682	14.2098244183382	17.3931278670629	14.8922445252554	7.90757244671208	10.7905875187591	6.98175952035015	8.31250990976853	8.27108360494561	10.5115801381143	12.894922450329	12.5029896024911	14.581443755678	15.6833576443311	14.2682889653946	11.8488282965026	9.31001299676858	9.62425524391368	9.38292342503124	6.50609222191017	4.87812966207337	7.01037987558449	6.68571118131796	3.63001997239685	4.14553157025731	6.77850735781854	7.87401384301552	4.22266692979686	7.24710845786097	9.89722860198753	9.18578401662047	12.4920808915088	14.2479244804287	14.3743313583624	10.8340923477696	12.2650219730745	9.95117812120756	12.0944629479775	11.8014815171656	14.0437269269948	16.4051693072641	19.4770160445588	22.8481781111755	23.8343711685456	18.3058853377814	20.1316239036994	17.9027973233235	22.4954810795413	20.4918915183543	16.2782021734588	19.0987839665252	21.7533358591274	18.7781308175228	16.2535550265165	20.8114975194002	19.1110013866359	11.9952845318483	16.7633633260155	19.6274011015213	17.0063458156066	13.5281254429429	17.8993785646318	19.3465699543873	15.5032017338355	12.433277082089	18.1283301768254	14.0884228712798	19.0174137568703	20.6880919613192	19.7754611577075	15.9565779852699	12.8943633033973	15.0540421149936	13.4656290606863	15.7220035618874	17.5850278646353	17.6981080062248	19.7428584303287	19.2960441541783	19.5332513166651	15.2560413279461	19.2885933131475	19.8069956833438	20.6143272992354	16.3135547015358	14.4452845593294	19.3388660215639	20.7417155028218	18.8709590906239	16.0177020199528	12.7961118313338	10.316495577472	3.70352507754436	7.15612052721305	4.41410851701677	7.8093145665929	8.73891280423372	12.0082089005813	13.6010723841909	13.6117870244873	16.7886791916458	19.0630550279854	22.3212500994008	23.7466339509413
36	22.2690014594279	19.4007718660882	15.8060645006909	7.53384775529742	14.5572773553299	15.1459794665119	10.9802415729345	8.45034159072875	8.43001239619492	8.03717574773626	4.86260362357451	2.82427211861746	3.41448883436452	3.23422850151315	1.31352236372283	0	1.3318348245935	3.31339916098257	3.55356131226127	3.07488422546281	5.02133707293187	6.92523920164495	7.12827742164963	7.48735006527676	10.9627117539412	12.8884267852985	12.7527918904058	17.1475846112506	16.7001199396891	10.9696286628126	12.8627339240148	16.8348408070881	15.6034274760387	8.60462207188671	13.8202001794475	11.1378943252304	12.9423411715192	12.8076185920725	15.1644969913281	17.1547560169185	17.0528863246079	19.1423349934119	20.2716493162249	18.3375604429815	15.287565044833	13.8262370151824	14.1906918083651	12.1690036157444	9.5118999679349	9.34749608183924	9.43686574027627	6.97034819790231	4.79675286000853	6.81147039926035	7.19666457464846	4.52316990616095	3.59570229579703	6.29474328308947	7.584081486904	3.90069801445844	8.34587868351799	13.2187982055859	15.1657912421344	11.7358770443457	15.9418140122133	13.2485980012981	16.7104744995467	16.2865845099579	18.742867443377	20.7752202635736	24.0462843283531	27.4774584887322	28.4003520048608	22.9710494536057	24.886140359646	22.4493961165997	27.0586493934934	24.164326164824	20.5735858080209	23.5634653224011	24.7565109213718	20.8489331621548	19.1725165275714	21.9050344898153	19.4333017524043	13.5612986841231	18.0964037587583	18.7734979692118	15.4064085691637	12.5956806485398	16.463765486668	16.5062380935209	12.8123742140167	9.8757949553441	14.9912443112638	12.7388174097912	17.6750792926086	20.1701020820421	20.2374288139576	16.4435367546036	14.4576903411299	17.7912959336862	16.2180431310316	20.0784658278465	22.10452051052	22.3337394316312	24.4529062689898	23.9372351369159	24.0299285267352	19.509766297934	22.9385065337742	24.1581482734087	24.7940446276924	20.8929635284227	18.8956503460453	23.0004732342619	23.6676286095587	21.2564520322654	18.7589167597705	15.839008617966	12.2037765056559	7.18607354540712	10.9975885083958	8.48399941065533	11.9431187719121	12.1506035241053	15.1005590956097	17.5474171318744	16.9802565940565	19.6051108387583	22.5937773070374	25.8463169523242	27.5305460534295
37	25.1505628366444	22.4676514571506	18.6637315132853	11.3706237735667	17.7526255241302	17.0869743957203	13.0471663206997	10.8359308783325	10.6643410485599	9.33662369381994	6.72374969789923	4.97364142253942	3.13312527678036	3.41749411118732	3.29458054993348	1.3318348245935	0	1.3287591956408	3.39560112498509	3.51714273238946	2.71319627008441	4.96013810291609	7.09449511945706	7.07843330123269	8.89847205985387	11.1846112583317	10.804120741643	15.7973343953972	16.4604173094123	10.436360141352	12.9681118132132	17.2254711691727	16.1924010881648	9.06965710487448	14.064975826499	12.5195439214054	14.613695015293	15.1578257675697	17.2264885858958	19.5760735082396	19.5677858737262	21.6998695157367	23.0245141099655	21.6301478728186	18.9696483098659	16.6706217340566	17.028503751064	16.2675019901643	13.3145630420228	12.0068424658609	12.9987242835595	11.8305922928651	8.55540542581122	9.38959535869357	11.2672469130662	9.37957163200964	6.22124473075927	8.62956713862289	10.7864232255183	8.5181957009686	11.5603038454878	14.6560285889459	16.5379553754386	14.468242118516	17.1557722356063	15.4736339300114	18.7243470914208	18.6926491166983	20.9377874666833	23.1883835788526	26.3040587362483	29.7157796633371	30.8828420000491	25.5243459661555	27.5415718868767	24.8464039651616	29.7855512958884	27.7992878505907	23.5186533840694	25.948694340949	28.8248043531955	25.4263060234868	22.8376783846345	26.9125814815302	24.8256150578389	18.0818081507354	22.27621092107	24.5123213507003	21.3716049701467	17.6829638070093	21.9817455630803	22.6495512096818	19.2268935868486	15.4521191426937	20.5229048138903	15.6926129755372	22.1704064464321	24.5888813490976	23.4536447700565	19.2048727410519	17.7798928005767	20.4052096779229	19.6012934522189	22.2306750684724	24.2396962645987	23.9823752368276	26.4964751240613	25.8592488096619	25.4590334851895	21.3805856795365	24.2096704025478	24.8200273368101	24.0272499258654	22.1397702336768	19.7630013155897	22.3176594875	22.6216767725118	20.255101209325	18.470928022165	15.167286144858	11.2162769669797	7.93394542456652	11.6368924546032	10.6516961090711	13.8118643926155	14.4564342076461	17.1706343796611	19.5719337062029	18.0802880784572	21.5128871841973	24.651755880667	27.5266114877949	28.9212056629733
