52	53	54	55	56	57	58	59	60	61	62	63	64	65	66	67	68	69	70	71	72	73	74	75	76	77	78	79	80	81	82	83	84	85	86	87	88	89	90	91	92	93	94	95	96	97	98	99	100	101	102	103	104	105	106	107	108	109	110	111	112	113	114	115	116	117	118	119	120	121	122	123	124	125	126	127	128	129	130	131	132	133	134	135	136	137	138	139	140	141	142	143	144	145	146	147	148	149	150	151	152	153	154	155	156	157	158	159	160	161	162	163	164	165	166	167	168	169	170	171	172	173	174	175	176	177	178	179	180	181	182	183	184	185	186	187	188	189	190	191	192	193	194	195	196	197	198	199	200	201	202	203	204	205	206	207	208	209	210	211	212	213	214	215	216	217	218	219	220	221	222	223	224	225	226	227
52	0	1.337794453569	2.91765470883722	3.17903664653303	3.07604502567826	5.56539998562547	7.22624695121887	5.1766538420103	5.47831506943513	8.09695189562097	8.99893977088412	6.44123241313337	9.99069011630328	12.4162435945821	13.2349191535121	16.5444285788298	16.5040000605914	12.5184882074474	17.6048452705498	14.805895413652	17.6641985099806	18.2535042663046	20.8571570929501	20.6321743158592	21.5402379977567	17.5362598349819	19.0656279466479	11.4306474882222	16.5265354506019	14.5532935104051	13.5826962345478	13.9475370585634	13.6652040965366	11.0611419392394	6.6643812916129	7.69516348104444	10.3726004936081	9.40757343845904	4.88449475381026	10.8016795916191	13.0914599644196	10.3267161769848	11.3901317376051	15.7350915154631	17.4856863176714	20.4314581711634	22.6287938255666	21.6097562457331	20.7815127697673	16.3008347639009	20.103226656435	19.2031132371811	19.4370051448262	17.3542348145921	21.382402975344	21.2100072135773	22.9819675833032	20.9911741691598	17.1881848954449	19.630658572753	20.7023921564635	17.5538111531371	16.2782682432745	20.1591274116714	20.6315611866868	15.6919774088545	19.3354442928007	21.6312702585863	20.5247090356965	12.8662852447783	21.0531465344257	18.0325640162457	16.0802049116297	21.5558601081005	21.5977630786153	22.6539010768565	24.5811045113925	24.0138344501664	25.2924337698055	22.4305863721839	25.6500308186949	28.1979125823172	28.5715901027577	30.8994453186461	30.5413912093081	24.8351687129361	30.8463485197195	31.6362396153525	28.2439833592926	26.2162584859091	26.9835350352766	27.2336623684733	23.7584389638713	22.8541361683175	18.4812892136885	18.2673628091194	11.3325298587738	15.2855283847174	10.8257464407772	16.0780466786236	16.8022384818214	19.9217036922046	23.3662089993221	24.4600776981595	18.3439698538784	23.1565584230472	25.6627629455599	23.1132829775435	21.4631749049389	25.5864021112778	27.7177725115133	24.7134595514266	26.3498337186404	29.098313696845	29.7835533978067	26.8612650670068	24.2998210281475	27.4906410801931	29.9943806237102	26.7722790587578	24.6831456058583	21.6534652423117	19.2524868263817	14.3092954403772	15.6707313486002	12.7043690516294	15.5626800712474	15.7205013914951	18.2510204920163	19.6427212473221	19.6483320666157	22.250442827054	24.5113515335242	24.3887639703204	27.4107325513201	25.9573690885652	25.1648428765212	21.6720689829098	21.254601243025	25.6569627391864	22.9908062277076	18.5506859441909	25.0974039294904	26.8531233565111	22.5133571019517	24.4906598931103	27.6000155978217	27.5147363425492	22.842597356693	28.0404585197889	30.514650563295	28.8364771426747	25.0160105132693	25.249965801957	23.3840643601577	22.3576281613234	17.2836006665278	18.1652183581701	13.5230371588634	13.5424862562234	10.1480563656298	12.0628990296694	9.84372846029389	6.06587553449624	7.54373879452358	12.7123719659236	15.6038642329392	12.5680114974486	14.9718400338769	12.168050295754	16.7800351012744	17.4771637000973	21.2010781801304	24.538620764012	26.6384286698747	29.99846279395
53	1.337794453569	0	1.32896463459341	3.45709820514257	2.83954380138782	4.85884523318041	6.74449879531459	4.10944582638584	3.56778264472487	6.24955110387938	7.23374294539141	3.52723021647297	6.47789981398293	9.65026315703359	11.2573530636647	14.512173992893	15.4786938402438	12.6326482971703	17.1468905052782	15.1897080287937	18.4569241478639	19.6322166094407	22.486655620612	21.5169957243106	22.4102828630073	18.4634017992352	19.3997426013852	11.9698934832353	16.2885101221689	14.7806394990203	14.7726366299317	14.7033694777762	15.4220627349262	13.1504645165104	8.82070666103346	9.11640899696805	12.2541072706256	12.0666065237912	7.81400614281816	12.5979094694318	15.1405469187873	13.2722708682426	12.7094875585131	17.5561486664929	19.6568239804908	22.8673723457681	24.8739725214932	23.4758355761834	22.2085354087117	18.0523672408912	21.1294056234434	20.4288050066567	19.8648605582823	17.7725153537703	21.6384833340971	21.9399746125651	24.1615139012439	22.3271177047106	18.0974240155885	20.8434907824961	22.5501990013392	19.5201886773668	18.3921087697958	22.3482524148981	23.3215310389348	18.2991383950174	21.6684822495716	24.3948415858763	23.5237875351738	15.9055383121729	23.7709887467896	20.435013873252	18.2802537455036	23.2193032841212	23.3719259155081	23.9719047219865	25.3784503861051	24.1980225018492	25.0439273677273	21.9903750081712	25.0094504737709	27.6772476594043	28.1172654431401	30.7830092908409	30.9096805062751	24.7443272084735	31.3447673623525	32.6776200020748	29.5491045549607	27.0639530926286	27.8319829512739	27.957216921575	24.2312662483825	23.1484944866831	18.6643021300021	17.8735382059625	10.9538097938571	14.1133132183765	9.95332477115059	14.9321201776573	14.9690357070855	18.1378843860027	21.338774917975	22.6254187364566	16.3175612761221	21.2095990061104	23.8646370598842	21.8815318705067	20.0962655486038	24.3113440393574	26.6347387635021	24.24566689122	25.5521417693312	28.4370723528284	29.7133303586118	27.0844168665305	24.1768360626448	27.5813644876391	29.8395836599642	26.4394182046429	24.3968216987377	21.2291297278056	18.416093858362	13.7573971375402	13.8942582745536	10.7728641038491	12.9741754651307	13.2840820533449	15.1049768288468	16.6434825081772	17.1488788263256	19.5428871203822	21.3103147325421	21.2668995389549	24.1647929641452	22.486658400038	21.5677125583591	18.0255286191557	17.5784214877218	22.1345656609747	19.8802004768564	15.1490158426216	21.9010585132317	23.9836569355051	19.977729000064	21.6711214753644	24.934974172836	25.1459331900807	20.6903624424513	25.9189433040778	28.4680454369456	27.6443524431302	23.8179796372404	23.6444971399267	21.1305888701664	20.6276897640041	15.0309155077128	15.4702038124906	10.9661104316891	10.3128716660298	6.64164113755027	8.61184190519078	7.03638898867878	3.44807859539193	4.63314612331621	9.04104203065112	11.8651312255702	9.66219876632643	11.8415442405119	10.5948108052952	14.5836228009367	16.0704445178097	19.8208820187195	23.3221458918342	25.7621011177272	29.0843424027431
54	2.91765470883722	1.32896463459341	0	1.33107062171772	3.40499016151295	6.30942485492933	8.59579932292513	6.32037918166307	5.68187310664362	8.21588443200122	9.760119876313	7.46847307017974	9.17693271196864	12.7166529401411	13.9083822927039	17.201192109851	17.6154796982654	14.6970069401902	19.1695205991178	16.8627051803677	20.4526985261114	21.8837244087929	24.4716916456546	23.3265080755779	23.8770414833999	19.5925234209379	20.3725519756362	12.1411945870248	16.3473626007378	13.9529150359342	13.7579668919503	12.9860633757887	13.1912360679354	12.3661286989906	7.60257804958292	9.11872282723847	12.2558372215039	12.7493845341648	9.43269616811652	14.115142436405	16.6354769694169	15.1704477521265	14.7890071674876	19.4832745964327	21.5728609136572	24.7814305680685	26.7630222882245	25.1504561588851	23.3904796658812	19.0977014323714	21.4079003407621	20.266691688581	19.2102818563393	16.2271375171347	20.2250865263909	19.7226557542335	21.8700808411858	19.5982983189868	15.7701337343727	18.7362964856986	20.4094023675364	17.151472473231	17.5118451911842	20.8449678339881	21.9260050396783	17.3494966209398	21.1978842340456	24.2803127451028	24.3011254677638	17.2989283483111	24.6744674714572	21.5772032246999	18.5544158086424	22.8926496937336	22.4684081768157	23.0668146478876	23.642128203696	23.0742524255933	24.357823958638	21.6894852636018	24.5771109164605	27.2543588073541	28.307284115577	30.7331035042021	30.4299770785323	24.704981056459	31.2869821011871	32.7075958303266	29.2229354788324	27.3108093801703	28.7688072050268	29.1894439995009	25.5371706146159	24.7997844547085	20.2816703947185	19.5492449726326	12.4080045938096	15.0650815464106	9.82464584603435	14.7631975872438	13.9171281520291	17.4641939407463	20.7027733649383	22.6031420161003	16.5972479043967	21.8600703567029	24.5613556221964	21.66815915116	21.6914860947792	25.4164478438668	27.5220561913531	24.6741292247569	27.0349434621195	29.7304015109114	30.5523602034278	27.8071128670346	25.9198660683268	29.2523582297223	31.6117112159402	28.3458175574457	26.2009928056171	23.060758530456	20.3778244177341	15.5892853267878	15.5617525041365	12.0457725779628	13.8125975471669	11.4550346136535	15.2603727673999	15.4478687526791	16.4035755553477	19.1364233073999	20.9776342326774	20.1178344262001	23.5410014442886	22.5429784633708	21.6946468973339	18.6502167815819	18.3250771894691	23.3493675074936	20.525612901933	16.430401851446	23.5174923408088	25.3563948541586	21.3744300976658	23.9057178306781	26.7636918417471	26.005977812803	22.407224593867	27.8941635830867	30.3784727891315	29.3993767621016	25.6069313272793	25.7934607216635	23.361298658251	22.7349427533917	17.4986230601153	17.6360300237894	13.2752296401983	12.3029544825623	8.17308099800804	8.45042880568791	4.84078444056333	3.73195176817708	3.89643593556984	8.62937245690554	12.0060048725627	9.7291108021237	13.5485205834438	12.7025235681734	16.8166822233162	18.1213756100358	21.9215305350699	25.390849178395	27.755576827009	31.0974085897845
55	3.17903664653303	3.45709820514257	1.33107062171772	0	1.32161492122328	4.6469282327146	7.2649009628487	7.02265370070317	7.04157546292021	9.38416053784247	11.0307161145594	9.7285835042929	11.5784438073517	14.8580814710379	14.8899339823923	18.4075302525896	17.5660302572892	13.8148492934234	18.194019484435	14.4837797207773	18.8740609832648	20.5271564031651	22.2228497047521	20.6425467905489	20.4670122147811	16.0186426703388	16.7610322176171	8.28060227278186	13.0986514573066	10.4194203293657	9.58694221323984	9.37373810173935	9.50598984851131	8.03557639500739	3.53598444566715	5.13188201345276	8.12948663815865	9.16499781778479	7.33910532694551	10.8245772665726	13.2611975703554	12.9893154938973	13.5011819482592	17.1255478160554	18.9230936424254	21.4275713509488	23.8421025289298	21.6433605754744	19.5902617644584	15.227343924664	17.2628540514018	16.0045307959965	15.5004242845156	12.8259837049639	16.9222222240461	16.539091813035	18.4998813509709	16.5460765440028	12.5234597456134	15.168436307016	16.7256871607716	13.6402565225145	13.1753643213385	16.6986330578284	17.1724561143711	12.7364009437517	16.9008850359974	20.037028347537	18.8111881868212	13.514079694896	20.7350719796195	17.6831974484254	14.3670004176237	18.5031361936294	18.1233441174635	19.030286860686	20.1264488671002	19.7207958510807	21.2484246474886	18.6711209358196	21.7882214281019	24.3394716869533	25.0992076568166	27.3768411800923	26.7602033064026	21.3242083323156	27.461151778467	28.5514511189887	25.1049711013576	23.2501093545815	24.9356134674886	25.5774248508328	21.9561192609259	22.0706865321403	17.7509290742766	16.7051061954122	9.69740630271827	12.7034323708201	7.37922936355823	12.5409244077141	13.0255850540388	16.2318653887962	19.7807050177692	21.2758253658936	15.4381340193691	20.4679260796007	22.9469252406504	19.5367171500229	19.6418349957431	23.1737518110469	25.0501401393286	21.6384676675591	24.1413032373979	26.8778175453291	27.2329907648793	24.2481590229032	23.0138931517464	26.1272809721946	29.0367307560614	26.6763209982186	24.1582056659844	20.771126546242	18.3504149544363	14.4235479685132	14.0823653197891	10.8062223278998	13.7290860220191	12.4583801515285	16.1627966948793	16.9580227621029	16.4243378253128	19.3192106722816	21.8331870325887	21.7887607724717	24.9782518803859	24.1168623373771	23.7652136114953	20.4512586165253	20.7229997345944	24.5669941181252	21.0732667377414	17.3996122370586	24.078282766842	25.2660914666278	20.8303217449947	23.7386902755818	26.4522261634064	25.1719789448506	21.3366746706229	26.8125679859278	29.1704143782703	27.1595059969801	23.4488916155967	24.938802156479	23.1462220891445	22.8276566909528	18.5683223528675	18.5286101205676	14.5112265849583	14.0131969942622	9.63170415866268	12.0596065027015	9.74369560279877	6.73041707474358	5.57713949977944	11.0236949794522	14.2100882826251	10.505431023999	14.0993875398898	11.8076485804753	16.2619662710264	17.8274063733343	20.8367775819583	24.1597941423349	25.9464565981561	29.2934141745205
56	3.07604502567826	2.83954380138782	3.40499016151295	1.32161492122328	0	1.31778033070766	4.02632301237742	3.64992986233982	3.96011565487676	5.95359412456039	8.02107605000726	8.68818744042738	9.30222812018712	12.0513955208515	11.4926624852555	15.1307914201472	13.7639295987737	9.54230360028438	14.0900189141108	10.5296262516767	14.6789304787508	16.4710658428652	18.3959977440747	16.980344696148	17.0343660580604	12.8134695145382	14.1949721732732	6.78576672160192	11.9811833305396	10.4511146773921	9.6907041539818	10.6633249973918	10.9340578012008	7.90364997959804	4.94999858585838	3.07299674584924	6.21964572946081	7.93666497970023	5.04066156372356	7.31492248762761	10.1908520252234	10.6459585759104	9.4163156276752	13.4297857764002	15.5551139179371	18.8654902401183	20.6097729002529	18.4827859642425	16.5109439463648	12.3749088481492	15.3501052113658	14.6424845569323	15.0237088297131	13.6923740089146	17.4864673104661	18.0828819052716	20.0924196153674	18.6960459456004	14.3666270571766	16.184305607594	18.0725344376487	15.5353209815568	12.9473896596959	17.2390675501896	18.9118734661588	14.2519329917033	16.2660883128059	19.6651401723964	19.3441659939115	12.3998145550649	18.9919620366091	15.3638562216652	12.7194802959869	17.233699631826	17.5850823427131	18.4245672947833	20.4530435143526	19.8518171712315	20.9381396976904	17.993343130169	21.3116933864956	23.772757097148	23.8683935152745	26.1900575218918	25.9332216857065	20.1536155317104	26.0854732945369	26.935402670092	23.6096290102153	21.4296714627173	22.1936518175806	22.5047860687455	19.018584121853	18.4138550553652	14.0654870160972	13.6943502949209	6.83447342521719	10.9147625718565	6.59755363752353	11.7460755573936	12.673307066429	15.5957593595182	19.0127662637503	19.9492474795417	13.8229038193861	18.6294065391252	21.1582257762791	18.7568779918194	17.2490473360125	21.246487403804	23.2398386182004	19.9438735705981	21.7972984335215	24.4405919322753	24.9496802985529	21.9954652371801	19.7255111467358	22.8581701148627	25.6025551263932	22.8044476802224	20.4914784483697	17.2831490764849	15.0964333867308	10.6307872709409	11.3411123352165	8.22086789822097	11.1015781760973	11.709844618952	13.7822710029951	15.553870611523	15.3015705729837	17.7225558822648	20.0756282342546	20.3698223114489	23.1524821563477	21.6579846476998	20.9263590717545	17.522727898361	17.4919743025194	21.4061441179863	18.4639148069958	14.2236740682568	20.7960217589807	22.4320562811348	18.1435032174054	20.6134532041577	23.3817553660969	23.0223670807326	18.5521792250937	23.891033338891	26.3418034500298	24.5370327056879	20.7222025856326	21.6700155283747	19.7145497032014	19.3657799481456	15.1119445803642	14.8067106745556	10.7449312236049	10.5436219108995	6.0304013962588	9.53365076977335	8.87428075958835	5.36267871497072	4.19123203843452	9.33528992586733	11.7611708175674	8.08680715733966	10.7384845765126	8.39095906318223	12.8819332400071	14.3695535421251	17.6091837970986	20.8158451906234	22.5701774029359	25.9314313912672
57	5.56539998562547	4.85884523318041	6.30942485492933	4.6469282327146	1.31778033070766	0	1.32585104744085	2.88289472579211	2.96351463637351	2.7100577484622	4.76157599960349	6.68930295322315	7.56348352282201	9.08326042784197	7.49345808021905	11.0536695264514	10.3508500617099	8.45688530133879	11.8313484438588	10.0198667156804	14.6971942220276	17.219492385085	19.4472585985789	17.1307781492844	17.2178624399198	13.1332245469268	13.7711911612612	6.27732912949449	9.16639629298232	7.840647230937	8.96982051102474	8.45638522064836	10.2862182069019	9.75092062320272	6.94516414492847	4.93430440893141	8.43998305685503	10.5797883721746	7.95849520952297	9.1068862406423	12.6346153878937	13.5347155492829	10.6661377264688	15.0186924197814	17.6648281905033	21.2409800621346	22.2522071938943	20.1282212328859	17.7111355367181	14.4092450183901	15.4852295107305	14.6462011798282	12.991396229813	10.8767903813579	14.4994311612559	15.2489850481926	17.5932504387336	16.8916743101446	12.1266106146771	14.8664103602719	17.0233506102647	15.2731831980108	13.9987141552358	17.8472370130505	19.7769734034306	16.1834226602409	17.9699034499354	22.0254039009504	22.1043737074815	15.3297733186111	21.5858316726505	17.8326048854339	15.0570222819786	17.8203562253957	17.8395408573203	17.3939726629658	18.5970385007936	16.9331998157466	17.4110068921932	14.3656645512834	17.2140359590655	19.9286359041456	20.7007440687527	23.4315618344147	23.7823394559913	17.4788256470508	24.5509739928989	26.5745377005885	23.3825187052208	21.0068309366263	22.3634925045262	22.315095204816	18.5001600533617	17.4761919765148	12.8478168184326	11.962911936481	5.32784994158057	7.31810050491246	2.55845168021599	7.0771023731468	7.55700291120759	10.4487266688339	13.8699080746774	15.1262781278145	9.02675329229729	14.1522022667852	16.7669161445986	14.0353462372683	14.1184441777414	17.557888882209	19.6332206731346	16.9895079975849	19.3822363260796	22.0772195033704	23.0644398371172	20.6042703583505	18.2332437596825	21.6678324942759	23.9114780387997	20.6817547853174	18.4476717772189	15.2609421072226	12.4678654949434	7.82565236897219	8.08478132048109	4.55244066408339	6.85002875906372	7.1640282662759	9.55821343138978	11.6869009151272	10.5670939240645	12.983597382852	15.522390183216	16.5741268548301	19.0661393575102	17.7950001123911	17.3868419789219	14.2974968788246	15.2120766826887	17.93821947686	14.1549418225579	10.5896954630433	17.1809133924829	18.3076926181319	14.0246029890332	16.8892748512184	19.6475473787442	18.5983803864745	14.9342402886789	20.5027793481762	22.9253974883752	21.8103726240521	18.0082538298415	17.8372962637279	15.8534969328536	15.2176247160981	10.8608683354509	11.1550727922322	7.16892495427313	8.21908760143119	3.98117696165343	8.91998845290733	9.65430991837324	6.84275792352762	3.83306078741259	8.07431644165622	8.73430918848194	3.94045606497522	7.49008738266784	4.75283862549529	9.27452753513622	10.2602284574955	13.8946698773307	17.3553061050504	19.7517295698377	23.0812561399938
58	7.22624695121887	6.74449879531459	8.59579932292513	7.2649009628487	4.02632301237742	1.32585104744085	0	1.32858157446203	3.36424449170984	3.05078498095162	2.82923558580759	5.07671251894373	6.74809461996496	7.84312322993844	5.40588161172625	9.38790802042713	7.09273755330055	3.31779233828761	7.55224820831518	4.61943957639885	8.85520078823739	11.2924372479992	13.3385433237667	11.2204130494381	11.8537093772371	8.27004437714817	10.5343705080085	6.77802434342043	10.912534490209	10.7724177880363	11.1536157814406	12.2339852460267	13.4476487907738	10.0711366786475	8.48707305259004	4.30165793619158	7.09008660031737	8.44319098445605	6.09409435437293	4.13295221361196	7.69502800514722	9.33930302538685	5.33093284519699	8.98903849140719	11.8343835496404	15.4819981591525	16.2088325921394	14.1374249776966	12.212167579918	9.25011599927266	12.8233326011611	13.1718467573837	14.1764737858185	14.5265368550112	17.8510997980517	19.2807334144736	21.6353194799615	21.0659706873431	16.2835578728974	16.9520223277342	20.1524991254187	18.4473277468581	13.9553256500879	18.6719835850399	20.324929151168	15.7303971977824	16.3164392561612	19.7952519812201	18.9015611260023	12.5334415864119	17.415824442156	13.0578184242239	11.8403713624193	15.6441009329395	17.0329809487359	17.7097668251166	20.1778975614408	19.7959212465599	20.1348597958863	16.8307233950297	20.0264236447749	22.4114515594149	21.4632551352305	23.8035831756482	24.1328351836248	18.140719665989	23.4906800667839	24.0761341165894	20.7093149331406	18.4714777427254	17.7862051601796	17.5655373103131	14.1159298312226	12.6909708454476	8.42997022533294	9.21389439922121	3.91447608244066	8.51469793944565	6.42086980089146	10.6503259105062	12.2358758166304	15.0769066787587	18.3816151085806	18.3101310208311	12.4964808246162	16.5739923072264	18.8861816945618	16.8042828766954	13.3677818653657	17.7617586122546	19.900881412641	16.9269135698154	17.4947883954051	20.317592032522	20.7270359193011	17.5323687218813	14.4898699442058	17.5558847683619	19.9403253233241	16.7351924398855	14.78240163167	11.69702359577	9.99554885936736	4.64321181941983	8.55213388576208	6.37249040799592	9.57048326888459	11.6914784779343	14.2050664905167	16.8472634573096	15.6119231999136	16.6731867080052	20.1743083400646	21.9793587031105	24.0805225441642	22.3046094563433	21.286134383678	18.1651219924337	17.6788206903062	21.0833462714058	17.8610989023632	13.6058111849312	19.4797323646913	20.5641121617249	15.9359952622985	18.2017548604523	20.9273828272911	20.9429673398972	15.7425688818566	20.3662721674832	22.6568139640153	19.9709722847937	16.1320949042584	16.2594256048607	15.7387836251726	13.0080604242139	9.98110950746459	11.885946197085	6.92279271681595	9.54002982175632	5.9073372173933	10.986126660475	11.3753615327162	8.11713212902192	7.86380493145653	12.2673155172597	12.8790140538785	9.06669410535064	9.19723322526943	4.83264792841358	9.54351554721844	8.63125037291817	12.1327053866811	15.0992380271324	17.0002628803204	20.3158426357363
59	5.1766538420103	4.10944582638584	6.32037918166307	7.02265370070317	3.64992986233982	2.88289472579211	1.32858157446203	0	1.33038941667468	3.12336453203913	3.27192267634796	3.1445403479682	5.13985690462293	7.10842049966094	7.5152949376588	10.7986200970309	10.7327125182779	7.28531509270533	11.7580308300327	9.50731218589145	13.2716074384379	15.3715866129688	17.821074630897	16.0950466293205	16.8462586053996	13.0112803751207	14.6059402641528	8.78487985119888	13.2551168233252	12.7818486143437	12.6208435138068	13.7518025000361	14.3470094444801	11.0524478284224	8.57094942232189	5.84178851037933	8.79838013500212	10.4112462750624	6.88596500136328	8.06312513855515	11.2420149884262	11.7721046971219	8.45260172964515	13.2710226433384	15.7975274331143	19.3587456721762	20.767242402399	18.7945030793581	17.0273663847349	13.480298698471	16.7357142064508	16.5652922099189	17.0523798632332	16.3978228432923	19.9039799788886	21.1315975259799	23.3377653171849	22.229612254828	17.6911300373944	19.0662575247477	21.3797448300956	19.0981024711881	15.9262214916156	20.4239963278493	22.0504745073661	17.4030638969119	18.9537386549462	22.3215478405956	21.5530869714758	14.420097260421	20.8667125824841	16.8830607118496	14.9180074741904	19.3073522524452	20.0581232671454	20.7725365807838	22.9049238592928	21.973769749408	22.5206125582765	19.2537867703992	22.5137196171579	24.9731028108243	24.6227833926224	27.2015754874603	27.4997788172923	21.2778042805173	27.3357769415834	28.2789045933537	24.9889797710911	22.6107971332282	22.5308285022988	22.4111436566722	18.8477864482809	17.4329626283085	12.9567388258003	12.9598523911347	6.67215190174804	11.1266583483093	8.73787308216364	13.2445096926991	14.8006550530711	17.6691971521063	20.9940374630513	20.970362347847	15.1345784876884	19.1822134802009	21.4675351170087	19.3643074753527	16.358556018182	20.7905113693723	23.0471840145385	20.3791910045517	21.1116455777374	23.9927136856171	24.9204384190969	22.0931823420711	18.8099541200929	22.0983959825142	24.2458130612277	20.9277662926553	18.8748819598958	15.7625444963686	13.5641511713782	8.39527236008457	11.0052596970721	8.94860620432031	12.0004691991605	14.0653347631686	16.3416692231852	18.9488250031499	18.0149068551575	19.1758024603926	22.5318894458498	23.9540033814809	26.1915624772559	24.2189290019191	22.8907888243284	19.4392182455983	18.1170943034472	22.6650337083358	20.116316486872	15.5694344470183	21.4183459211957	22.8097043821265	18.274317005021	19.9125501631509	23.0048473804979	23.3494759041825	18.0106978210174	22.8843850693	25.3100553337997	23.4185663523624	19.578764108084	19.5357228942264	18.1452537595923	16.5780666544685	11.5947985321005	13.3796414750172	8.11264796475232	9.53596408340552	6.60914533052497	9.68563271036023	9.24145324069759	5.60975418356277	8.42117978670447	12.3195243820531	14.1325471872554	11.0585791582825	11.0965487427398	6.92817854850754	11.7912042641963	11.7343860938696	15.445685287484	18.6977881847025	20.7990794027043	24.1472704461602
60	5.47831506943513	3.56778264472487	5.68187310664362	7.04157546292021	3.96011565487676	2.96351463637351	3.36424449170984	1.33038941667468	0	1.31896853639501	3.23814900830706	3.30412862945739	3.03971232191468	5.23581894262969	6.34775661159121	9.54150187339498	10.8642842378134	9.48600579801636	13.2023995167545	12.0790348538283	15.7284865769088	17.7309553324123	20.4981308660082	18.7161693196017	19.500605657261	15.7196682216897	16.9988976407295	10.8947891214103	15.0581193380847	14.4897530689795	14.6386072083378	15.2900835184115	16.2488647603456	13.2990639144265	9.92114842142784	8.14740381962254	11.3365744826204	12.8798689822529	8.99252016956315	10.9753491516216	14.1114759327294	14.1537233970429	11.014673939795	16.036166748946	18.5770714861089	22.1283790188075	23.6022208065258	21.6639783973304	19.9042557258492	16.3955704688797	19.3294296346271	19.1040129292251	19.0882376609262	18.0158965916215	21.6029413969487	22.6930677961355	24.9086888053145	23.6825385674763	19.1298185041051	21.270236246925	23.2402050550334	20.7388197831988	18.3051975405894	22.6384164198824	24.3230270320123	19.5779552047705	21.5182568764294	24.8689240619694	24.1569571759359	16.8459138368923	23.6480715915696	19.7447564938137	17.6582974547378	21.9622046479856	22.5826934841706	23.2167918972454	25.1505936908058	23.7907887427046	24.2422922596028	20.9253885268589	24.0479491225343	26.615511003924	26.4280538821912	29.2028094710081	29.6736381490373	23.2650368794034	29.671631586416	30.8694749064509	27.6849530973054	25.1498952880524	25.1527988701059	24.9740367181599	21.2959167917232	19.7328608670917	15.2408945603596	14.925385623159	8.59940050236062	12.3559919876957	9.68447468890285	14.1532983434958	14.6765516726512	17.3849966062694	20.3858567148894	21.0837738083105	14.8336229222668	19.280293592163	21.877944578959	20.7583624113272	17.2990982712973	22.0003188385987	24.4887971325666	22.2704177329479	22.732869176591	25.7668600337721	27.0776496210436	24.4398787640201	20.9053894964911	24.2135409430343	25.9156369977664	22.3089142721021	20.4473768733302	17.0709607521077	14.6455066487985	9.8316494038386	11.3523237268852	8.92932080283825	10.9610963867672	12.3277800515746	13.6745586400439	16.1040365747225	16.3785117150491	17.8436750418741	20.0739457257411	20.7935452725119	23.1396140417251	20.9733463948889	19.6645007055862	16.1328803689856	15.0460501461347	19.7332944537905	17.8493193707771	12.8312211421984	19.1338861970066	21.3089096154637	17.4086556919252	17.6110317982792	21.6420570417879	22.8886706691324	17.6520721163267	22.3288499032082	24.8973594784668	24.347954944923	20.582683498514	19.1679036151583	16.7722540524522	15.3492128136918	9.70414761841554	10.6772363933745	5.7161344455847	6.19040782178363	4.00845518872296	6.57546066827261	6.73951838041859	3.45568140892646	5.21642137868482	8.70238070874862	10.6329787924175	8.05969416293199	9.2189596484636	7.24762899160822	10.8685905249945	11.2898978294757	15.5338665502186	18.9406662237631	21.6513033787807	24.8959341258769
61	8.09695189562097	6.24955110387938	8.21588443200122	9.38416053784247	5.95359412456039	2.7100577484622	3.05078498095162	3.12336453203913	1.31896853639501	0	1.32506037598292	3.22811229668362	3.02142168523363	3.33230100681196	3.31543270177514	6.4101717605693	7.63605663939182	7.35122173519478	9.90978718237682	10.0325847118278	13.8274750044974	16.4157126254086	19.2926822914804	16.6233513468253	17.287157256183	14.1668924609457	15.150382635432	11.3768732523484	14.1898213167045	14.9930459547085	15.8735216949485	16.6129175041592	17.9585207631364	15.0270360018202	12.1030312731976	9.57911285036354	12.7007820625346	14.4996382368665	10.9876096126501	11.132802073153	14.733833377638	15.7326545121921	10.9473259748671	15.6916715170819	18.5268057149634	22.2222349236075	22.776832176578	20.8060572670557	18.7958543035426	16.3073785753566	18.5154257039907	18.9239075510318	18.8490502147986	18.8466082094365	21.8352867166887	23.4559910257486	26.0491097928509	25.3481524770544	20.5797201633064	22.2744167375938	24.7542970209214	22.63016195258	19.8062435358147	24.2376664305787	26.1043447341625	21.5246286146823	22.8242535036746	26.409708707216	25.66296861238	18.5299392605588	24.5342546860507	20.1423575084944	18.6388344592681	22.0230418879863	23.1014671828436	23.266462279427	25.3322246160893	23.4984809296261	23.2248706562599	19.6475725218155	22.5952541477187	25.0497109963369	24.2398456059439	27.316265374315	28.4782447141673	21.6954002959153	28.1398586705762	29.5992030635962	26.6625988793291	23.7949972473207	23.0648990459529	22.501263631183	18.7429612121458	16.4759044971741	12.2941189192231	11.9532159271051	7.05246183966989	10.4463171022136	10.2602798207456	13.4559432965512	14.731262098001	17.2153568943545	20.0216775520934	19.4338934338953	13.7925288834209	17.1158927608232	19.3612397588584	18.7586464596996	14.0237838688422	18.8427471988561	21.4259833379941	19.7113571577403	19.305719515211	22.4337901166967	24.1083406521478	21.6279464813468	17.5369115011737	20.6798897966116	22.3363103936169	18.7802429430505	16.8645357481313	13.4828901204452	11.0144767465368	6.37730938562651	8.55179986903342	7.74253950587273	9.73795337840554	12.4285478234587	14.3386343143271	17.2504547186444	17.0557254316549	16.8182773493601	20.5146096965065	22.4135156992383	24.1399031481073	21.5948700621235	19.8147639148187	16.745132874958	14.8775155183922	19.0887907945998	17.1681092727184	12.2178623334853	17.3333517531953	19.1293303855624	14.9390876227432	15.2173197705772	18.93076052355	19.8885259383394	14.6342266280115	19.1154399635478	21.6339893685839	20.8274405772769	17.1161498299121	15.6368177708893	13.648821963818	12.3991419864441	6.87339122995338	8.69954487315285	3.5485167323827	6.24137597008865	3.74567136839312	7.99074502158591	8.50160625999582	5.63027006457061	7.66642465560055	11.1024958004946	11.9985895837803	8.78043706201463	7.44593211089115	4.1831618424345	7.81641381964901	7.70744549121173	11.9091579467232	15.2970129763951	17.9815893902625	21.2276491632964
62	8.99893977088412	7.23374294539141	9.760119876313	11.0307161145594	8.02107605000726	4.76157599960349	2.82923558580759	3.27192267634796	3.23814900830706	1.32506037598292	0	1.32494905562441	3.13352916054726	3.17856414124365	4.052022334588	7.05470665584332	7.22627282905925	3.85710059500657	8.70640942065097	7.34416108211141	9.58025140588701	11.1809279579112	14.541115569309	13.0370281122655	15.1398359964697	12.4714147553515	15.2601625810474	11.8557168488455	16.0398834472075	16.4489677183707	16.0578915490173	17.8561698300615	17.810618883127	13.8553871833305	11.8834840429901	8.98413523940952	11.3258272104072	11.3444923200644	8.01183337320491	8.54051151863868	10.8423666235744	10.8786331402433	5.62202321233202	10.7814275028866	13.5279727232132	17.1364527542896	18.2743069909641	16.6363984984732	15.9708843524709	13.2524922939046	17.5969126837636	18.2264034027561	19.3248965585847	20.1673145708595	23.279039971614	24.9591705190697	26.942296876844	26.1938245775603	21.8037408487626	21.8230782659092	24.752580875537	22.4277479029884	18.2471256366585	22.9736490135982	23.9773386971949	19.1428992057107	20.5072500350486	23.4151510565275	21.7026411987113	14.8150159635419	20.6848888080163	15.8271946345523	15.917134980894	20.1174755871605	21.7972877670595	22.7208121553786	25.2780690718259	24.9030965544448	25.1311612346107	21.7867210474638	24.9926888909537	27.2471163428353	26.0826359672484	28.6015125124529	29.1656062169124	23.0609584796469	28.3493276639853	28.7739039061438	25.333672197295	23.2589756008299	21.8369246003186	21.1800359773066	17.9279301928583	15.3862527276787	11.5661746485171	13.1176834464017	8.55143683833308	13.1209098388793	12.2238401085747	16.0004645557559	17.3784108882257	19.9973679518081	22.9427175809667	22.4507482726078	16.7585453724361	20.1755739695306	22.3800545352329	21.4348396075175	16.7461708458979	21.4871009212504	23.8459170928694	21.2987890970355	21.0093611992369	23.9765287520942	24.7244174451088	21.2782417741692	17.615058813413	20.2851111409329	21.9065334090084	18.0902781902324	16.7543375279359	13.5943718501445	12.6443608774821	7.12578199217461	11.6283641583844	10.5655943514788	12.7834498473612	15.2968825909072	17.0964274630696	19.9162927775226	19.8234782518104	19.9058131459129	23.4373490181804	25.1056835995358	26.8512129707393	24.2809257031111	22.4932893770564	19.2404881694826	17.1374036831721	21.7509270147274	20.158942680607	15.0879854851468	20.1686591770499	22.1574105210875	18.0369994455841	17.7775036774008	21.818209229907	22.8389966066813	17.6286485301625	21.8905990096205	24.3741245176109	22.8717236998002	18.9808856484622	17.734264292606	16.145116753991	13.580566004405	8.36837881551738	10.9261365083912	5.32298083783889	8.29995572277346	6.15282918664252	9.69505487349092	9.91517231317742	7.00807976552779	10.4291492462233	13.8014390554029	14.577110584749	11.2022741441191	10.4375807062748	7.03000128022748	10.8033800729216	9.7020215419262	13.9440575515163	16.8158155912819	19.0342604006565	22.2298243582805
63	6.44123241313337	3.52723021647297	7.46847307017974	9.7285835042929	8.68818744042738	6.68930295322315	5.07671251894373	3.1445403479682	3.30412862945739	3.22811229668362	1.32494905562441	0	1.32500377357953	3.18666408647037	5.49507215603217	8.70225016877819	10.4048216226901	9.30573462978609	12.9656697474523	12.9145116825995	15.1586363832635	16.5498301501858	20.1985477695799	18.5412440790795	20.4574608395079	17.6249613900286	19.4921664778444	14.8523125135448	18.8008427736631	18.7952924159216	18.8062676254487	19.835484491184	20.1150126273885	16.6466293885579	13.3030605125287	11.9662841350187	14.7223104844314	15.1309110763364	10.6258803400001	13.20752111488	15.7896782107806	14.7194968324328	11.0481093857728	16.3463778556596	18.9859371114517	22.5201918508702	23.9470333444458	22.3084204057571	21.4048491935823	18.3663700822999	22.2359797850241	22.3870103631548	22.9798889031257	22.4689977747117	25.9016567423785	27.2388078116499	29.4475041217418	27.8381797177905	23.6836332727899	25.2165891626921	27.2297245670976	24.348161059924	21.807883849654	26.1648609207081	27.0014558311214	22.2449450437622	24.6286618800129	27.3954665045149	25.908707976277	18.1862410629575	25.5607140940937	21.0588498736279	20.3581277626406	24.9026268092344	26.0015492999936	26.7507463260373	28.9683156914585	27.8600868627504	28.0511037394253	24.595307885855	27.7045618265296	30.1631226665941	29.4192539844232	32.2822949308131	33.0427477973609	26.5518415557189	32.6199051500767	33.5399137148562	30.2442642661381	27.853564834685	26.8882929543696	26.2702501130081	22.8475638307457	20.1388327616076	16.1881890895801	16.7942635742089	11.605468452415	15.6842482446562	14.194135796166	18.3205488454904	19.5188202768508	22.1637838150439	25.1201826824568	24.9121313018377	19.0590911378271	22.673886146843	24.9535439767581	24.0834159744834	19.4941509689445	24.332539489334	26.8676373728692	24.8272551241574	24.4518973087979	27.5447879824841	28.9630150018951	25.9305202994464	21.9189725352262	24.702522745663	26.1720559757922	22.2172032668381	20.8471118383339	17.4182327748828	15.8940387567163	10.7244095874785	14.1336953766522	12.8539716819355	14.9552641568111	17.1795997916133	18.6599808145668	21.3466034300542	21.6343873959953	22.021577986148	25.0333908809813	26.1737152502277	28.1197927446132	25.2574434375295	23.2346032029815	19.7963717130185	16.9877750456026	22.5439196680613	21.9202425625265	16.6545612370906	21.6458310766762	24.0922763349585	20.3116880883889	19.3522175731878	23.9393426392623	25.257821719222	20.088230111187	24.2797151754299	26.788481741226	25.9965986044329	22.2332540578297	20.179020987154	18.2641465992802	15.8759664272762	9.82878247800815	12.2192915097398	6.83029933458264	8.12657744687147	7.5556142701967	7.88755494434111	6.63823854648205	2.90204427946923	10.0050704145448	13.3240504727354	15.1210984720026	12.2675644689563	12.3733543956358	9.60473497812407	13.1827574126205	12.1067239994971	16.6850058735381	19.7843947089619	22.4393470716062	25.5918257457337
64	9.99069011630328	6.47789981398293	9.17693271196864	11.5784438073517	9.30222812018712	7.56348352282201	6.74809461996496	5.13985690462293	3.03971232191468	3.02142168523363	3.13352916054726	1.32500377357953	0	1.32889164343824	3.60936711903901	6.55167039769249	9.29996370960662	10.859942633366	13.6399242299948	14.8318919561868	16.9831265967136	18.6770583604592	22.3507163419878	20.2786912053022	22.102467667661	19.3423711317925	20.8458277120387	16.3843091401499	19.5546677292149	19.8880044247783	20.5037003733472	21.140333346473	22.2678778063829	19.0151870093355	15.9093150701091	13.8865283278435	16.8306864090565	17.8647991592405	13.8556274127157	15.3714755635235	18.2237575982562	17.9282005231981	13.4909152395232	18.7288028448163	21.4396625206648	25.0131325107432	26.2074832633735	24.5353694897795	23.4205509755855	20.5929716893896	23.9306282826005	24.1636422337362	24.2396498530816	23.4217127042409	26.6525145717998	27.8367373088155	30.3504874754921	29.6300611541725	24.907671508995	27.0358196102874	29.2809243535787	26.8245959895019	23.9668280129015	28.4604157734914	29.8693106716576	25.1216143788571	26.895632414948	30.0453862681111	28.7684382614003	21.3173846660419	28.0695355501298	23.5370000849726	22.6677969154481	27.0185794778334	27.9706477758382	28.5597938718052	30.6123252792074	28.6209743544835	28.3751823606475	24.8620835208958	27.5342602769713	30.147464006115	29.5342318674449	32.7731557986105	34.064957727847	27.1913153230953	33.830394809993	35.1582623148528	32.0210058555318	29.4020453200113	28.4144224470602	27.7027068352535	24.1605537188203	21.054010971784	17.439381726426	17.4824379306777	12.7803491736337	15.5484325254992	14.3709215431718	17.7743480611808	17.9501566009882	20.2083881098914	22.5952397420342	22.96312768331	17.073136970106	20.7408458361755	23.2527230663421	23.5363182549863	18.7039053943287	23.5264925775178	26.2582020900137	25.0970889546975	24.2644472634346	27.463270453462	29.3551199963482	27.075112668279	22.3167590388927	24.9628661215014	25.9846684219753	21.9370012535898	20.8200583332516	16.6611740882808	15.5864467085991	11.6227592249001	12.8003566356567	11.8311774984572	12.118324017784	14.0178817943368	14.4057182049352	16.848449038413	18.411316112652	18.6557721362585	20.1953391157465	21.4220432265459	23.0898832175479	20.0957723414653	17.9077868537684	14.5526428527605	11.8356350906912	17.5727607677337	17.4030676893472	11.867823262924	17.2838214524451	19.8712664920986	17.3879760754379	15.5972856612938	20.7013730220969	22.5106483913725	18.0702697821588	21.5336843340846	24.2653401583411	24.274166309062	20.6978921873702	17.8569728957626	15.0973786466393	12.2281915670307	6.6091179441738	8.4203219059606	3.60543215162898	3.41723484706568	3.89023405465533	2.83987957491158	4.09634800767708	3.19883572569771	7.15402781655202	9.50292381322717	10.0971910450382	7.55208745976899	8.65894185221266	8.55554358296421	11.2884447998828	10.7822313553364	15.2753341698308	18.2004040889207	21.3934143604989	24.24077820533
