15	16	17	18	19	20	21	22	23	24	25	26	27	28	29	30	31	32	33	34	35	36	37	38	39	40	41	42	43	44	45	46	47	48	49	50	51	52	53	54	55	56	57	58	59	60	61	62	63	64	65	66	67	68	69	70	71	72	73	74	75	76	77	78	79	80	81	82	83	84	85	86	87	88	89	90	91	92	93	94	95	96	97	98	99	100	101	102	103	104	105	106	107	108	109	110	111	112	113	114	115	116	117	118	119	120	121	122	123	124	125	126	127	128	129	130	131	132	133	134	135	136	137	138	139	140	141	142	143	144	145	146	147	148	149	150	151	152	153	154	155	156	157	158	159	160	161	162	163	164	165	166	167	168	169	170	171	172	173	174	175	176	177	178	179	180	181	182	183	184
15	0	1.35175848434549	3.53268637158749	6.44600915295658	9.28428397885373	12.7527629555324	15.6556654282084	19.2285844772828	20.7512203255616	24.3678992529106	25.1493931934749	29.9187845174232	33.3654450891937	36.3416811663963	37.9960230945292	36.8720592454503	33.8825244779665	30.2427610842661	28.1139870704957	28.070848811534	27.3798431332249	24.4247506845003	23.1714067332996	24.1144893165914	22.4509693331936	16.9751856838151	19.7699595598979	21.7807237942177	22.7722195668319	25.4676248205442	28.9511789569959	30.7387358393282	35.2119106411453	36.0772234103458	31.9786006573146	35.5731017764828	36.7729268076393	32.9429502321817	35.0807808636011	33.6796123196215	30.8556744538181	27.2035896344582	21.6172703179657	20.8618751554121	16.7652453009194	14.4848694505681	10.237987058011	8.80277922022358	6.25306220982968	7.45762200704756	4.64249189552335	3.27846030935255	5.18529632711574	4.85068551856333	8.62941463831702	11.5597734406865	14.5903525659937	17.9651241019927	20.118667202377	24.2278497188669	27.0182544587914	29.9475212663753	33.4310664352784	35.7608596792639	38.5535713131741	41.5027360302908	41.7234952155258	37.8199799709096	38.0333929593456	38.4255976401149	34.465310008761	32.4048106613817	32.0151044977211	30.1143646786712	27.4865693384969	28.1844870274412	27.3717885056859	23.8252452243413	23.8698596141661	18.7944659141993	21.6453970626551	24.6269398220729	23.7186068098445	28.9320507396209	29.6110156191914	33.5788113845621	36.2756940388465	35.3173715471579	39.3751981201365	40.862593297538	42.2409093178639	41.8364318387694	38.2335618272742	37.3078739410329	40.401258569505	38.0777217018035	35.6041138212988	37.4101477409539	37.7828088553511	34.3856459878246	33.3202593777419	36.2143285178671	35.1768169537836	30.4442399478128	33.5461236657829	35.544244484867	33.3674635685723	30.3367461175387	26.9523529770594	28.5880845633281	24.4168822743609	25.3434586629371	22.2372551138849	25.8416769773171	25.2205827847019	28.3037277756835	28.8077128040391	31.202589411778	30.3833841762237	33.2092081356963	32.7733096589283	33.9060501090882	36.9604523376	38.0448809960026	40.9185714560027	42.5600875234062	36.6135954667115	42.0985393214539	38.7620583689773	38.2864564826781	31.9668424621513	36.1093403567553	37.9483833252485	34.5877873677979	30.773500255902	35.724890594654	35.2025110467989	31.8472380592101	31.3633125482625	34.8211069611522	31.9787556043071	28.644631888017	28.2314458007379	22.2913744977738	27.4430172903783	22.7005889791433	28.2388773325003	26.8819676735168	28.2372497952616	28.7392193700525	30.5705167440788	27.7382313242932	24.650674757499	25.9927364084661	23.3154546813911	21.3254425979861	16.5643880659685	19.6119302721583	20.6380120408919	17.654922146529	12.5942126788458	17.911806413648	18.1037886918733	14.7796799356414	12.9228238400127	17.3352408117107	16.3783791627865	16.2689070622461	12.2715805420492	14.3798117164308
16	1.35175848434549	0	1.33049990605036	4.00210169785827	7.44967744268166	10.9108880481838	14.3055213466689	17.905138871285	20.5242906576573	23.8582399602318	25.4002816126121	29.8279556289063	33.3640503236642	36.5905871092553	38.3313613768152	37.6639375132234	34.7011133683056	31.2082488134147	28.8534445257408	29.0462040721331	28.7235299014588	25.6271713226411	24.301670024918	25.6514732715296	24.2653825438628	18.1642966558026	21.345708772491	23.3591807433394	24.6823455530466	27.3751749948745	30.7928454190255	32.1882540533034	36.8711616985416	37.3910828005823	33.1716536518757	36.2390633157095	37.179418365542	32.9848729116848	34.6338029820579	33.1387987863169	30.2073986466892	26.9243587481671	20.6963653089135	20.8022430040609	16.6839155176475	14.9969557244129	11.0517314933	10.2231921629205	8.9672436121698	8.58627526928877	6.97460436153908	3.52132773254635	5.73173237337543	6.00890281166205	8.95255645053412	11.2864408916186	14.6968699728888	17.0049347249556	20.5017658019986	23.2420966567132	26.85498573822	29.796845755885	33.2330736165044	35.7686838868863	38.533913647591	41.3121643708	41.050028258212	36.9653395223147	36.9950036221109	36.9683307846054	33.1297120573059	31.1580666441293	30.2729457601998	28.3846805336963	26.1449602983061	26.6214871109786	25.4441981402441	21.8427791958807	22.366491745466	16.7912303301456	21.0710499501093	24.1009109578871	24.2046518049734	29.0019278324735	30.1243136021387	34.1620089573198	37.084715611691	36.8960135244988	40.7791986679483	41.5795414116125	42.7143880443112	42.1195342922972	38.5592637377842	37.9404325884669	40.3496959839848	37.9304832291918	35.4567268370897	37.2345548247861	37.1851157723087	33.7494399360938	33.0644831049874	35.5710467937057	34.0103794010005	29.8003652997744	32.5103008137421	34.2983680224001	31.5469089769505	28.8978690217808	24.9573991834085	27.0167443079287	23.0816188557042	24.288649756625	21.4348909491045	25.3387194033163	25.4907781364163	28.6153310307604	29.6140899235482	32.3453248708372	31.8173452852371	34.8032311430993	34.7644987451279	35.9369612098742	39.0453485321875	40.2255720779705	43.1002842798049	44.4957111865852	38.6058836448539	43.7199938472091	39.9223556168721	39.7696549016961	33.7769524380161	37.8098855592026	38.9729912375224	35.525789280465	32.0338720263411	36.8686534199447	35.4539645596935	32.3868625525845	32.3620980932943	35.1778385066508	31.6040998289779	28.4043181928382	28.5362756329553	22.9477422418851	28.5719926851454	24.371330472504	30.1390539002139	28.5094074824434	30.2689538801723	30.5686497248407	32.5199114851194	30.2275366842884	26.9169976966229	28.194935165735	25.1689881004382	22.9862782328936	18.8768247594769	21.2562949264447	21.5926135055486	18.3509381231587	14.3733181276976	19.2052902607589	18.0241763195992	14.720406006629	14.5590028848132	17.4794067977148	15.5567178093581	14.8855703283415	11.1520120157755	12.3920936487746
17	3.53268637158749	1.33049990605036	0	1.30619332412932	4.46187953669751	8.00743960326895	11.2685937898213	14.8661484924643	17.2427755886342	20.4916600108434	21.9295009975147	26.3938590395569	29.9232747205248	33.1354342509646	34.8604175677802	34.2098823879884	31.2395484442397	27.7848907501901	25.4108137020443	25.6868213097689	25.4167988936451	22.2706628100737	20.941707810014	22.5138880471588	21.1832082555972	14.8381421006809	18.2649660826403	20.3267460504627	21.7482470098167	24.4129597959772	27.7514576734268	29.1369948519061	33.7189439188122	34.2008380160487	29.9325424914089	32.9030008661824	33.8210713904808	29.699319015762	31.6118241485682	29.9864328321993	27.1392502844128	23.7593144892693	17.9667432775114	17.6165191510695	13.6741614002468	11.6871061858785	8.13161158688731	7.16646733056113	7.9502708129975	7.14332590604685	7.43901055248613	3.2609730143011	3.51498748219677	2.89085921483562	5.52845593271756	7.88399987316083	11.287191014597	14.1599741525188	17.0652465847992	20.4194566529083	23.509858145042	26.4059240701779	29.8941815576209	32.3326373962905	35.1004899253557	37.9028123230981	37.8879438476146	33.8532745388094	33.9274803662164	34.1176304569939	30.2665611194929	28.1766473165279	27.4454048977238	25.6748692304362	23.1898454069879	23.6312378220016	22.6671064320085	19.0139039126635	19.3097261503109	13.895461165431	17.8497389896883	20.8431581340257	20.790818093572	25.6344081265786	26.6809002471806	30.7649005524152	33.6920619434311	33.6626322203122	37.4657310885561	38.20461142323	39.3688214200019	38.7250719947685	35.1663030470932	34.7388791557816	37.0433846995655	34.5860109003626	32.1715459684486	34.0497214526052	33.9730520412871	30.5432106694761	29.8716999348882	32.4280321635464	30.8680098807811	26.5901473106111	29.2841065597023	31.0236811645556	28.6293211061667	25.8544079607327	21.7727559578479	22.9085018934019	19.283957581368	20.9166775086293	17.9073235576956	22.1130069190058	22.2677622584758	25.4003420843106	26.2704520326545	29.0776666360972	28.4994538017836	31.509442172149	31.8842516769643	32.9163567090892	36.1139723098969	37.5615498482158	40.3439236936617	41.3434144816318	35.8915546333674	40.4836538123722	36.723749672385	36.7932012877379	31.3501606056492	35.2331512783061	35.9513017566819	32.5236358053647	29.0827273824172	33.3769108516651	32.0331426182321	28.8578449126057	28.9184516183007	31.1487428959822	27.8512285007322	24.4601934988258	25.2994806666066	19.9442329007661	25.597955973085	21.8093614074324	27.3354547428793	25.312051536768	27.3087282201131	27.3391160427692	29.4065671746976	27.8776326828517	24.346320892488	25.5993741134427	22.289584159423	19.8234239474416	16.3752689443563	18.5188865216027	18.4008319377141	15.0860376507551	11.9103880709236	16.3252552813118	14.9143818510859	11.5699613223208	12.5600992432385	14.0741190488073	11.4816407364105	10.33040139588	6.77661050968698	5.81957670281954
18	6.44600915295658	4.00210169785827	1.30619332412932	0	1.32429528429275	4.63040948513196	8.05598628350372	11.6208645977827	14.3627173264672	17.7545941378563	19.733952619787	24.0029115733904	27.5831457415575	30.955038685164	32.5822856319197	32.3257533400229	29.4764517708628	26.0984961635723	23.3960222901244	23.5746805068489	23.8642861196391	20.8657311398379	18.6233123262217	20.8964911169316	20.1814983090949	13.9610399684264	16.1216918467014	18.6838463117207	20.5437203544051	23.1322540622396	26.3713600142276	27.0105102691526	32.0582862455247	31.9950525394162	27.5147481180548	30.1963238159879	30.9339730716893	26.620126934333	28.1398039794168	26.7268831329057	23.7548968846425	20.4954165363869	14.1832191691449	14.4674758337452	10.4350764252113	9.45916048071921	6.4680551172667	7.71529610578881	9.39158713956273	8.46327454357945	9.27765773242363	5.45882056858439	4.09504395580805	3.20916406560961	5.3672623375423	5.61247663692242	8.78570503716122	10.5459435803535	14.2332872520722	16.8568810875559	20.5644838009613	23.5685891389366	26.9320981173023	29.6336322613344	32.3841075374944	35.1638938970075	34.7379751424864	30.7287176920873	30.7375505042285	30.7574884702896	26.9549249117856	24.8897594403803	23.9853450673531	22.2669795661648	19.8847571018607	20.238537768327	19.1267555011298	15.4254453420315	15.9830305636947	10.3581772045085	15.2825965398554	18.2212588478403	19.2322521302109	23.5274592550917	24.9733926609902	29.1175134412264	32.24781141411	32.7639470607557	36.4069743455838	36.6259294080027	37.5616751889476	36.6705016327838	33.1915897329429	33.1076073131237	34.7271061420326	32.1423155513102	29.7986597852991	31.5083360398482	31.1547648683151	27.7117687815123	27.5105624442686	29.5770572234629	27.669360527486	23.5753381948171	26.3661478983943	27.9842416013013	25.0839534563434	22.4725141673111	18.6062391954957	20.9003691354961	17.1690686118962	18.2111265714123	16.1486146155018	19.9492471537149	20.6222333174659	23.7347151025665	24.9862680886922	27.9447920371578	27.5987775272746	30.7045137072711	31.545311696035	32.3272416546788	35.6885580823883	37.353149318364	40.0825036144201	40.5047205397099	35.4846588401241	39.3617908891351	35.4354301370817	35.7878350560634	30.9336691971709	34.9520877058868	34.6564144279237	31.1784947840655	28.5564574483601	32.625730336653	30.4890737970178	27.8827970440557	28.7035384926667	30.5232653069753	26.5348417368561	23.5670560741048	24.017304886269	18.8735699060882	24.4448673753817	21.5634933626256	27.0312702809172	24.7069445703025	26.8357906721602	26.3236110554764	28.5743133775774	27.8516499690772	24.4004444836564	25.7606158505576	22.1397117641581	19.5691765028578	16.6433730054938	18.3869471364879	17.5347776433008	14.201034434153	12.6682381174337	15.6542835671263	13.4753456727462	10.5972663456195	12.3602664210769	13.6922080396114	10.5982085750376	9.91868963119625	6.37759609884477	9.88517202682887
19	9.28428397885373	7.44967744268166	4.46187953669751	1.32429528429275	0	1.33055401994808	4.50857017246045	8.11517344238557	10.7426539551453	14.1307567384058	16.1079616028845	20.3107274365051	23.8893102453796	27.2383719961381	28.9080820705906	28.8371043449234	25.7633594276833	22.7767471777688	20.0968720202921	20.7126927510645	21.0674972884773	17.8618001892306	15.6777964650649	18.6260318371896	18.054678562633	11.1918746865751	13.7129276961559	16.9415915131962	18.8896379531213	21.336043681995	24.3106745484365	25.0869816638032	29.685103014812	29.6407639746347	25.0432377699051	27.3930517102421	27.9855043906662	23.609955442567	25.3373792251685	23.4951385609875	20.6594444262182	17.561931812873	11.89116016207	11.8480162474568	8.57568761091494	7.26156739278787	6.53723037684921	7.00156811007363	9.2372014160134	6.82035585581867	9.90911277562225	7.81126455831577	3.71962283034181	2.88600796949697	3.35784960949713	2.78303180003391	5.5993400503988	7.77018313812486	11.0270483811399	13.7884199965043	17.2335821581005	20.0826348868867	23.534202195953	26.086225119783	28.8189507616082	31.5120513454773	31.2898139495907	27.2070026463776	27.2075794770501	27.2987270582348	23.457847706045	21.3881214930157	20.4898524640857	18.8843094922743	16.3879867280884	16.3807512342994	15.704897198008	11.80687596276	11.9483611428513	6.33287067608364	11.2550597066386	14.2757795233745	15.5874351001055	19.6839548363635	21.3374592208163	25.369149374782	28.572894008133	29.0141629208909	32.7417182200324	32.8354833069349	33.659318204622	32.8768192652513	29.3889723535887	29.0410616369306	30.8195586275988	28.3072022990616	25.8515181372391	27.3248494414882	26.9920181349969	23.5542880172592	23.300840177985	25.2621457125083	23.4466131456123	19.4342156517828	22.0374585422185	23.716177305797	21.0915805239911	18.3547970024187	14.562609690574	16.730585225867	12.8921860442673	13.8648676517304	11.9123007853227	15.722743558298	16.5665570955464	19.6703139273373	21.237447728011	24.1104370138743	24.2667003319364	27.3356116448855	28.0621751295227	29.3288537962192	32.5199222323793	33.8539156524027	36.6363748343091	36.8674795585486	31.7493224652118	35.4657371134451	31.4407633177059	31.7643001654373	27.0831157919468	30.9157979356833	30.5183081772237	27.0462801139085	24.5075649749215	28.4757369175935	26.3652783789589	23.7295627856899	24.6306462968392	26.3735312197665	22.2879802135591	19.4045613194424	19.8557925805041	14.7992527514061	20.3575611014679	17.8674925773036	23.4638647711753	21.1637868303383	24.0241223148734	23.3845619373124	25.826036378043	25.5180219060961	21.8517963792453	22.6019040348374	18.803335129705	16.4280923116471	14.3528553256835	14.8900163196687	13.7465082839243	10.5504702264875	10.2668558478241	11.7091819099372	9.344411805994	6.64067082454778	8.54436217631252	9.77426856598487	6.53223820753653	6.57240230052909	3.58269284198353	9.34867723263564
20	12.7527629555324	10.9108880481838	8.00743960326895	4.63040948513196	1.33055401994808	0	1.32165388812654	4.62519145549673	7.63793538857197	11.1022391885601	14.1445594487775	17.5867353138665	21.1683342991365	24.6604624044238	26.4554303688298	26.863490018983	23.7493386434233	21.5133951992706	18.7129339228246	19.6545824173397	20.6235045276015	17.4025663337337	14.5519868402909	18.0364031059411	18.4370088137962	11.5323939405485	13.3836654545756	17.3004375667207	19.5038148319758	21.777992079161	24.4420304803018	24.2950934552638	29.1655197450688	28.4183968231848	23.4749103725659	25.2497418006601	25.3716035953583	20.5907196814487	21.2119605175948	19.6412128189682	16.6359888494793	14.3711862419217	7.83084893226782	9.73437979534392	7.2838496689594	7.827673345254	7.76568773515907	9.1283004442229	11.3344223937526	9.80439335196217	12.979812363821	11.1008759113865	6.56379196806236	5.40624879190738	5.26879236637771	3.22236155637445	5.44173005578189	3.35621110778211	8.53297011596783	9.18090567427855	14.5171622915775	17.0834114274638	20.4550516987858	23.3980508162539	26.0374309792652	28.0385943121263	27.1953680798771	23.1766032455146	23.3775058336	22.7401101360569	18.9345897499787	17.5570632225324	16.4289796092149	13.9594903560266	12.6882807740056	13.1714067965423	11.8939684294183	8.46894999394848	9.08582005104658	3.93799009648323	9.06719675533734	12.1190472397792	14.185680491256	17.6922920222339	19.4076016807848	23.614092000329	26.9008946505502	28.2998962012231	31.5268121604453	31.0947166734158	31.8436503089705	30.5975103235541	27.2517059466009	27.6909210031014	28.5802003316982	25.7897110685638	23.6943303133893	25.3672474462642	24.5997467669893	21.183699157607	21.3490491825749	23.1259694283288	20.9567055139876	16.8065411075569	20.0370907319401	21.5350127466877	18.3744458691956	15.8515369917242	12.585302578802	15.5981561089765	12.1447857535652	12.3615954067426	11.710822942902	14.6847910778465	15.8688771499435	18.8219481722801	20.1675936839277	23.3361129153936	23.3964302832718	26.3828452787034	27.8979598537241	28.9104827700957	31.9900945450307	33.5598122908934	36.3031921736918	35.8692216252318	31.5497634539468	34.5042553027884	30.5838785473654	31.5062097688694	27.6479705584334	31.1812349659214	30.2193105646042	26.7886289496122	25.2259982557678	28.4333189585739	24.9350106677338	23.5533530521665	25.2124707634932	25.9956881232254	21.6266015823106	19.0636692690573	19.836194645143	15.6173875856367	20.6112877084378	19.1203605091536	23.7428511135457	20.9354227566581	24.0043064053099	22.9266243481242	25.671338453614	26.0473283274888	22.3812138187365	22.8459578262764	19.2961084418595	16.6523519660137	15.4736533824433	16.2233464796878	14.1795139902607	11.2011046330262	12.2522180032841	13.3799790732273	10.2799779182642	8.7021081353888	10.9810370184241	11.257561414445	6.29372147461262	8.78252662962089	6.46864321167894	12.2905861943196
21	15.6556654282084	14.3055213466689	11.2685937898213	8.05598628350372	4.50857017246045	1.32165388812654	0	1.32450368062909	3.87140349227512	6.78971913999394	8.97010646536595	12.4683981729812	15.9801284099972	19.3232979845574	21.4904198423391	21.795580905312	18.1786708259983	16.3484818255396	14.0369524114033	15.6883603668452	15.851455642937	12.3298117584982	11.1373585737373	14.1667963209753	14.1038016506189	7.23646799205248	10.7575979660889	14.6586912444461	16.358211210276	18.212857930594	20.4554831035593	21.7714392955542	25.0136243075649	25.2887319769102	20.4736513108923	21.9694750506242	22.1273416839891	17.5508516602471	19.2231317427728	16.8839700899996	14.2149886387573	11.6666268046938	7.29842345989872	7.54434854709139	7.18860111565526	6.92991897499531	8.59385972657222	7.08236556526137	10.2522890127035	7.25188844370899	12.2791037132195	13.1030597190122	8.72845977249136	7.91702804087493	3.78236063854308	2.9729912546121	3.40152333521321	2.8605523942064	5.38393332053806	7.28254323708414	10.913038348691	13.3222400894144	16.9292765055096	19.3128230199523	21.9309460580249	24.3960541891512	24.4146568478855	20.2844099988144	20.2548511473178	20.5289091039928	16.6864180997601	14.4831172404286	14.1006395245038	12.4710161173819	9.53066068014175	10.4560578613548	9.70906632998251	6.73029189560156	6.63420093153652	3.09266616368466	3.93630715264955	6.61954220471476	7.92471437971111	11.6314584640104	13.5274180093616	17.4881454133936	20.8135598588997	21.9715715869393	25.3378051535645	24.9662644782915	25.7374121076693	24.774372787217	21.3174933329414	21.6077839909603	22.872955340314	20.2985141328128	17.9893258350612	19.9752263816959	19.7493867499728	16.3486699764843	15.9334000451881	18.4976528781356	17.3243299726137	12.4164557744954	16.1515077005213	18.2439780201578	16.1511779446578	12.7481875182318	11.2713865606677	13.4817532984401	9.63835395697834	8.47810232304376	7.32137050011813	9.34174603593996	9.48177230268688	12.4246395521158	13.8742736746829	16.9493745902319	17.4394151564782	20.3425880850987	21.575125515278	22.9924050286176	25.8735708784079	27.3061129053551	30.0305815628003	29.665853451401	25.1547444630233	28.1168597642055	24.1596805856369	25.0641851852399	21.2727734205016	24.9145783227411	23.9349661792115	20.4923097282859	19.1989963539764	22.5461748640429	19.1336807488784	17.6774595742714	19.4659788091943	20.8171777866261	16.6041518301899	13.9748021095112	13.9081124887599	9.8686853227773	14.3926945357706	12.9743995236774	17.3476913161377	14.5982756858473	18.1022456617957	17.5354225783127	20.1920535112207	20.5818802348085	16.704295166214	16.7444214591009	13.1131546166435	10.7450560259126	9.87851709519197	10.2538682456915	7.83352296224374	5.19473945448663	7.32939520015124	7.83722974015691	4.18855643390417	4.16250561561183	6.90055251411074	8.16548210456676	3.28475295874743	8.21848374093421	7.37891712922703	12.8888338107061
22	19.2285844772828	17.905138871285	14.8661484924643	11.6208645977827	8.11517344238557	4.62519145549673	1.32450368062909	0	1.31487223713941	4.33206313435065	7.78136498308619	9.88918950167303	14.056656216896	17.5503145555856	18.9424185625807	20.2153479564414	17.6179222952084	16.4181724013363	13.6647994496809	15.1923841776069	16.6336494191744	13.8854157661915	10.9247598142934	14.7965462524199	16.3945379318845	10.5149349023187	11.9186607888638	16.4622583505423	18.6173347448017	19.7280609538799	21.8730487586893	22.0215723780115	25.5011606402532	24.8388897497453	19.8345454699623	19.7348166953737	18.9133474562278	14.0704872694587	14.4359276806169	11.5849388431705	9.28832234582759	9.21522853758929	6.53968324921016	8.35415615128183	8.90865421935322	9.5080446990956	11.5419483190664	12.0997466502402	14.9843706908232	12.4144765093015	17.2833078141888	17.0838730093618	12.4393143299782	11.4725951728456	8.16662653731637	5.64397218278049	5.83764515879477	3.44276182737058	5.67200193935087	3.51164946997846	8.47099226773346	8.34751034740299	12.4247089704347	15.1836048749959	17.2890459540138	18.3807022172712	17.6861359827408	13.4933860465044	13.2830656853002	12.5866578566353	8.89912108019663	7.46280148469728	6.32899407489058	3.99091593497032	2.92198083498164	5.02928961186369	3.06959639040705	3.7981828549979	3.62161138169186	2.72489724576909	3.20105701292557	5.61624910416196	8.05201918775657	11.2984342720573	13.5839859761412	17.5514413368247	20.9987697973	23.1669368065785	25.9825856488533	24.8061648184479	25.2518979286706	23.7765022238344	20.5814338907667	20.9884796495601	21.5889112972378	17.1554825056015	16.7647099885444	18.4749962381593	17.3710313165339	12.8485956820191	14.7827472412945	16.6232767828729	13.0618022110274	9.84230730062824	13.8423508841526	15.421432294051	11.289466727884	9.83930912208779	8.53883095042875	11.8469914324271	9.22308332392156	6.51437594862317	7.23587182031302	9.45255785488775	10.3666892497075	13.3740438536742	14.9909758188051	18.189570913026	18.7272009654406	21.598753876092	23.5179951101279	24.759830411374	27.3044175729862	29.0973706887753	31.7862951285613	30.4825792215816	26.6710040680886	28.6976822409058	24.7720420434005	26.1955492784557	23.5848816829765	26.2207288609604	24.7093280159538	21.4470268568863	21.1166168691862	23.3035249264999	18.4621898484443	18.5963652631368	20.4879255660499	21.0162882070074	16.5020312992068	14.5292750335314	14.3887220071833	12.6709868202915	16.2898864636927	16.7530664058852	19.8801253768682	17.112289677305	20.4874781513001	18.941804349111	22.0081986087004	23.4920408010884	20.1540992356394	19.8479357364941	16.7195394972469	14.4027152301224	14.5187593478231	14.765538899749	11.6577660381396	9.10888379550425	12.2670979045575	12.0418098722742	7.23442699873321	9.404857096203	11.6040100827257	10.9443060081487	6.23490729682487	9.90599848576609	10.4064038457096	15.4365366582015
23	20.7512203255616	20.5242906576573	17.2427755886342	14.3627173264672	10.7426539551453	7.63793538857197	3.87140349227512	1.31487223713941	0	1.3363248108151	3.27482320133469	7.161361043824	10.6407133689429	13.8678155453554	15.7738758078032	16.032099612964	12.5422596050313	10.9232153233377	8.53471581249195	10.3595881674901	11.3936107095161	8.34591654643155	6.25475970761467	10.1998773031836	11.1564445053072	6.10337808103021	8.28436907676137	12.3229271684937	13.9795958811405	14.6706052022403	16.5607658337409	17.9359218887684	20.5287626514605	20.4339280120098	15.8980753866624	16.767782858804	16.6137640527365	12.1540327463768	14.2701800268953	11.345762028176	9.18956321051224	7.28621609616405	6.8307262425016	6.85203568291934	8.95645158530989	8.58783843583471	10.7429313038854	9.9015671991862	13.691404931562	10.8955225207422	15.9977574053365	17.8233305810109	14.2159213911726	13.4554567369525	8.85844235743508	7.28628979659744	4.16727416904624	2.92023851765571	3.36165212358448	2.87055360514309	5.44294240278179	7.34350141281392	10.9514905378218	13.2761900031598	15.9343162702389	18.5149857142802	18.6351081832116	14.6775137199731	14.983015918032	15.9317880352458	12.0802760730043	9.87030566902566	10.9720175902156	9.6371444940916	5.9933044307794	7.21735200748862	8.27496416910672	6.61955738701614	4.91423829296057	5.09093331325406	3.30516898206431	3.74834550168471	4.0162038045896	7.34064377285807	8.19501317875694	12.5745102886753	15.7571727476727	17.8225839596844	20.5444537771146	20.0483414027196	21.1220310339702	19.8884442327699	16.4600305285258	17.4627050023758	18.6984999665749	15.9154102994551	13.93805398899	15.9279064851599	15.9476887667148	12.2569996736559	12.3207662911038	15.1464120173723	14.0891763066547	9.01747131961062	13.6906143762798	16.1529319629595	13.8338707164698	10.6212433829566	10.7530104156929	13.8128515158891	10.806187024108	7.4365084549135	5.74706977511149	7.35895060453595	6.70015305795323	9.12682491340773	9.69607368990149	13.0825926329608	12.9938475441264	15.8205495795816	17.7604807930416	18.9761969846437	21.5700561195376	23.3620604185504	26.0644838813279	24.979473933612	21.6114039803063	23.852266349343	20.3379965827512	21.7268233757261	18.807878349245	22.1587657147234	20.8288218821901	17.4992729277533	17.2478110495216	20.0909700114255	15.6810189082215	15.0722480738608	17.296473224331	18.7499526932737	14.6164223734811	12.5333359086877	11.9120878522617	8.83032213455432	12.2171527370333	11.7640143658532	14.646325136361	11.4271778668226	14.6186319811397	13.3441232008701	16.2811527233178	17.5983674526929	14.262849785369	13.9369550835181	10.9987710677148	8.64958438307876	9.36329477267484	9.61344282762424	6.49624175966381	3.29565350120428	7.38937203015249	8.30764786206059	4.08416270488824	6.48836142643117	9.2191267482338	10.1614772056035	7.03517455362694	11.5933500766603	12.7538234659258	17.798732904339
24	24.3678992529106	23.8582399602318	20.4916600108434	17.7545941378563	14.1307567384058	11.1022391885601	6.78971913999394	4.33206313435065	1.3363248108151	0	1.31822190848127	4.16109649010931	7.70975719462033	11.2061688814688	13.1843536436186	14.1547461298322	10.9855782278404	10.9806812630182	7.29864631284459	9.86353663753524	11.9961490487573	9.18496886222267	7.32196005178941	11.8846227958653	13.8672455087519	10.6796297220456	11.4465123072489	15.674950909014	17.419082955196	16.811357202796	17.5966607343553	18.5810822881769	20.9956492635974	20.2488826852249	15.5712724271332	15.7437144600631	14.9925983738644	10.7445259551085	12.3861403996564	8.50177734359116	7.42905875599326	7.98840190526241	8.80051055337132	9.05009331443604	11.0940054533969	11.6717929213981	14.2380166455866	14.3561462098991	18.0013673369553	15.4067437182553	20.5041308277137	21.7631324491673	17.6460020967923	16.7764137705291	12.4148376549998	10.5912077215018	8.336203512391	5.3346378508761	5.54424070545282	3.37193683214855	5.57656058875002	3.68162912309212	8.09677188761052	10.040452230851	12.3628914498187	14.3256991452424	14.4441769928231	10.3036017489031	10.264494142431	11.4963528999418	8.0616143544578	5.61168762494849	7.79519153068095	7.04544242755556	3.74412553208356	3.89649098548938	6.41595924238925	7.3603779114934	3.88437549678195	6.32474299873125	3.03682795034556	3.1210530274252	2.88396844642933	5.3101297535936	7.19948012011978	10.9776522991029	14.3522217792229	16.9626405078926	19.5139920569831	18.1138479070572	18.7514360516735	17.1749653565881	13.9434755351741	14.8474957821176	15.630735683262	11.9715874469512	11.1046804546551	13.1830872711971	12.1282631073044	7.95416174087503	10.2476120633053	12.0049963348599	9.93903843437583	5.14032323886348	10.3403116974296	12.3470606623601	10.183400905395	7.17770339314742	8.95352025741831	11.9126072712904	11.040872338724	5.05686790414778	7.07492233172916	7.68676973767265	7.03714203352469	9.04698535424923	9.57232521386523	12.6366553723681	12.8614013622156	15.9008702906476	18.045472922592	19.6301494900064	21.3679157149218	23.405525287846	25.9849594381057	24.0645572782879	21.1388566152477	22.4383836093423	18.8726187372076	20.9014846123427	19.3475167657247	21.8845153704623	20.0229362981557	17.0068883103289	18.0600840806459	19.7723417682378	13.8439969300777	15.063884260044	17.4727747939473	18.4793422772565	14.4267991598968	13.237752150573	11.4218431087106	10.9888307385272	13.207300556889	13.2479528229836	15.4486104876782	12.6889607927521	15.9712424062751	14.5620302842701	17.7192598886071	19.805414739409	17.353643450296	16.1615962701708	13.8828921338459	12.4299854786721	13.920354665022	13.7794865651809	9.89780829274845	7.54976271150293	12.4220353404746	12.6746534469389	7.34134647050526	11.0294350263284	13.6262868383137	13.5236409668403	9.67569108642892	13.4013298220736	15.5722900692223	20.0221901649145
25	25.1493931934749	25.4002816126121	21.9295009975147	19.733952619787	16.1079616028845	14.1445594487775	8.97010646536595	7.78136498308619	3.27482320133469	1.31822190848127	0	1.31805500643941	4.57094585397815	7.98753948347049	9.48915280728475	10.6064277209624	7.67027913442529	5.75332573386907	3.92435803667301	5.68966686195247	7.18220488429563	4.20972659444767	2.9923626117167	7.53348007231718	9.24774058892225	7.73160604273135	7.91428720732322	11.552942612166	13.180162745581	11.9664834015679	12.2223233879652	13.8627151741641	16.0196527428031	15.9850052862049	11.5647261532645	12.6540664610235	11.9269775718746	8.46378555966536	11.0247322416465	7.44407542949425	7.36034856511565	7.09878369863458	8.52395618243079	7.89050549711487	9.5210988336431	10.2124754100071	13.1070352864406	13.0700931136698	17.3253150620703	15.8034529771186	20.7531264391657	22.9610275466931	19.2558459175389	17.777562628212	13.7594574747698	12.1304173877076	8.26829855532563	7.42301596387883	3.25293621210131	2.84785006627807	4.34582719398735	2.58642668560314	5.77690600581314	6.87026760759724	9.41245711809621	11.9510174880635	13.0413021589104	9.67056120398398	10.2946652689633	12.0171301482509	9.49425578968673	7.53203086823202	9.64005757244219	9.96587868679927	6.37798071492851	7.39963735597901	9.88276985465107	10.7836158128895	7.39845767711082	9.7289764107022	5.9277777454962	4.81820101282626	3.00233958772155	5.26146139394751	3.94346155046553	8.63902511861147	11.2621626253575	13.502542056961	15.980878417659	15.7860164069343	16.6560589576286	14.7082945646326	11.6929271784271	13.3384722138632	13.9550322822987	10.3799411848045	10.0448036815062	12.0493690291235	11.5706443208665	7.13782284733938	10.0708804977519	12.6105415426936	10.7645862902389	7.64404513330475	12.9244426185426	15.1046972826336	13.9331416055389	11.055704455167	12.9992583634606	15.8375069060758	14.3899668519424	8.68821592733514	8.79409438202707	9.07327801844516	7.00003099993136	8.47310958267389	6.66962345263959	9.97404261069703	8.32232978197812	11.2305900557362	13.5230957994092	14.4876531570852	16.5481252412471	19.0335341174465	21.693636255824	20.3740883967848	18.174043413616	19.8189789091164	17.0148900084602	19.2441054351716	17.2118523698061	20.8023419835364	19.5163126127863	16.2840027327436	17.3008590827161	19.5591791494429	13.8898274647312	14.8321610360729	17.5626888886639	19.3809308599974	15.7245674026346	14.301790866881	12.4324106672841	10.2969107503173	12.2376384568265	10.7843192181982	12.0059820922738	8.41799031835984	10.9790886233785	9.03615261048639	12.2052825448656	14.4318749301676	12.851921957435	11.8250703591987	10.5606073215512	8.44541135765452	11.0387855763213	11.5928214857299	7.64202263801933	4.63396482507151	10.6753839275222	11.9021971921154	6.50124249663094	11.1530919928063	13.8862937099861	14.3160995386313	12.0599443613974	16.091948328279	17.9867492894075	22.7208190213293
26	29.9187845174232	29.8279556289063	26.3938590395569	24.0029115733904	20.3107274365051	17.5867353138665	12.4683981729812	9.88918950167303	7.161361043824	4.16109649010931	1.31805500643941	0	1.3283516100792	4.77138648612749	7.38703316629891	9.12539944331206	5.57391451315859	8.14006947144802	3.46148075251041	8.43181469198653	10.8791946393104	7.68216955032887	8.24503990287494	12.4093594919319	14.2983269650683	13.3139554227885	13.797344853268	17.1751999697238	18.5323281591925	16.8193556059678	15.6280924299801	17.0218011972881	18.313980069881	18.2934988178861	14.1625290467487	13.8471093012224	12.3539103525969	10.4006850255163	12.0254557501992	8.08082873225265	8.65338714030523	9.92751177284621	12.0880809891397	12.7042211095368	14.9190898515962	15.9022120788273	18.753084359646	18.367903173743	22.4619746905743	20.0504085993278	24.9163560337382	27.0700270594619	23.4147015569279	22.4690216520435	18.0138804536946	16.6405136338996	12.9749147974081	11.1779205579571	8.6329119652641	5.70209531663581	6.52595594530028	3.59935563677723	6.52210226844075	6.34054973957306	8.70585119330672	10.6621214118017	11.5536150186857	7.74324621847969	7.30947583620057	9.3426690511866	7.34873193142871	4.3431197312531	6.69557839174481	8.33758298309528	5.68306730560179	4.30315105475046	8.11414111289667	10.6302189064948	7.74927209484865	10.5368413673169	7.38405281671251	4.83643308648016	2.98983511251039	3.25466265533004	2.87121890492523	5.75061161964534	8.80485513793384	11.9022779752449	14.1636560957967	12.0819790597402	12.7949943337229	11.0184797953257	7.85325983270642	9.51250340341595	10.3815306674883	7.45709796100333	6.27865949068748	8.55239557083277	8.07592502441671	3.92329886702505	6.65541328543916	8.67174838195851	6.90104999257359	3.73343246892186	8.49953486962669	10.4575640567008	9.51725701029451	7.36938498112292	10.0956045881364	12.9716246091228	12.9152881888094	6.88639920422858	9.20473649812964	7.50192888529343	6.98912283480553	7.4383272985262	7.26117635097785	9.46408669655979	9.23854106447549	12.0004848235394	14.5229698409106	16.4005944709331	16.7802774112945	19.2387202277075	21.5702108241899	18.6988949673503	17.0698239299648	17.0462922068114	13.7586546944096	16.8944299992631	17.0815705074212	18.9411005224089	16.657761134078	13.8165969037242	15.9000133333277	17.4882405347136	10.9528058962076	13.6054912810968	16.3475943490166	17.2923630831648	13.5036755737096	13.5729176671783	10.7000665885779	11.2054320309393	11.8753012172323	11.4267886127293	13.391875186097	10.6530406926849	14.0670314565654	12.9697257102839	15.7420565683141	18.106295065529	17.3222685869952	15.3307753228596	14.4476779449156	13.5987162997101	15.9272897882848	15.6960564792562	10.2071897699612	9.57652677122557	15.1543393455472	15.6584269005542	10.1847182091602	15.1032601116448	17.7723764871218	17.0774309543327	14.1622609070727	17.1044838858119	21.2053526733228	24.2016110827358
27	33.3654450891937	33.3640503236642	29.9232747205248	27.5831457415575	23.8893102453796	21.1683342991365	15.9801284099972	14.056656216896	10.6407133689429	7.70975719462033	4.57094585397815	1.3283516100792	0	1.32416841829127	3.51896703593541	5.94480151056367	4.45986972903918	7.43499892400799	2.94826813570272	8.6182327654804	11.0339328890473	9.14041268214953	10.5925856144758	14.1300697096653	15.892361341223	15.7939733126278	16.4821141241043	19.3547720988908	20.4396686372358	17.8759492055667	15.4023836142332	15.8442549840628	16.3942902865601	16.2553404762866	12.7811311705968	11.6985405072599	9.14313059077688	9.05553477161896	11.1427595325395	9.26572252984083	10.8616625799184	11.8038952045501	14.2376310178344	15.386212041955	17.8701009230502	19.059675653064	21.9722481780996	21.4958476455338	25.6608884101856	23.2773846898658	27.9987362036218	30.4158100007217	26.909283305209	25.9629865192739	21.5109507460735	20.203572679108	16.3613311500012	14.6484013120886	11.8009102191314	8.68889141375354	7.9045319279512	4.85350388894456	5.14358133988372	3.177293974438	5.24472353894846	7.37657440821958	9.71297734991697	8.64716693489839	8.98139749704911	11.3090237421273	11.197537139925	8.22601884267232	11.1923317052346	13.0286691952785	9.70147808326134	9.29010371309169	13.2678093142764	15.9826091111558	12.6677429718162	15.1363973917178	11.4137456603869	8.83089921808646	5.51391920506639	4.96762458323896	3.53428168090773	5.7847324052198	7.95169673717503	11.3227576146449	13.1166215543485	9.94079473684071	11.1608129184213	8.66588679824518	6.30730568468027	8.44981550094439	8.96204943079428	5.17681784497002	5.74418140382074	8.10338515683415	8.63815449039898	3.58971099115235	8.25282533439307	10.9233089309055	9.52604713404253	8.34875044542595	12.8599633358731	14.0703472593963	14.3581721329701	12.9838446155212	15.7696871877663	18.4787737958989	17.9333249845086	12.1173756234591	12.9152372800503	10.2316593473395	9.10507133415219	8.49761554790519	8.15327032545837	10.4295709403599	9.65488083820821	10.653558701204	14.7036204385179	16.4577984554435	15.6364713090902	18.9229249588958	21.0511193526615	17.3851362951229	17.082921003154	15.6320545354729	12.939992040183	16.9657492024372	17.6722374927455	19.4653453347224	16.7397221601794	14.2486022823293	16.6892756283788	18.2873970263676	11.4602723353331	14.9724575805043	17.6713816664119	18.7067779694954	15.388745140524	16.257667298847	12.0906927014129	13.3188947739668	13.0914040117934	12.8510704223423	14.4758488524853	11.8285176163372	14.9973493991438	13.6555191772411	16.2201598635772	18.7151483029123	18.7728998292752	16.6796922333717	16.3540653355672	15.4137899297999	17.9776568272954	17.9116983002729	12.3746294489977	12.265762838079	17.9575384170548	18.3784884035657	13.0358620735262	18.2303183460959	20.8423122277736	19.9551236027242	18.1278442733823	21.4190517763976	24.8350584859388	28.5085282854096
