265	266	267	268	269	270	271	272	273	274	275	276	277	278	279	280	281	282	283	284	285	286	287	288	289	290	291	292	293	294	295	296	297	298	299	300	301	302	303	304	305	306	307	308	309	310	311	312	313	314	315	316	317	318	319	320	321	322	323	324	325	326	327	328	329	330	331	332	333	334	335	336	337	338	339	340	341	342	343	344	345	346	347	348	349	350	351	352	353	354	355	356	357	358	359	360	361	362	363	364	365	366	367	368	369	370	371	372	373	374	375	376	377	378	379	380	381	382	383	384	385	386	387	388	389	390	391	392	393	394	395	396	397	398	399	400	401	402	403	404	405	406	407	408	409	410	411	412	413	414	415	416	417	418	419	420	421	422	423	424	425	426	427	428	429	430	431
265	0	1.32171139058419	3.50690105363696	4.94643598967984	7.54266292498876	7.48479325031761	3.51403727925587	7.16829038195301	9.76399375255843	5.18120816026532	7.30787376738269	11.4200734235818	13.3714369459681	11.5692546432344	12.9304478267383	16.5184363969475	15.594773034578	15.2896852158571	19.4717191844993	17.9916869136832	22.5444032078918	24.8088039413431	25.4803911469192	22.3163611953204	20.8990099526269	16.3631412021042	15.0670723433585	9.97411103808254	10.3463485829543	7.91470365838166	7.57931461281296	7.66911116101469	7.74437040694723	8.20860195161149	3.80704846304851	6.40079643481965	9.99767597994654	11.8088759837675	10.9748365819269	13.0042467678832	15.9379164573039	16.8998213600026	18.2339455686365	19.7405278551512	22.6859923741502	20.0872403779115	15.5335129960998	15.4408054194074	14.0832872938103	12.4363144862133	9.7075851271055	13.4496879517705	12.4025226869375	15.7593653742782	13.659925951483	9.37175447821805	13.4635702917168	15.5297391478415	11.473822423238	12.9924817105894	15.4070927173169	15.8724588202332	11.1829499685906	15.7939325691862	18.5990259422369	16.7522466552997	14.9885429912317	20.0502844119479	15.9962996658602	21.6353770940097	20.1883997632304	16.0502977542474	17.0819534597188	12.46513738392	16.1557292933498	17.219	16.9750145213487	18.8524128429228	14.2102268102941	19.0544953751077	21.6150981029465	24.0462790468713	20.4231323013881	24.1124121149254	26.4022154562832	23.8802965433849	26.3241308498495	19.6682112303077	24.1948853479408	26.6316419696571	27.0060801487369	24.0572522537384	20.3428142350069	22.0636764162276	18.4419840038972	15.5598812977477	9.80382568184482	10.3460029963266	4.72918661082432	8.74885803976725	10.2365825352019	11.9797333442777	14.7775887748983	14.9971558970359	15.6973938282761	18.7326951077521	21.0168102479896	17.4474533958397	17.679009417951	22.9125799071165	21.4121686197358	17.5461258971888	23.1551947087473	25.5958128216316	21.4578346531051	25.0461704457987	21.5748771723039	23.2535436869308	19.4439716364739	16.9040863698693	12.8141732078195	12.1768649906287	7.75069461403299	10.4482967990003	9.25540998551658	12.6510622874129	15.4649471386099	18.1181823315696	16.0323061971757	16.0004706493278	19.3181196031084	21.3328657474799	17.1645387062979	19.7406849171958	23.3256731735656	24.1157041365165	19.9541020594764	25.0992407454887	27.7088959722325	27.5372929134292	27.9443748543423	23.542679987631	23.4926678987296	22.0269377581179	22.3938553179215	18.8768101648557	18.0351227886034	14.7274852232145	13.5128381178789	9.41204664246836	10.8640739135925	6.09585375480744	5.97440013725228	11.4934448708818	15.3693250665083	12.8628560203401	14.7201268336927	10.1261482311884	12.249080332825	8.02960403756001	11.4020779246592	12.2530597403261	14.7546113808531	17.3589048617705	18.2168262878033	22.7275762896091	25.5817769711175
266	1.32171139058419	0	1.3269080601157	3.63347684731856	6.33317558575475	7.41157749740229	6.41619973192855	8.89166817869403	11.1306458932085	8.97913659546395	11.2109250733381	14.6217996498379	16.306571589393	16.0664957286896	17.4778028653489	20.3492855157128	19.2633702658699	20.7745571793961	24.1235226283393	23.0656308389777	27.526383634615	29.680081687893	30.9383439278834	27.6667565319826	26.81032877456	22.2127532287198	21.2285054820164	16.0027701039539	16.5178514644006	13.9560369016422	13.3370018369947	12.870606279426	11.2135272327667	13.1604572109027	8.78365447863246	11.9857730247156	15.4588259903526	16.3661965037696	15.1282182691816	18.5409004635697	20.8300916224581	20.8913475391129	22.4349645642689	25.016193095673	27.9252883601942	25.7827075769788	21.2360416744741	21.5159994422755	20.0155630697715	18.3301432072966	14.9535205553742	18.4257611511709	15.9164302844576	19.3833827285126	16.9183117656579	12.5702314218951	17.5944417643755	19.1120515120696	14.9534772210346	16.806842326862	19.4184856773127	19.2902019947952	14.6422780331477	19.48948932117	22.2011739779679	19.9974564382573	18.2233773763263	23.6075505929777	20.057056239638	25.8980456019368	24.9128835143586	21.2734409534518	22.6805279920905	17.6534196687214	21.5928628254801	21.7010127183042	22.1451680959978	24.0466091996356	19.956776743753	24.0839819174488	26.8306587694003	29.5887018978528	26.4155268923412	30.1534453421164	32.4362453591657	29.7484112348878	32.3515188051504	25.7716778848409	30.3482694893795	32.8280223284925	33.0940088988929	30.205866483185	26.5009598882757	27.9390425211746	24.4706683398717	21.5091052812524	15.7351961538457	16.1320920218055	10.3800446049138	13.2854704470711	14.1259828684591	14.6243956798221	17.4758201810387	18.8969234533032	20.7812168556127	23.5687204998489	26.0531235939186	23.2420564924879	23.0800736134008	28.5065054680506	27.0731818041397	23.4354744351379	29.061798051738	31.5906972699243	27.6714647967902	31.0326987224766	27.5169045679197	28.7564085031493	25.12077309718	22.2658193651166	17.779968813246	17.0058959481704	12.1128917686901	13.5343898643419	11.7867302081621	15.2021207073224	17.2114284415908	20.4027626070589	19.2935502435399	19.4383581611205	22.78470243387	25.0086167750238	21.7693727286755	23.9021768255529	27.6784672444122	29.0426547168126	25.1861008693287	29.5374427633809	32.5643823217945	32.9765524729314	33.0817054880791	28.977394913967	28.0674920325988	25.7161944890763	26.1159302342459	22.5159694883432	20.7085206376506	17.1988686255812	13.8475021213214	11.4708737679394	9.37761195614321	5.75436642906932	3.70599770642131	8.09660916680557	11.1926421366896	8.68016094320837	12.469302265965	8.00432170767767	12.6336160302583	9.12105662738698	14.1286779636313	15.7802821584406	18.7282713831256	21.6242427381862	22.9736201761934	27.6368401232847	30.7598005357642
267	3.50690105363696	1.3269080601157	0	1.31050867986443	3.34114142173	3.06401974536719	2.96955787955042	4.90393209577784	6.94734114607883	7.13656051610298	8.67592721269606	10.7862781810966	12.2545112509639	13.2556738417932	14.7853964099716	16.3770118764077	16.1844478744256	18.7684469789058	21.0164157267599	20.5419835945801	24.8101240222616	27.021241366747	28.8309703617481	25.2991901253775	25.5829398818822	20.888390507648	20.6365598635044	15.8342545451309	17.2327421207421	15.3488410637416	14.4940425692765	14.986049979898	12.5175934987521	13.2936414875684	8.11158960993466	10.6372675062725	14.7857827997032	15.9087628054478	13.1123646227521	16.6485547721116	19.2400450363298	18.6038120018452	19.2856491983029	22.855886440915	26.1047319848337	24.6844715155095	20.5282504368979	21.5772434291315	20.6501087890597	19.8703993920605	17.137847618648	20.7335343345026	18.5559037236131	21.9699694128144	19.4237899751825	15.1447096373618	19.967832255906	21.3336390004143	17.0890099479168	18.4041402135498	20.7780445181928	20.8900206318711	15.7655854949951	19.8382214928657	22.4768809224056	20.7276403384466	17.697760564546	22.8733587607942	19.0806501199514	25.2129253756878	23.8172704355474	21.1668132225897	23.2555946387101	18.5404977818828	23.5001133827052	24.1839836875565	24.3737908828315	26.1799250189912	21.6972478899975	26.0933467956872	28.7818599121044	31.4319759798839	27.6619445628828	31.0479926243228	33.545119481081	31.2474552083846	33.0890838948436	26.7282525616622	30.8556595294931	33.0805002985142	32.6619548863812	29.5482572413332	26.132593441907	26.3510064513673	23.1422406434641	20.2990846591663	14.8755118231273	15.8126644497377	10.7754328915362	14.5658494774593	15.6587111219283	16.3458800313718	19.2579044550543	20.1400092105242	21.9359958515678	24.774117421212	27.3785255081423	24.0749633852266	23.4677065347255	28.9780135620094	28.4710986967486	23.4467134157434	28.8595824640621	31.456742170797	27.7038537752422	29.9046832452711	26.2908741771741	26.7383671528386	23.4089284889335	20.5702614956641	15.7563108943686	15.926827053748	11.2942755854459	12.7752417198267	12.3433141821798	15.3013261516772	16.7618438424894	20.135970053613	19.8895070326039	18.1729333350453	22.0842474854816	24.6078012630141	22.4295880702255	23.0052735041338	27.1118800712898	28.7681346458195	24.3892562617231	28.1320488766816	31.7026523496063	32.2573637639532	31.4826823825417	27.4141966506407	25.8974874650032	23.272969492525	23.0845816509635	19.8535149029082	17.1719373688585	13.8942277943036	10.3284955826103	7.81995505102171	4.19076663630892	2.83791419884393	4.7682766278814	4.18426552694735	8.89662621447029	9.27249890806141	12.2960507887695	9.35667018762551	11.5773282755565	8.50240307207321	12.2716337543132	12.6566606970401	16.7094185715721	19.2422987192279	21.6892106357055	25.4225263496766	28.6083999028257
268	4.94643598967984	3.63347684731856	1.31050867986443	0	1.32714317238194	3.55003732374746	3.40256682520711	2.93784597962521	5.11828037528231	6.94378340676032	7.60839049996778	9.00917321400804	10.8247505744936	12.3565593107467	13.2455076912891	14.392612445279	16.3377171293911	18.0364231764505	19.7095932733276	19.0770712899019	23.0840440781073	25.0125432933159	26.9623569629957	23.9135918255707	24.5637922560829	20.0167869799326	20.3885914667983	15.513855484695	17.9437473789618	16.2337987236506	14.6743271396	15.6069055549138	11.6628992536161	12.4585847109533	7.59423906655565	10.7943582023203	13.8804447335091	14.2337250570608	11.1038816186053	14.895013964411	17.4404286071186	16.1094718100874	17.1886512559886	20.886218374804	24.2990274085199	23.387480090852	19.4564951879829	21.1231113948679	20.3613707298895	20.405107130324	18.3488429607973	22.105351953769	20.3925098504328	22.5829573129827	19.7504615135951	16.0532147870761	20.3042039489363	20.8590184093116	16.2924329981743	17.6877140976442	19.9412833338278	19.524340526635	14.5114603675853	18.2694062574568	20.7382512522151	18.5039695741211	15.3165597638634	20.5323002608086	16.9882661269477	23.1941262607583	21.8757497242952	19.954868503701	22.5670845480758	17.895440788089	23.7495927122972	25.3434470031209	25.6797627909605	27.7154749012172	22.7148888837256	27.9997750169533	30.3270876940072	32.3426431356499	28.2728749510905	31.5374994094332	33.9817333577909	31.5920624208044	32.7955822329777	26.928942255499	30.6484917410303	32.5596280230595	31.8547706631205	28.8607582887214	25.5678251910482	25.6620247447469	22.3581522268724	20.2397391534575	14.7567111850846	16.7686127631358	12.1351984326586	16.7211921225731	18.1417783306929	19.022824474825	21.9281664760189	22.5488712356073	23.4879853967938	26.6909130791736	29.1415919606325	25.1398884842395	24.756152548407	30.0923760610557	29.4339698987412	24.2050253666465	29.4483133812448	31.9452206284446	27.8893584544356	29.7370220600517	26.096278010475	26.3447572962819	22.5450437125325	20.7090278622634	15.9090960145446	17.0019632395791	12.7572349668727	15.3725003171247	15.0397524580692	18.1505032712594	19.9404476880535	23.1763423127982	22.4570524112137	20.3136480967846	24.6468356995376	27.1424008149611	24.2470898460001	24.5274697023562	28.7186573154108	30.1778426332964	25.2836953390916	29.0552454644596	32.7575034915666	32.9970109858454	31.8976106471942	27.6665850982733	26.2732206248111	24.1184570816626	23.194313505685	20.0090266379952	18.546083360106	15.2071043265968	13.64464807168	11.2316881634062	8.9438616939217	6.98679797904591	8.2549855239122	9.27130589507217	13.5280446850238	13.1975628431919	16.601591911621	12.7346376469847	15.3764656862362	11.8322668580454	14.9249637185489	12.6978885252628	17.5928287094486	19.6419646929731	22.4253973208949	25.4994281308425	28.4978367950973
269	7.54266292498876	6.33317558575475	3.34114142173	1.32714317238194	0	1.32775148277078	3.18593220266847	3.22159494660642	3.11054673650791	5.0461507111857	6.97868454653167	7.8791361836181	8.93748734264838	10.8169279834896	12.4674525866353	12.0944766732587	13.9291783677287	16.8355122880178	18.3621054892951	18.4858855887404	22.3465150303129	24.5081197361201	26.6478779267693	23.2359763513393	24.6782573736478	20.1186313152759	20.6769497025069	16.558742132179	18.7745794892988	17.5667755151593	16.4838455464737	17.4527897483468	13.692994887898	14.275055376425	9.53112343850398	10.7519504277131	15.0737279065266	15.7204784278342	12.1349687267829	15.4528728073456	18.1638500599405	16.4553520472824	16.5046020551845	20.9927640152506	24.4864822708367	23.887237136178	20.322115883933	22.103282606889	21.7376935989079	21.862811850263	20.0854651178408	23.852771033991	22.4192134786214	24.6725559681197	21.919560237377	18.2113512403665	22.2866197751027	22.8740047433763	18.5641888861324	19.7936046489769	22.0602092011839	21.5478165483188	16.5922742865467	20.4264825655324	22.8696277626025	20.7784405574624	17.2737970348155	22.4513280453518	18.6181526742048	24.7233876319569	22.9846669978053	21.4613364448722	24.1159931580684	19.8663983650787	25.5849403165221	27.2550857822902	27.3676001870825	29.11385982655	23.8650266289397	29.1510780932713	31.2776973736879	33.2623224685229	29.1659200609204	31.9324270295886	34.768533748204	32.817611262857	33.8634466497431	27.8490735573017	31.4208339481943	33.3797869076482	32.2443147702041	29.1087391688476	25.930627566644	25.1520994551151	21.8463082007006	19.7656312320148	14.4716153210345	16.6994228343377	12.8754900489263	17.5906733526605	19.5126996082039	20.3756579771059	23.1182030010985	23.1674222346812	23.6841151196324	26.8575755048739	29.3986864502481	25.4687935324781	24.5946983718036	29.9527551320409	29.4983285119683	24.1180256654644	29.1334596297796	31.698407183958	28.1057009519421	29.1512352053905	25.5432468374715	25.200211903871	20.6955178963949	19.7108887166459	14.900837325466	16.0194221493785	12.4312498567119	14.9299919959791	15.8271668026846	18.3488290089586	19.6930166556574	22.8409745413807	22.6491544654541	19.0408565458595	23.6274337794014	26.2382990874028	23.9874567430564	23.279988595358	27.5938656407543	29.2391425489873	24.3893235863564	27.4154990105962	31.4999819999949	32.0596270876628	30.392010035534	26.4541996287924	24.47743309663	22.0095988377798	20.8612758478478	17.6190114932706	16.1099595592292	12.7126490158424	11.1255231787094	9.27668265060307	7.73772117616033	7.50534209746631	9.73835437843581	9.4986955946593	14.0603946601793	14.6787449736004	17.3433607181538	14.2366864824649	15.030767911188	11.9805265326696	13.6805942487891	10.8147862669588	16.026354888121	17.8917643065182	20.8765707432998	23.8777630861854	26.9791080838489
270	7.48479325031761	7.41157749740229	3.06401974536719	3.55003732374746	1.32775148277078	0	1.34632276962101	3.33741951213808	3.27649446817784	2.82180899424465	4.93441637886387	6.80147822168093	7.53613992704488	8.64001770831519	10.6576594522437	11.6277222619049	11.4218992291125	14.7157419452775	16.5763354514802	16.8263373019799	20.9652803701739	23.467076341121	25.4413239631903	21.4784582314467	22.6843943273785	18.0021166255527	18.151517897961	14.4314187105773	15.9998023112787	15.0477321547135	14.5878537489241	15.8990357254772	14.2991785778065	13.1662684538938	7.79412888012509	8.02485171202559	13.4603763691808	14.8732615454715	11.5591441292165	14.3593516914936	17.1618896395473	16.2584597671489	15.6326148164662	19.9940127038071	23.2989970814196	22.2616465473693	18.6462949402824	19.9948395592463	19.7383259168553	19.4923251819787	18.0566916681877	21.8234353161916	21.3485153582164	24.2058467936984	21.9407042275311	17.9285209930992	21.5679936479961	22.9072079922456	19.2304593288876	19.3483779681915	21.6488216076534	22.1035077985373	17.3329260368814	20.3974283918341	22.9823969376564	22.0925661931791	18.2060567119846	22.8368001699012	18.4235073750901	24.364719760342	22.2952047310627	20.2415644405268	22.4836415867181	18.5202229198247	23.5736844383732	25.5574148536193	24.9618752700994	26.4482666917891	21.1269849481652	26.2889317204028	28.3723402277641	30.4192357070325	26.4091222875733	29.0246277667777	32.0291463201878	30.3370091142815	31.6600393240438	25.38142417202	28.9816591830074	31.0643133032102	30.0777419365218	26.8746605001812	23.6416539396041	22.7258040121796	19.5415843011768	16.9375406420177	11.7901740021087	13.4920366883581	9.99297057936228	14.3194945092346	16.1995132642929	16.6997458064487	19.2671166498778	19.3551842409211	20.419235930857	23.3454432812915	26.0750446787728	22.3358748429516	21.2757008110191	26.6776363458234	26.4277652100967	20.9668350258211	26.0091111920419	28.6312398089919	25.2943349586424	26.3965717660457	22.8031500016993	22.5881457627668	18.6005476801088	16.7307154957581	11.8807382767234	12.6475623342998	9.08661818280046	10.4392870925174	11.7001358539121	13.8301750531221	14.8725523364351	18.0471525177796	18.2850286846917	14.736877349018	19.1868282162529	21.8539795231898	20.2037268591713	19.4024199263906	23.707059433848	25.5667082550727	21.0997801884285	24.1175490048222	28.1556321541535	28.8420217044506	27.4153432041257	23.4544080505137	21.5369102240781	18.8339345066293	18.2917947998549	15.1188300142571	12.8153745555875	9.5867176343105	7.05014297727358	4.84375825160587	3.61163605586166	3.68359308284723	6.17275643452745	5.89783689160696	10.4963606073724	11.1146746241174	13.198422746677	10.1378688095674	10.2025797718028	7.27824085888891	8.99888776460736	7.94662953710565	12.7860786013539	14.8854721456862	17.888766614834	21.0341220163809	24.2351259951336
271	3.51403727925587	6.41619973192855	2.96955787955042	3.40256682520711	3.18593220266847	1.34632276962101	0	1.33054913475602	3.2455202972713	3.04084889463452	2.99329784685721	4.99076917919473	6.81392031065817	7.67892525031987	8.86063502238976	10.8986944630997	12.0314781303047	13.164452970025	15.1327315445692	14.5987653587555	18.8251421242975	21.1058434799465	22.9577407860617	19.3767146080031	20.118801579617	15.4734179158969	15.4407112854298	10.5693485608149	12.2917114756245	10.6146124752626	9.64389008647444	10.690778456221	8.57088011816756	8.20334108763009	2.90682163195474	5.86255183345956	9.65221746543249	10.600045424431	8.03312112444472	11.2565887372685	14.0120999496863	13.3486290307282	13.3805376199912	17.1837767967348	20.4756710756937	19.363059314065	15.4099108693075	16.3169734325947	15.4930749368871	14.98298601748	13.0988196033078	16.898510821963	16.3471290751618	18.8661709151592	16.484765512436	12.8259000463905	16.231614768716	17.1891991087427	13.5343585736451	13.7225709690276	16.0492033758688	16.3822410249636	11.5823642232491	14.9335337077331	17.6058538276336	16.7132235370679	13.1741805058227	18.083976498547	13.9346393566536	19.9973014429447	18.5523254068055	15.8987221184597	18.2030539470716	13.5995932659767	18.7416290380532	20.5684815433712	20.2822190107493	22.1344245463938	17.046573731985	22.3419635215887	24.622897737675	26.6912261988842	22.6927242304665	26.041324467085	28.4868443145253	26.2202507425082	27.8627912995091	21.5811647739412	25.600992070621	27.8097575322044	27.431373079013	24.3387070322152	20.8968268883101	20.8243868817308	17.5363130674609	15.3274847904018	9.83826051698165	11.3891156373092	6.49901038620497	11.5817069985387	13.4548588249747	15.0872009995227	17.8282716492654	17.6848404290228	17.9136409755248	21.1847042462244	23.5426323294571	19.4868536198125	19.3128160556662	24.6032939258141	23.8427304644414	18.7870361153642	24.1844964801833	26.6761691777511	22.608107970372	24.8092561355636	21.1712963467049	21.3818012805283	17.9171482943018	15.7688598192767	11.0080996997665	12.2392994489064	7.89919343983929	11.1603503529235	11.8458963780712	14.6980648386106	17.1902458388471	19.7891168575053	18.1070667420209	16.3078764405425	20.2954748404663	22.5828753483696	19.0146702574617	20.1398778794709	24.102121421153	25.3065138847689	20.4229714047687	24.5432607858043	28.1599659445817	28.1180454690578	27.0532175905196	22.7453389510906	21.5875822870464	19.8859440560412	18.8750707548343	15.7912525152377	14.9254846152478	11.7849794654043	10.5283640704527	7.84650616516676	7.5849570203133	4.87893308009036	8.8340100747056	9.66505468168701	14.3639303117218	13.7237613648737	16.0298353391418	12.5906216685277	13.1063686809123	9.60083433874369	11.0576571207467	8.28193974863377	13.2369505929425	15.0315596662489	17.6311702958142	20.6578329938065	23.588474918909
272	7.16829038195301	8.89166817869403	4.90393209577784	2.93784597962521	3.22159494660642	3.33741951213808	1.33054913475602	0	1.33531831411091	3.33527944856199	3.45551978723896	3.05248128577392	5.01365186266458	6.98728516664377	7.88367966117345	8.60983362208585	10.9910954413107	12.567779318559	13.8015883506211	13.5534622513954	17.3345307695363	19.4148983000169	21.5449339056772	18.3349398690042	19.9584544992843	15.5778453901687	16.726929006844	13.0460088149595	16.0787307023907	14.7975917635269	13.410303128565	14.7788867645706	11.9575974593561	10.7869618985143	6.38745395286729	7.49545308837298	11.2509825348722	11.408938118861	7.83810621260008	10.677870995662	13.4027738919971	11.6087660843003	11.4297937864163	15.9252264034142	19.441942624131	19.1141818292073	15.9112708166256	18.1670843285322	18.2026417313532	18.9062577471059	17.400161062473	21.1808841647368	20.6863758304832	22.5722044559232	20.2007149625948	16.6432386872267	19.8873131669414	20.6988926515406	17.0198713567406	16.9185392395443	19.0699171733912	17.9921723257643	14.110273810242	16.325898352005	18.3039878988159	15.9515195827858	11.5800123056929	16.8269290127462	13.9036967026759	19.9056091341109	18.385459091358	17.397594862509	20.3157874324379	16.3814350104013	22.4840585526724	24.351558861806	24.5216916626892	26.4062842899186	21.1601201792428	26.6424569062239	28.6572334149687	30.4034525835472	26.0947058232125	28.5375404160905	31.3634009316592	29.455396194925	29.8750471464063	24.2030372680786	27.4165075274003	29.0045288360283	27.6226550859978	24.5953738129755	21.5797658235672	20.6722986143293	17.3318058205139	16.0263364185331	10.7721193365094	14.4420665418769	10.6110373668176	15.7260982128435	17.7289578373913	19.1363819464391	21.8429333652786	21.5341452813897	21.6615139129286	24.9914940329705	27.3891347983101	22.9438744112672	22.4306283683717	27.3854603211266	26.3071554144495	21.2100659829242	25.9038626656335	28.2927370362077	24.4134731040055	25.1148748951692	21.5256611977426	21.1862331951671	16.8109981262268	16.3640457405863	11.8414415507572	14.2960289940948	10.870220374951	14.0645243787339	15.2050047352837	17.7735140025826	19.6659853300057	22.4720111694525	21.5383417653263	18.4245759788387	22.8774852857564	25.3533891422823	22.4298018939089	21.9076000054776	26.0764425104346	27.360283295317	21.8607974236989	25.3348664689593	29.2334052925758	28.9945358472937	27.2866924525491	23.1670505891449	21.8229480593251	20.3345217302989	18.5767514113744	15.4343937036736	15.3578297294898	12.219508255245	12.0449857617184	9.15998236897867	10.1562885445422	7.16122349881639	11.5094850449531	12.3049581063895	17.0421951637693	16.5317395938842	18.7877534846506	15.3157139565872	15.5133865419514	12.0038009813559	13.0792356428042	8.6598815811765	14.3546206498117	15.2940102654601	18.0056891842551	20.7045349863261	23.4529532468728
273	9.76399375255843	11.1306458932085	6.94734114607883	5.11828037528231	3.11054673650791	3.27649446817784	3.2455202972713	1.33531831411091	0	1.35360001477541	3.3210934946189	3.33329431643832	2.85786843644	4.90101734336862	6.80464297373492	6.85625232907891	8.29028865601192	10.7763124490709	12.3320117580223	13.1442628549493	16.8857457638092	19.4299317806317	21.6115348367486	17.6652966292672	19.9220284860754	15.5315724252247	16.5188105201313	13.9066403203649	16.2051358217079	15.8458805372248	15.1370537754214	16.7883686223528	14.3959474158528	12.6030756960355	8.47026876787272	7.32252784221405	12.7081522260319	13.4877362444556	9.89353733504857	11.8420036311428	14.8358087410158	13.3390933350059	11.586124848283	16.6873485311478	20.0580969685561	19.7213077152607	16.8817542334913	18.8369996018474	19.2314657527709	19.8366566235341	19.1862384797021	22.8606830169179	22.9144726755821	24.8118464649449	22.600989181892	19.0999595025749	22.0281660607505	22.8907122213355	19.4491554058267	19.0073836705634	21.1622054852513	21.2176766635746	16.9272144489281	19.2460076119698	21.6318771492444	20.4959346456803	16.1949856745846	20.8725297460562	16.6841747773152	22.6146830400074	19.8840375678583	19.1135121314739	21.6938565958199	18.1820397370592	23.829887137794	25.8988908063647	25.7414573014039	27.1846676271754	21.6453107161805	27.130890328185	28.6147205647723	30.2406352446505	26.0356584898481	27.9458696053639	31.1993701699249	29.839417118972	30.3663840949165	24.4360472662827	27.4630098496141	29.3331502229133	27.465414233177	24.443066665212	21.529910868371	19.5613516148552	16.453792571927	14.8184450601269	10.0511644101567	13.4289589693319	11.3264112586468	15.9850798871948	18.3538224356672	19.7303597027525	22.1240365665943	21.1157118989628	20.8791427266543	24.2272011177519	26.569063306786	22.1487269160103	21.0471065944942	26.0131312994034	25.3126131602409	20.065650101604	24.5177711466601	27.0027212332387	23.7888433934902	23.7543596419689	20.2331473330276	19.3207266426499	14.4664153472794	14.3901322787527	9.95499236564248	12.1943274517293	9.62435312111936	12.8953977837056	14.92227988613	17.2382318698874	18.6072475396013	21.1457503532034	20.7762777705729	16.0477726180302	20.7957623327446	23.2982166484905	21.1387315844636	19.3958036956451	23.6397825920629	25.1346959599674	19.7851586043681	22.5168287731643	26.7352939389115	26.7855872438892	24.7598127214242	20.9551239080088	18.9883061645846	17.1474618821562	15.3367379191274	12.1290260944562	11.9832261515837	8.88049914137713	9.30963672760651	6.68330464665498	8.76282083578113	7.68441669874819	11.891691469257	10.5816283246011	14.1312137129123	16.7835820372172	18.6972366674865	15.7713701370553	14.7297746079158	11.4853703466627	11.0674125250666	5.75396159180786	11.6615290163855	12.4908011352355	15.4199164070367	18.1346057580527	21.081082254002
274	5.18120816026532	8.97913659546395	7.13656051610298	6.94378340676032	5.0461507111857	2.82180899424465	3.04084889463452	3.33527944856199	1.35360001477541	0	1.327461863859	3.29854604333485	3.38863099200842	2.87554986046147	4.96249473551358	6.85140708176065	7.13612871240423	8.83190092788636	10.7777254557722	11.1749723042162	15.3666370426323	18.1577796274765	20.0352483887772	15.671549540489	17.2482950461778	12.7065358772562	13.2825299171506	9.89212242140179	10.8282678670229	9.8153916885675	9.84776390862413	11.0212550102064	11.5702747590539	9.51330226577501	3.72878076588045	3.66257232010509	9.67383011014769	11.7341872321861	8.84391649666594	9.38859084208062	13.0578934365387	12.72384984979	10.7294061811453	15.1432295432645	18.2443133606064	17.2946669814715	14.2966617781914	15.5261980536125	15.079531060348	14.3370012206179	13.0091897134295	16.7219348760842	16.8375999180406	19.9233367938205	18.2654890161747	13.9325857614443	17.1902099172756	19.1418321484648	16.4919777164535	15.6971939212077	18.0204674190211	19.4784669314605	15.07066733758	17.6895040066136	20.4370080001942	20.5357635845371	16.9034048936893	20.8007878216187	15.8660078784803	21.2671420741011	18.2358276477927	16.6005498101719	18.1784244091725	14.3257667857605	18.6053442053621	20.5682575100566	19.7412169331072	21.186616199856	15.8684554383847	21.0886676203121	23.1793289160838	25.2642866117371	21.3039829374697	24.2244634615506	27.0421238995756	25.2513008179777	26.985951919471	20.4510709010555	24.2715123962229	26.2108719809166	24.6650475572215	21.5446218811099	18.5166963036066	16.8864925014048	13.7475195580876	11.6011024476125	6.70641379576298	8.78149491829267	4.83560482256356	9.89345131892809	11.9785500792041	13.6068089572831	16.1617745312821	15.5589926730492	15.6992761935065	18.9835267008004	21.4158037673117	17.4390226216953	16.5869256343664	21.8884575518697	21.5963369810716	16.1248179524607	21.125894111256	23.7408028086668	20.4592792150652	20.8120741397872	17.2342675794476	16.8194417267637	13.0352792451869	11.4558372020556	6.80640558591684	8.12688242809012	4.83606978857832	8.04517159543536	9.8592414008381	12.5324049567511	14.4368221572478	16.8918798835417	15.7993146053872	12.1364645593352	16.6111012578938	19.0400732404054	16.3268336489351	15.7813821004372	19.9644710673737	21.3826027648647	16.3671900153936	20.0824697186377	23.7433970610778	24.0122018149107	22.3650835455627	18.2449385310009	16.8529041710917	15.4819005616236	14.0808271774069	11.0701847319726	10.9734761584468	8.18043207905304	8.5204627808588	4.14994710809668	8.2070877295177	4.31438454475259	9.24584636471967	12.3016898839143	16.5033439641789	14.8748840667751	16.091633695806	12.4673540095724	11.3781681302396	7.87432447896326	6.90689228235101	3.87876655652283	8.70642435216662	10.4285202210093	12.9646435354004	15.8484546249784	18.7857451542386
275	7.30787376738269	11.2109250733381	8.67592721269606	7.60839049996778	6.97868454653167	4.93441637886387	2.99329784685721	3.45551978723896	3.3210934946189	1.327461863859	0	1.32170987739367	3.24931285043469	3.29384365142003	2.98435168839063	5.09847290862666	6.908118195283	7.80079745923454	9.10240611047431	8.67148989505264	12.7614521509114	15.2346946802356	17.182469991244	13.4259397436455	15.1481928295094	10.801303300991	12.2461639708114	8.56582477056354	11.66163976463	10.8624020824125	9.41845003171966	11.2829734999246	10.41086667862	6.88230215843507	3.83861758970596	3.76135121997401	6.57126517498723	7.16696497828753	3.84754480155852	6.27772849046532	9.05942658229537	8.63834440156214	7.59032449899212	11.98523483291	15.2668239984615	14.6342812942761	11.1731816865206	13.4755985766867	13.5602434343931	14.5140796814679	13.8586063512894	17.4940603920302	17.9646773976044	19.5403173208625	17.7388995149079	14.4875019585849	16.6306062427081	17.8576216221534	14.8664706638798	13.7110891616968	15.6459201391289	16.3264268289176	12.8804584157552	13.8397186026306	16.2052555363993	16.0508716585736	12.2597515880217	15.8153795401818	10.887562353438	16.5006752892116	14.2053974249227	12.7397471324984	15.580491038475	12.1165236351026	17.9631370311536	20.1413675305328	20.5099040709604	22.3466033884347	16.9381945023665	22.749718657601	24.2973208811177	25.9265279009743	21.6426706300308	24.1644337198288	27.0213407883473	24.8858673346942	25.1656318418592	19.67367360205	22.8709888505067	24.3338431613258	22.7815146555272	19.7828490617504	16.8958802966877	15.5646965277194	12.2280667727977	11.3038760166591	6.47721182299915	10.7298353202647	7.74193832318496	12.6815245928871	15.1184751545915	17.3438626320667	19.7974348085806	18.7514390914404	17.9942490813037	21.5576936382351	23.4819261135027	18.8168451393957	18.7876528869361	23.3853693791653	21.9405158097981	17.109118650591	21.3876823195034	23.6521399243282	19.83804730814	20.0968457972887	16.539321328277	16.2340743191597	12.4884079850075	11.8673679053108	7.9044393855605	10.9138105627686	7.5037885764459	11.4598185849515	13.7127670803525	16.2744640464748	18.0359481591626	20.4623447825512	19.3302135011489	15.4403778451177	19.9319222605347	22.2920257715624	19.3049524474939	18.6667315028636	22.7747340050329	23.4751923101814	17.8751059856998	21.7007373377035	25.3077179729821	24.4419034651559	22.8461291469693	18.5048470947479	17.8897311885897	17.390994393651	15.343653997663	12.6073590017894	13.1545375821425	10.2426774331715	11.1019384793828	7.36819821937494	11.0747928648801	7.49904033860333	13.1764942606142	14.8316636288718	19.2359092324746	18.1853350257838	19.5088568860402	16.1148193288042	14.8322194563053	11.3161665770702	10.3774226569028	6.01389008878613	11.2835767822087	11.1799768336075	13.933794924571	16.3330619909434	18.8254530357174
276	11.4200734235818	14.6217996498379	10.7862781810966	9.00917321400804	7.8791361836181	6.80147822168093	4.99076917919473	3.05248128577392	3.33329431643832	3.29854604333485	1.32170987739367	0	1.32446442005816	3.3905446465133	3.30514961839854	3.06999625406938	5.25530170399379	7.13518619238489	7.98866108931904	8.83235619752736	12.1337101498264	14.6196269104242	16.910080011638	13.2112970975601	16.2550558596395	12.3925424348678	14.3471335464615	11.5824765054802	14.8104688649617	14.7378002768391	13.5335143625002	15.4912147038249	14.4218613916512	10.5907348659099	7.51917295984073	5.98386405260012	9.98571229307153	10.328764543739	6.78554522496166	8.57034783424804	11.5645280924039	9.66537624720321	6.90081161893295	12.4582369137852	15.7930941236985	16.1331824510851	13.909083650622	16.2750548078954	16.7223956417733	17.9817887319365	18.0551228187459	21.5641979911148	22.2723100283738	23.7423619928599	22.0135050821081	18.9777889123048	20.596980045628	21.7093517176354	18.5126578318728	17.4229115821667	19.3468526380908	19.8601264094668	16.3891347849726	17.3250213852682	19.5829809017933	19.0148159338974	14.9026810004106	18.4787761770091	13.9519173592736	19.3704526276492	16.2397966120269	16.0382332256393	18.8617576328401	15.7523523005296	21.351134630272	23.7691858926636	24.2763979824026	25.8756626388582	20.306246009541	26.1384256029318	27.2366878676538	28.6219707742147	24.271093218065	26.0687275101797	29.293567143658	27.6033132975011	27.6475074645075	22.2161802522396	24.6367912074604	26.277684867583	23.8233239704286	21.0411119953295	18.508410142419	15.9949930603298	12.4777813733051	12.7201768855626	8.48063871415355	12.8726766447387	11.3612852706021	15.7931932173326	18.5930709943247	20.6110478384773	22.8934250168034	21.4216560050805	20.447083263879	23.997726496483	25.8333472473081	21.1369907744693	20.6094963305754	25.0831230511673	23.6843034307535	18.9738504263104	22.7440192138505	24.9495761487044	21.5910068778647	20.7478545878845	17.3646148532007	16.1493799880986	11.019523084054	12.6833188874206	9.06188214445542	12.4067014955628	9.60811105264713	13.813737618762	16.3104118280318	18.8306165857627	20.414093048676	22.7587457694839	21.7122175053586	17.2562508094893	21.8260014890497	24.1206054028501	21.310434861823	19.7423979546559	23.7405168646346	24.4094909615092	18.9104333900627	21.7786848087758	25.7856181232873	24.7775246947713	22.6259115617471	18.8268583146525	17.532555575272	16.8019230149409	14.2675481425506	11.2603575875724	13.0863395569579	10.5760494041963	12.5669091665373	9.23640525312743	13.0034107833291	10.1324186155133	15.8284507454141	16.8221476928483	21.273184552389	20.6352792324214	22.0077252345625	18.7082512544599	17.2839616697099	13.8779754647427	12.5611221632464	6.55768388991113	12.0729585852019	10.8186315678093	13.9905030645792	15.6792222702531	18.4034630165086
277	13.3714369459681	16.306571589393	12.2545112509639	10.8247505744936	8.93748734264838	7.53613992704488	6.81392031065817	5.01365186266458	2.85786843644	3.38863099200842	3.24931285043469	1.32446442005816	0	1.31715033310553	3.15995854403187	2.42660441769976	2.86556259746668	4.98069724034698	6.70502565244906	8.68367819532714	12.1363670429004	15.2043998237352	17.267340993911	12.5698899756521	15.5568624407366	11.8940089540911	13.318549695819	12.5541338610037	14.7118249377839	15.5588801653589	15.3910040608142	17.1380958102118	16.8008983688373	12.9317349957382	9.93137397342382	6.70418332088257	11.8678252009372	12.4858578399724	8.98698141758399	8.82030980181535	13.0350847714927	11.6362741029936	8.48617805610983	13.6430004764348	16.5292825313139	16.4047122803175	14.587354112381	16.4808092641108	17.5355131376302	18.5990819934748	19.3781047834921	22.6296316806085	24.2401222975463	25.9221290406479	24.3619352474306	21.2098334741223	22.834824282223	24.1276993308521	21.0580373966806	19.807334070995	21.7015804954386	22.4334672754793	19.0571339922875	19.7192406801073	22.0084516038725	21.5452474109721	17.4508798059009	20.5882900212718	16.2045428506947	21.2859001219117	17.6907584065805	17.7101157534331	19.9852294457682	17.8747010044924	22.5027626081777	24.9228135048995	24.7857683762275	25.8148475106866	20.1793627748747	25.6958270542125	26.3675035033657	27.49007491805	23.4316463356718	24.2980939787466	27.9216868401606	27.1364991294013	27.0864999215476	21.5990470391636	23.5683572189493	25.5415359170117	22.9789478436242	20.1608980702745	17.3963711733223	14.2117259331863	11.2094217959715	10.6427957323252	7.3652744687486	11.5964507070051	12.1321786172146	15.0681147128631	18.5101902745488	20.3940988523641	22.1803252005015	20.1542375444967	18.9105393630113	22.298288544191	24.0029522767513	19.5646623022223	18.3232340758939	22.5484398351638	21.5370747781587	16.7317380149224	20.2712338302334	22.5769931788978	19.9003990161002	18.5461396791893	15.2210972009248	13.5644189333712	8.48492580992904	9.72342717358442	6.23439082830071	9.76537193352102	8.55554399205568	12.4759802019721	15.3185379197886	17.4168229307184	17.7627037637855	20.2844632416044	19.8433185228681	14.2845263484653	18.9764140448084	21.3653517640127	19.0013669508275	16.6143613178479	20.4829732704996	21.2536040237885	15.8703267137132	18.2994050449735	22.4500824274656	21.7103301448872	19.4219794305318	15.7733284058882	14.0839637886498	12.1578072036038	8.42954957278264	4.28971805600321	8.26730820763324	6.3009186631792	9.06318503617795	6.69439003942854	10.9710169993488	10.2252677715549	15.2636175594123	16.2170912619989	20.083715517802	19.7776256663938	20.4796445525795	17.4030284720792	15.3277504220287	11.9700721384627	10.1434424629906	3.89063452408473	8.86001399547427	7.52223078614317	10.6213752875981	12.6265681006361	15.4049126579802
278	11.5692546432344	16.0664957286896	13.2556738417932	12.3565593107467	10.8169279834896	8.64001770831519	7.67892525031987	6.98728516664377	4.90101734336862	2.87554986046147	3.29384365142003	3.3905446465133	1.31715033310553	0	1.31339445712246	3.31229346525938	3.26282546269334	2.98695497120395	4.97070055424786	5.96576482942464	9.9114529711844	13.1126400469166	14.8517982076246	9.92517491029755	12.3219694042795	8.61380786876513	10.1702454739303	9.05199652010539	11.0551691981625	11.976763878444	12.0429682802871	13.6912142996887	14.3495798196324	10.8411336584326	8.41121691552417	3.57401776716345	8.94219782827466	10.9105257893467	8.48037310499957	5.87726722210246	10.736100875085	10.8126825533722	7.09963625828817	11.0146408021324	13.8228732903112	13.2865379237783	11.7132394323688	13.2791439859654	14.1802143143184	15.0529732279042	15.8399395832181	19.0132712861306	20.7149858073811	22.8085528475614	21.783634912475	18.2182559264052	19.7047841145241	21.4917784513055	19.2378390158562	17.4584613869608	19.3156259282478	21.0409508577916	17.907285779816	18.1957225742755	20.7108436090856	21.3316400916573	17.8317201357581	19.4996644330101	15.1858654675985	19.4198542476508	15.1598862132933	15.0774166553823	16.9262947215272	14.8914531527316	19.1352153894332	21.4151476763528	21.1223937327188	22.1753342477628	16.5365612205198	22.1286913530828	22.8793102605826	24.2320075313623	20.0145841325769	21.3274209880145	24.8339988926471	23.8649918709393	23.7884262825434	18.3785212952512	20.2978310910304	22.2545210238279	19.7679039101266	16.8952462544942	14.1868572277302	11.3501295587319	8.3826926461609	7.80166379690897	3.82247210584983	8.29636703623942	8.92939656415819	11.8416852685756	15.323715117425	17.5676387997932	19.3016215121943	17.2254291673676	15.7475172011336	19.2741807867416	20.9180583706997	16.3011952015795	15.5160590679463	20.0593337127632	18.801236209356	13.9262948769585	17.7218498470109	19.9068947352419	16.843613270317	15.8064317921535	12.3799653068981	11.4170702897022	7.69967414894942	7.77481832585174	4.25340828042642	7.41566955844177	5.67241130384601	10.1797784357028	13.3393933145402	15.7559590314268	17.0248329213534	19.1304988173335	17.6813336883845	12.9178193980253	17.5077868961214	19.6027851592573	16.5603099004819	15.3637091875627	19.2011549652619	19.7357249930171	14.2240932575683	17.6523515147416	21.2156512980394	19.8999244722185	18.0868918280616	13.906247121348	13.4584943065709	13.4558537819047	10.9851791519301	9.18734330478621	10.6758815092713	8.53148744358216	11.2165496031534	7.81014942238623	12.690317096117	10.2229043329183	15.8034059620071	17.8210404017274	21.7972315902731	20.6505659728735	20.961784776111	17.9549301028993	15.4432037155507	12.2997689815703	9.27993987049485	3.88340327547887	7.83407722708935	6.44914823833349	9.64217475469098	11.430907969186	13.9197144008058
