1	2	3	4	5	6	7	8	9	10	11	12	13	14	15	16	17	18	19	20	21	22	23	24	25	26	27	28	29	30	31	32	33	34	35	36	37	38	39	40	41	42	43	44	45	46	47	48	49	50	51	52	53	54	55	56	57	58	59	60	61	62	63	64	65	66	67	68	69	70	71	72	73	74	75	76	77	78	79	80	81	82	83	84	85	86	87	88	89	90	91	92	93	94	95	96	97	98	99	100	101	102	103	104	105	106	107	108	109	110	111	112	113	114	115	116	117	118	119	120	121	122	123	124	125	126	127	128	129	130	131	132	133	134	135	136	137	138	139	140	141	142	143	144	145	146	147	148	149	150	151	152	153	154	155	156	157	158	159	160	161	162	163	164	165	166
1	0	1.33416228398198	3.1376006756756	6.57728355782233	9.47406892522954	12.2707550704918	15.8361519631506	18.0997170419872	22.0823116769961	25.6964161898114	28.7034917910696	30.3322327071385	29.5104584003705	27.0556764099514	23.300619948834	20.5788967148387	20.2797812118376	20.6851150830736	17.9478659455658	15.7424543512122	17.3945343714628	16.5416808698512	13.0142319404566	12.6036566916114	14.9914604358615	15.030961013854	19.5355392554186	22.8167281396786	23.0810623022425	27.4565008877679	26.6881943001021	24.0198326597002	26.2837912409911	28.0396722698394	26.8444316758616	22.9623092479829	21.0463819931123	17.4135489203092	14.127714110924	10.9282881093061	8.17196946886122	6.39085612418243	3.71514023961411	6.05448015935307	7.9566295628237	9.47263775302318	12.5667204154465	9.93968374748412	7.16568405666898	3.51753720662625	3.81382996474673	2.5053213366752	6.75632474056717	9.21694830190557	12.0319751495754	15.1977013393473	17.9695499108909	21.1292828557904	24.3721504385641	28.0134101637055	29.1313594258833	30.9772692469817	27.840152190676	25.1266216989073	23.41935152817	21.0804038149178	17.4560653642223	20.3055705903577	20.1727086431148	14.8912563942738	13.0368034042092	18.6925594555695	17.6000161647653	13.3020681850605	14.5539691149872	9.36465637383455	14.7828322049599	17.7780764707546	18.6901373189177	22.7934859334855	23.3310341391032	27.9497825394045	30.3321214226767	31.4667259974723	33.918479727134	34.9625295137523	36.864197346477	35.4690563449326	32.2437306464373	33.4000526496591	34.8219182986808	31.7828332594814	28.6556410153394	30.9996466592766	29.5743600607012	26.2541489673537	25.7753545271447	28.4681399989532	25.69306205963	22.3770977787558	25.4200425648739	26.0410894933373	22.5241326137101	17.2109523850367	24.4160876882436	23.8945256073436	25.9730469718129	21.8623823267273	20.2241288069474	17.3480705843618	20.2340638775309	20.4548119277592	24.3885552872654	22.7105844266501	27.0687266231716	25.3113208861173	28.2524806875432	28.6194550262579	29.4728833167032	33.0155263474626	36.5806506366412	37.5010589983803	33.5213895445878	38.0137095006525	35.232574544021	35.9406694845825	34.1118770225269	36.161261109093	35.2229265535957	31.7341744496371	32.3454427856537	34.0501276649589	31.4429568902163	29.0981874349589	31.0056705942639	31.8511908882541	27.8538189302652	26.0280448170814	24.7192502718023	23.2476511716775	26.4393429570404	22.2570541402046	25.744727868051	22.9209996509751	24.0270862985923	23.5408767253898	25.5244630305909	24.4154774272387	15.6394684692287	23.7105454175985	21.0841095140392	17.9266564924974	15.2579314456449	18.5632749535205	18.242371364491	14.9526862469591	12.1421618338746	17.223308334928	15.5197479683144	11.5919103257401	15.1129683715675	16.6153847081553	12.312906074522	10.7741393159732	16.2155534287301	17.4528218348782
2	1.33416228398198	0	1.32954841957711	3.7843260958855	7.83776741170596	10.2076944507563	14.1916824583979	16.5549366957412	20.347314982572	23.9726382569796	27.3852252501235	29.2344318227668	28.8136764228378	25.7853949746751	22.8623270469128	20.1163433555902	20.6200537826651	21.1259143707438	17.9976352335522	16.3386278799659	18.4675886081535	17.7456790797084	12.6739814186387	13.4711366261352	17.1194669893662	17.4901888211649	21.4030200672709	24.3638214777567	24.6002205071418	28.7393933652052	27.834894449234	24.7878614446668	26.6365826636977	27.7374834655201	26.6456200153046	23.3267814539426	20.8392661339117	17.065747859382	14.067859645305	11.0750393678759	9.41758721754144	7.30785905720684	7.65440905622374	7.16387674377498	9.35641913340782	8.58205948476239	10.7952607194083	9.76308516812181	4.00251171141322	4.51709685528216	3.32194069784516	2.94341808107513	5.8261179184771	7.72705778417633	10.9784344056883	14.0164713819135	17.082114564655	19.9731626439079	23.3479009977342	26.9311369793405	28.2516120955955	30.5176544970284	27.1708868828384	25.0596116889309	23.2847678536849	21.0852386517203	17.4132061378713	19.6882784163573	19.6558113035306	14.9564726122171	12.9339703494325	17.8492842713651	16.7666852418718	12.3293798708613	13.1158127464523	7.62094882544162	12.3048299460009	15.2627036595749	16.7287424811311	20.4193342937521	21.5872625406743	26.0967524033164	28.8845700331509	30.0099772242499	33.0849290312069	33.4077013576211	34.8234995082344	33.5064892819287	30.205748293992	30.5285938261165	32.5441998826212	29.7832992463897	26.3529504610015	28.6909068695989	27.8113618688478	24.3643923380001	22.4772057204627	26.3319482947996	24.1757782501412	20.1706326375749	23.1928248387298	24.4417927738536	21.2441475705663	15.5017144213148	22.4317098322888	20.851647992425	22.5296978452886	18.3771667293955	17.0975999192869	13.6324136160843	16.7021584533257	16.8027462933891	21.0998441937375	20.5577058301747	25.1087703203482	24.677719363831	27.5363423315443	28.0280424218317	29.4270816935693	32.7164623698835	36.2724107139297	36.9262272646421	32.0644890650077	36.6758686332035	32.8047502810188	33.0978573475686	30.8431164443543	32.5394757486964	31.6963097378859	28.1146388203726	28.3750035242289	30.1927998370472	27.7988859129282	25.305909349399	26.9691750893497	27.9164130396439	23.9263052099567	21.7026741439851	20.8714280776376	18.9860211998196	22.7313844277026	19.2269648410767	24.4535422587403	21.7590660874956	24.0797401564053	23.8384244865301	25.9636704839666	25.0778950272945	16.6386622659395	23.2667705967115	19.9425776167475	16.9543684341234	15.2555787173086	16.5618270429322	15.4926546789116	12.1194591050921	11.714598798081	13.5166017548791	11.517805389917	7.47466895588025	10.5903294566316	12.1546138153378	8.48681848515685	6.86953375419322	11.3206082875436	12.9434943504449
3	3.1376006756756	1.32954841957711	0	1.32536410091718	4.34347522152481	7.13010357568528	10.8331331571249	13.9260981613659	17.1707386562139	20.7984070543876	24.3272230433315	26.3822593611692	26.4861705046237	23.1530209907908	20.9732659593112	18.1671219790037	19.2633433494812	20.0679546790399	16.8592852458223	14.8487150622537	17.5188054387278	17.6303300309438	11.8266601371647	12.5108896965803	16.2292838104459	18.1207979404882	21.5142520437035	24.1996340054969	23.7862315216177	27.938095747563	26.4201850296322	22.8335597531353	23.7765287626264	24.6449373502957	22.7752716339454	19.9514112282816	16.7939684708529	13.3401308839156	9.6165396063241	8.82325818504706	6.29255448923567	7.65426684928087	8.93665961083894	8.62427278093637	11.0250076643964	8.50857520387521	12.5805255057172	12.2386937619993	7.11082983905535	6.59145241961132	4.94534417406918	3.20786190475837	5.36515619530317	5.07187440696238	8.6031797028773	10.973146221572	14.1166651160959	16.9160918063245	19.8498718635663	23.4154715305928	24.3136344876697	25.8502417009977	22.8377285648113	20.0407068238623	18.2078332044206	15.8973794381338	12.432440629257	15.3000163071809	15.3047124115417	9.82301241982316	7.99300250218902	13.9523123889913	13.216959521766	8.83190517385688	9.44326696646876	3.92185797805071	9.07452274227135	12.2165579440364	13.9720415831045	17.4576017826046	18.8585627501143	23.2854104322857	26.3076162546134	27.7849949073236	30.8604372943742	30.6359876778928	31.8213933227318	30.3319663886138	27.0708242024509	28.0496999270937	29.4543186816467	26.4949585581861	23.3409679533647	25.4953134124686	24.3550937998604	20.9529072207176	19.8799964285711	23.0682058253346	20.57318859584	16.835518227842	19.8894961977422	20.9579202451007	17.5690797994659	12.1010314023227	19.217836220553	18.3190938913474	20.1101457478557	16.0632392125623	14.4243470909431	11.4254660298825	14.3759520728194	15.1031134538545	18.9813850390323	18.1912375060082	22.8269614710325	22.9761204296983	25.7516154444726	26.7191445409467	28.1892826442959	31.3103636995804	34.8123297410558	35.0629290419383	30.3216008482402	34.168077396892	30.443633061775	31.1930688454984	29.2656381615026	30.9649766187543	29.7674204458499	26.3040867357147	26.8214526452241	28.3323008772673	25.6811645569277	23.536523511343	25.3231473162401	25.9626176261178	21.9343875683822	20.248113245436	18.8637094178213	17.8547688307634	21.363774689881	18.1528738220702	22.88527465424	20.0920648515776	23.1576928686776	22.6599360325664	25.0874431937573	24.7437476142964	17.0602898275498	22.2786541334974	18.6853263551911	15.8041600219689	14.3623523491105	15.6252770215443	13.8592105114252	10.6189407192996	11.4445016492637	12.7070981738554	10.024028631244	7.26489050158362	10.2862730374028	10.9821692756941	6.46891915237777	8.02034001772992	11.2377080848365	11.8856286750007
4	6.57728355782233	3.7843260958855	1.32536410091718	0	1.32523394161182	3.69035797721576	7.21280715117214	10.0568192287621	13.421763334227	17.0508592452111	20.5454909408366	22.4752191535478	22.5427630072269	19.3330909582508	17.2174519020673	14.3189539422403	15.5769328816683	16.6341760841949	13.5294222345228	11.2593064617675	14.0806703320545	14.8300087660122	9.06550919695083	9.83907343198536	14.8355499392506	16.4374418021783	19.0216149682407	21.2220424323391	20.6241746259093	24.5273037042395	23.1822182933385	19.7175910039741	21.0023741515096	21.4997693243439	20.6471730268335	17.4400386754158	15.1477192012527	11.3796847935257	8.90142567232913	6.9730152014749	7.31336270124763	7.13174789234729	9.29134032311808	6.63709620240659	8.45256759807338	5.18900655231808	7.91966476563245	9.13539999124286	2.7788224124618	6.59273076956734	3.80706566793902	2.9202838903093	3.49341408939736	2.8424725152585	5.22795887512517	7.55251309168015	10.754556150767	13.3268840319108	16.7443121387533	20.2286702232253	21.5858724632571	24.2037837537853	20.9690387237947	19.9770677778297	17.6325855733072	16.1644806288356	12.340763185476	13.6897128530879	14.1032402305286	10.4700355300257	7.24900227617567	11.7189040443209	11.5819785011025	7.39391675636127	7.209296636982	3.3460394498571	6.58922112240893	9.2062611303395	10.714225916976	14.20679868936	15.2452361083717	19.7916652659649	22.728272393651	24.5479548231619	27.2915222184472	27.0724229059757	28.3463329197976	26.7566881358661	23.5403878897524	24.8115220008769	26.1322064319108	23.1147666438578	19.9995687453505	22.437290790111	21.1130484298218	17.7476549718547	17.4828111583921	20.1946361690425	17.8263645480507	14.151268706374	17.4363815913738	18.8297805882065	15.0195061503366	10.7142275969852	17.6853330474719	16.7192831485085	18.006143618221	14.0677117542264	12.3236574928063	8.92730121593307	11.6910304935023	11.7689798198484	15.6367682722486	14.9152811572561	19.5456272859174	19.6174647954316	22.4086670955682	23.7119105303643	24.9852356602855	27.9775644579724	31.6111620001543	31.6133215591149	27.0254120967655	30.7226044143396	27.144548255589	27.8176439333025	25.8719273537941	27.6340098248517	26.4603599748756	22.9895017997346	23.6648102886966	25.3273166956154	22.7172130993218	20.358815608969	22.2751770812265	23.1371729906659	19.1767609360914	17.1782082301968	16.0255120667016	14.5888158532487	18.0506020121214	14.8580710053492	19.5864168749672	16.9939135575064	20.2152076912408	19.2848957995629	21.9277529400529	22.1563394765471	14.8930321291536	19.3980464480318	15.6624989385474	12.9468809371215	11.2533116014798	12.3937818683403	10.5499680568237	7.41695490076622	8.14811248081419	9.38544884382202	6.83209821357978	3.72739708107414	6.76270079184345	7.82002710992743	4.03441557105859	3.20688524896043	7.69256992168417	9.20849922625831
5	9.47406892522954	7.83776741170596	4.34347522152481	1.32523394161182	0	1.33687845371223	4.36306417555369	7.77895037906786	10.7431918441402	14.2602116744458	17.8889695063746	20.1358796678963	20.6735956717742	17.3592063758687	16.2595657383585	13.4202933649008	15.1632487943712	16.4763343617444	13.7670628675836	11.2044327835014	14.449585011342	15.9155221717668	10.3036791972576	11.163280790162	16.4261655903013	18.3379885756317	19.8580734463341	21.9724604448387	20.6055583035258	24.5635629540993	22.9529979523373	19.2607852643655	19.7502571628827	19.6219594587289	18.1601993931785	15.6477571875333	11.8931201541059	9.75648399783447	7.09003758805269	7.95086045657952	6.8998265195583	9.38360026855365	11.5320945625676	10.3005919247391	13.786951113281	9.74883998227482	14.1006648424817	16.2126924969297	10.7456872744371	12.0064954920243	9.07578239051598	5.64576416439794	5.74566044941746	3.32565346962067	5.60745655355438	6.1404196924966	9.30892507220893	10.6035698705672	14.1599313910767	17.4854920720007	18.3755732971791	19.7891518009237	15.8247680235762	13.4823761258912	12.5072502973275	9.75752074043402	7.86749470924512	8.39174916212347	8.35685018413038	3.69512882048786	3.64595515605993	6.57849177243538	6.69246412018772	2.66767483025949	3.78214780250587	2.77118259954121	3.21826133183743	5.78734766538178	7.94051994519251	11.3164572636493	13.2865131618495	17.4605173462873	20.7279863469658	23.0149160545938	25.728912044624	24.6677861592807	25.4728356097235	23.742177153749	20.6062160039149	21.5669873881356	22.6206922970982	19.5335819551868	16.9099438792682	18.6102547268972	17.257076026952	13.8861724748038	14.2039825753202	16.2981406608239	13.9292190735877	10.2352083027167	13.5337107254441	14.9632927860147	11.0143552239793	7.65731088568304	14.1879183110138	13.9943662235916	15.4467168356256	12.2420826251092	8.77714258742559	7.43516792009434	9.44899068684058	10.6657002583047	13.7567918135007	13.5268906626763	18.0056363675378	18.6607811733593	21.4544916742392	23.3145675705126	24.556211983936	26.9369215204707	30.815687968955	30.2236863072657	25.8337037220759	28.600923866197	24.8738171377053	26.1192248927873	24.5976989574228	26.0801227757846	24.346068943466	21.1803939056855	22.1731675905812	23.1988188492432	20.225690791664	18.6521942408929	20.6737667830514	21.0043809001837	17.2313291710187	16.5448433356137	14.1186646677368	14.3013036468708	17.2730081340802	15.3484016431679	19.2393123837626	16.6821491720941	20.286227569462	19.0976601184543	21.9685628341956	22.7666149657783	16.8758486008852	19.7131917507034	16.3646105361539	13.7279805142636	13.4003839497232	13.8005123455617	11.0060343902788	8.58622693620429	11.1746062570455	10.9547396591612	6.06307760135065	7.13858424339168	10.2718456958815	9.55734361629841	4.27880415536865	9.45257324753424	12.1280225098736	10.7820518455441
6	12.2707550704918	10.2076944507563	7.13010357568528	3.69035797721576	1.33687845371223	0	1.32115441943779	4.36388874743616	7.52120794819556	11.1271410074646	14.6955593973146	16.6589013443264	17.0280377612924	13.9847447599161	12.9529872230308	9.94983698358923	11.5100451780173	13.0154747128178	9.72445216965974	7.82213909362394	11.2376081529834	11.5909120434934	5.65983047449303	8.72048932113331	12.9148129680611	13.9337447586785	15.9893556155337	18.0200221143039	17.2185784837193	21.2205599596241	19.3711937938786	15.5847643870544	16.1303002451907	15.9899650093426	15.4149927667839	12.4210243136385	9.91769837210227	7.25006317213857	6.46721060427137	6.92290610943121	8.97914149571104	7.92056248002628	10.0924550531573	7.61320970419179	11.4387172794855	6.86833291272344	11.7500362978163	14.5624408324978	10.8179113048684	12.3662597821653	8.50168677381142	6.72983491625166	4.00846566656121	2.94341060676216	3.24153327917515	2.91264587617513	5.6272869128915	7.55557317481606	10.9634287063856	14.3285185905592	15.7573116361897	18.6927611657561	16.0970866929392	16.5814829252392	13.2336134898976	12.942018582895	9.24728403370417	9.38731745494952	11.108675798672	9.07522082375961	4.64895827040854	8.10313155514582	9.8382283974301	7.07471935839154	5.5265577894382	5.11417432241022	3.25662079462746	5.40579198637905	5.92359367276318	9.13314858085644	10.1993404688735	14.6230861311831	17.6585363493128	19.8039607402156	22.5396857786439	21.7242532207669	22.7957196420732	20.9748145641386	17.8750344335333	19.3302897288168	20.4940125402518	17.3535737529767	14.5278950299071	17.2992534810032	15.7046223450295	12.5008490111672	13.5257455617056	15.4087888232658	12.6030005950964	9.26350144383861	13.5871339877106	15.5037840864739	11.3622341993113	9.68758587058716	15.5190991362257	15.6115913987012	16.3929764228465	13.4180437843972	9.76909606872611	7.55237697681995	8.93221321957778	8.80329534890202	11.9633870621994	10.3674539304498	14.9614693462908	14.9694996910384	17.6967027719855	19.0014916782867	20.3863905829355	23.3892552681782	26.8514661983289	26.9786610119924	22.5402358017834	25.7223259057186	22.4573595954645	23.7377731263908	22.1287564494709	24.2364793235321	22.6793054126444	19.4947305957277	20.6012945467026	22.1598588443158	18.8643447275542	17.1772953051404	19.4134434091431	20.5219611392284	16.6848821991646	15.6124540351605	13.3514334061928	12.5333073847249	14.814578833028	11.6288660238219	15.4065661651129	12.2824510176104	15.700824755407	15.1316319675044	17.6839294558647	17.9054118355317	12.0064357742004	14.9005410304458	11.5161152304065	8.68074668447363	8.33975814997054	9.38842356309088	6.92907504649791	3.82311430642611	6.41845534377237	7.99854493017324	3.84552649191239	4.49400878948851	7.64523707938478	8.42502658749514	3.38448770126293	8.4985717035276	11.233837367525	11.1810463732157
7	15.8361519631506	14.1916824583979	10.8331331571249	7.21280715117214	4.36306417555369	1.32115441943779	0	1.33711742191925	3.88938375581531	7.65729795685136	11.202905025037	13.4438712430609	14.1741689703488	10.7280030294552	10.8791166001657	7.4342920308527	9.87060464206727	11.971911543275	9.39196465070009	7.36416974274765	11.5959131162664	13.5965744215225	9.8632202652075	10.7254527643359	15.6138044691228	17.2973228853485	17.1566622919494	17.7884874567795	16.479879884271	20.2560732867948	18.5051234256894	14.8797848438746	15.1150763808854	13.8687638598399	13.5079359637215	11.3989196417906	7.83987869804119	8.07036938435906	8.17345373755795	9.06097511308799	11.0721346631984	11.8023612468014	14.3229374780455	13.0974952185523	17.0024075942203	12.4616096071094	16.6890990170231	20.0443191453339	15.8549713970098	17.2776420266193	13.6108190422178	10.6753791501754	8.55554492712183	5.36329478958597	5.25983469321993	3.55994269616801	5.78605789808571	4.00685787120033	8.28199607582616	11.0216866676566	12.2295809413078	14.9959379166493	11.9757898278151	13.5050259163024	11.0500665608855	10.8429811398895	7.9440947250143	6.61492448936494	8.09042761539834	7.15752156825252	3.70315770660662	4.10908493462961	6.69899462606144	6.49774583990479	4.42053503549061	5.7234545512304	2.88037532276611	3.22424130610598	2.74926462895081	5.41764007663854	6.81897506961274	10.9266885651601	14.122151004716	16.7522292844863	19.2976144639694	17.9965941500052	18.9375076765661	17.1773425476702	14.0286647618367	15.4280889937801	16.6598477183917	13.6423430905398	10.6241790741685	13.8014096743775	11.6347430139217	8.6259354275348	10.3374162148963	12.034955795515	8.00820067181137	6.13966587038741	10.7519601933787	12.4190400192607	8.18611244730977	7.70698261318916	12.8983697031834	13.6221424159344	14.9223277339697	13.3681959141838	8.61612476697036	7.16550047100689	7.68696520090992	7.25735172084143	9.49500847814261	8.53300216805317	12.4343167886298	12.8242136990928	15.8396932419792	17.9659668818575	19.5427282639861	20.995454031766	25.1699259037447	23.8580388339025	20.291068010334	22.0747146980431	18.8577001248827	20.6773898739662	19.775713918845	21.4557163711678	19.376654871262	16.6059168069697	18.3348480495476	19.1563209933432	15.1248673713193	14.8263268883429	17.3540422956728	18.1290691432296	13.3752866511339	15.3813598878643	10.7722604405946	11.9003130631089	13.7979887664833	12.6810548851426	14.8603313556596	12.3858841428458	15.9135587786013	14.7763362509115	17.818976569938	19.523879148366	16.4572302955266	16.0607520994504	13.4153941798219	11.6162273565904	12.6475136291684	12.2756364397126	9.14858765056115	6.70035775164282	11.07994575799	11.0987589396292	4.9779627358991	9.45711208562106	12.0722394359953	11.3610292227421	7.18608419099025	12.5828083510797	15.0717021268336	13.6140460187264
8	18.0997170419872	16.5549366957412	13.9260981613659	10.0568192287621	7.77895037906786	4.36388874743616	1.33711742191925	0	1.33354152541269	4.57522993957681	8.00582519169636	9.62470835921795	10.1887089466723	6.82962275678532	6.09441490218708	3.64344905275208	5.59751257256292	7.56376050652055	5.41123959920461	4.18271502734767	8.24482783325401	10.113010679318	7.73234996621338	8.65413768090155	12.5231988325667	14.0219072169231	13.470683056178	13.1429885870756	12.3369034202267	15.8486866963796	14.3698530959784	11.309806452809	11.6498660507321	10.3099463626151	11.1337636493685	8.68698739494884	7.04520127462658	7.76653713053636	8.95255455163497	8.26888952641163	11.0440254889239	10.8879289582546	14.0536512693321	12.8120585777618	16.8430978742035	12.9912015610566	17.4970754699178	20.6038747326807	17.945350762802	18.5884004691098	14.9196359540037	12.5263538988806	9.20863133152804	7.71967622378037	3.74150023386341	2.94906985336055	4.28654522896936	2.67585369555213	5.8309013025432	8.35722298374287	10.3097928689184	13.6872928294824	13.4474052887537	14.6866914585961	12.2279045220348	13.9402017919397	10.8656790399864	8.52463635588052	11.582027024662	11.3150914269395	7.58238471722452	7.03925493216434	10.9661049146905	11.0892571888292	8.84719085359867	9.44079647063742	5.71552639745457	5.42320735358699	3.51516898598062	5.7365565455245	3.96898185936898	8.4595180122747	10.8078954010483	13.4222919801351	15.2672913773203	15.1109198594923	16.7020469404202	14.6502702364154	11.7592602658501	13.6850202045887	14.7842783050104	11.8858262649258	9.25735296939681	12.8242850093095	11.4160450244382	7.20193446235107	10.0121955134726	12.4379475396868	9.09396640635977	7.18175305896826	12.7000955114519	14.7082565588176	11.1941394041704	11.4898902083527	16.1173432984472	15.7873758110713	16.8759463438351	15.4507748996612	10.8071400934752	9.38883342061196	9.86576276828102	8.19726228688579	9.8815046425127	7.42105908883631	10.3761016764486	8.93363403100888	11.8653099833085	14.2838158767187	15.3003191469982	16.6550756828061	21.1451976108052	20.1250510806805	17.8376096212469	18.9926397586012	16.9121294342256	19.1605550545907	18.8149282486009	20.8209720714476	19.0211661314442	15.7218129361725	18.0190922357371	19.6393775105017	14.7418144744804	15.6851831356857	18.4163921819666	19.3078016356083	13.7921025953261	17.2342194775394	12.1377293593159	12.9890480790549	13.3205363255388	11.2186992561527	12.8355556560673	9.32754142311896	12.1133029352031	10.2869140659383	13.472017888943	15.511319511892	13.369941248936	13.2291590057721	11.6885911469261	9.4305366231196	11.2402186366636	11.5410593534563	8.58246077765579	4.21367298209057	10.3983019767652	11.9062566745388	6.50190625893668	10.8878045996427	13.6805583584882	13.5294631452989	10.369650042311	15.6100574630589	17.8718659630157	16.3041922523012
9	22.0823116769961	20.347314982572	17.1707386562139	13.421763334227	10.7431918441402	7.52120794819556	3.88938375581531	1.33354152541269	0	1.32629182309173	4.81611555093937	7.58986238346915	9.07734735481682	5.29438098364672	8.03992506183982	3.29633569285654	8.28170350833691	10.6838578706383	7.68835502562154	7.84531841291352	11.9790421152945	13.9187061539498	12.4685464269096	13.1490424366187	16.8845607878914	18.2966277220694	17.08773068608	15.6023247626756	15.3777887877289	18.0103132676808	16.546012994072	13.6659869749682	13.221878270503	11.1853865378001	12.5459928662502	10.7010977941518	7.70417808724591	9.958674861647	11.6842490130945	11.4241404490666	15.081626470643	15.6243804677178	18.7464259526983	17.5400356042968	21.3949935265239	17.0275282410572	20.7404147981664	24.5472641652792	21.4519343183779	22.8157577564279	19.0210925816579	16.5408924789444	13.6203191225463	11.0664980459041	8.0946702218188	5.63324160674828	6.50181920696046	3.51746798137524	7.13260541457328	8.57824422594741	10.2989686862326	13.1498887447765	11.095003470031	13.6379965170842	11.9277113060302	13.166500636084	10.7993422947881	7.39201420453181	10.2093667286468	11.2802589952536	8.45690664486726	4.35434507130521	9.98141182398562	11.8939400536576	10.0657886427244	11.1197084044502	7.78868884986427	4.65660928144074	2.90502771071121	3.54876499644595	2.85748210843043	5.64385435673176	8.59384023588989	11.7396494411034	13.940278727486	11.980223954501	12.9075386499518	11.0286585766357	7.9594364122091	9.86112630483963	11.093012259977	8.46286464502417	5.44272560395984	9.04535184500857	7.50834588974163	3.94586733177891	5.79326445106729	8.2525679033862	5.72042620789745	3.72588043286416	9.10471108822241	11.1347652422492	8.60020778818745	10.2282932105019	13.8559424796728	12.7661644200598	13.8143500028051	13.6064162070694	9.45068283247301	9.07719119551858	6.91964645050598	7.12002984544307	7.90929763000483	7.10294488223019	9.26104383965437	9.21518127873782	11.8424527020377	14.6127235312244	16.4279538287639	16.4083909326905	20.9395252333953	18.5932696963175	16.3042918889475	16.3641632233365	13.8129306448704	16.5362233596429	16.5719298212369	18.2316831367814	15.7337250833997	13.071109249027	15.4868469999545	16.452914058002	11.1949048231774	13.2506962081243	15.8282484501602	15.7874892874073	10.2156015975566	15.0290645417471	9.7096812512049	11.7290840222074	11.5853238625426	11.0086292516371	13.1331862470613	10.5195068325469	14.0499987900355	13.0256394084897	15.9257818960326	18.0464988848253	16.9948898790195	15.2308987587732	13.9147197600239	13.0731161549188	14.8550562772411	14.3259984992321	10.8270595269445	8.69177018794215	13.8528534966627	14.0604430228923	8.55671554978895	13.5466081732661	16.1606745218137	14.041893533281	12.6606479297072	17.4379219805572	18.5365995263425	15.9246991180367
10	25.6964161898114	23.9726382569796	20.7984070543876	17.0508592452111	14.2602116744458	11.1271410074646	7.65729795685136	4.57522993957681	1.32629182309173	0	1.32957662434325	3.73268978084169	5.86934655647458	4.16886075565016	7.32335128202928	2.80422342191203	8.41772017829055	10.7949509030843	9.12862054200962	10.0896842864383	13.7680630445971	15.5837164052738	15.4270127374032	15.9339164363317	19.0625327540702	20.2728434611428	18.1886025301561	15.322303057961	14.7794065510087	16.1645804461483	14.7326519676533	12.4660090646526	11.2948719780261	8.41611121599519	10.6278850200781	10.1805244462159	8.87927930634013	12.2356696996936	14.29509964988	13.5273200967523	18.1354631868061	18.7666716015387	22.008684558601	20.6921628400706	24.5693026559567	20.3424243392964	23.7558717794149	27.7357989248552	24.9321340041321	26.3432561009455	22.5310617814607	20.1440215945079	17.093855211742	14.5849622899752	11.3115776972092	8.66708861152348	7.87571990360246	4.52123180117985	6.29229536814667	6.11418923488634	8.42957015511467	11.621206176641	12.9716732536709	15.0286114461716	14.3962437461999	16.8708786967366	14.5520150151104	10.2103278106043	13.9313622449493	15.5497390331799	12.6711098961377	8.4561363517862	14.3817177346797	16.294210781747	14.2379358756809	14.7907737120138	11.1578570523197	8.47450771431592	5.25628233640469	5.45449172700812	3.35888046825129	5.62075706644577	7.73849378109203	11.1916665872425	12.3284893235141	9.45589641440725	10.8589999539552	8.37552613272742	6.21858713857095	8.23298840033192	9.41419879756105	6.15088489568777	5.25468609909289	8.73173842943088	7.1673047235345	3.45532762556606	7.88829880265701	10.5197658719194	8.13976283438283	7.428282708675	12.395409835903	12.6958936668515	12.5102934018351	14.0956197806269	17.3780822014398	16.3039158793218	17.2069157317632	17.3219883673902	13.2831954363399	12.6282166991226	10.2970355928296	9.2062175729232	8.81351581379417	8.01532469710367	10.2559600720752	9.68696247540993	10.6468910955264	14.927123266055	16.6048424563439	15.3618263562638	20.330919433218	17.2437956378519	16.3756250567726	14.7463468696488	12.8096592850864	16.4768016617303	17.0649990917082	18.5336278423842	15.8650572327994	13.4815346678336	16.1543578021536	16.9606581535034	11.1780121667495	14.5035211586704	17.057153484682	16.8762012905748	11.2758440038872	17.6560342659387	12.1068464514918	13.6537632175163	12.5290442173376	12.5420147504299	14.3457454668623	11.7590051449942	15.0700796281904	13.7429617622985	16.531493973625	18.8462921021616	18.6111265107731	16.6599424068632	15.9118719828938	15.0310493645653	17.3073920045742	16.4991201280553	12.9542734647683	11.4210070046384	16.6964407584371	16.7382143014122	11.7939259366845	16.6870388925058	19.1928605736612	17.0937772595761	16.0489631440788	20.6533170701464	21.522533052594	19.670081164042
11	28.7034917910696	27.3852252501235	24.3272230433315	20.5454909408366	17.8889695063746	14.6955593973146	11.202905025037	8.00582519169636	4.81611555093937	1.32957662434325	0	1.32234866809023	3.35544497794257	3.24972875791196	5.3735157950824	2.84670915268842	7.86023441126281	9.76426479567202	9.60366523781415	11.2502798631856	13.7544091112632	15.2968999800613	16.5436485093222	17.3237960332024	19.0984863012753	20.1248664591843	17.0914447604642	13.4107093399268	13.3337288108016	13.8992017396684	12.9614776163831	11.1049598828632	10.5863392634092	7.91522343335929	10.1432851680311	10.5802766504473	10.6652944169395	13.632054503999	16.2144002047563	14.4178420368653	20.1254668765721	20.7021116072733	24.118882685564	22.8069109043728	26.9958670355297	23.2811282587421	26.4844410362009	30.4998825735444	28.1771133546359	29.4177435232548	25.6957426434808	23.3638803284044	19.8564994397301	18.0466731006022	13.87461703976	11.7584524066733	8.50292596698336	7.0588297897031	7.57986028894992	6.82924161236078	9.02872560220987	12.140504684732	13.9284212314246	16.4084871027161	16.2541012978263	19.2969768357637	17.551380458528	12.4048960092376	16.6780611882797	18.7423674865264	16.073527086486	11.4267217958608	17.6741374895637	19.7825420004609	17.8730132042697	18.3212364757404	14.7204990064875	11.9738682554971	8.35211595944405	7.25655910194356	3.98995162877948	5.85394311554187	6.80468904506297	10.0888039925454	10.3245092861598	6.10847395017774	8.08648359919193	5.46354326421966	3.93464483784751	6.13767146400001	7.7209619866957	3.41849762322574	5.98804425501349	8.95964965832928	6.42508295666289	3.50331671420099	9.3659330021093	11.8716597407439	10.2082018984736	10.4257896103844	14.741239160939	13.6981088110732	15.4268215131958	17.2577459710126	20.0639073462773	18.7105178442501	19.3669410594446	20.0438965772626	16.3852317041902	15.7775321264132	12.777208576211	11.3644579721164	9.88156672800422	8.86138363913898	10.853445029114	9.10891535804346	8.36628477880116	14.1226437326727	15.0240755456035	13.3759851225994	18.6172989447986	14.9477496968607	15.4434514924611	12.1180856986572	10.8702654061435	15.4152881257536	17.299650950236	18.6356028611902	15.051460593577	13.8138566302101	16.6815810401772	17.533348653352	11.5651409848735	15.3966459659239	18.1352629151055	17.6387862961146	11.960082357576	19.0978519210931	13.8443648463915	15.2650673762024	13.2384994995657	13.6336865153927	15.0917960163792	12.1720445694222	14.4813414779156	12.4844311444295	15.0741749359625	17.6527506355242	18.1727241766335	16.9160521990209	17.1809032649625	15.5309748567178	18.5745877477806	18.4166889532294	14.7784510013736	13.4592637614396	19.2315811882435	19.2851620682845	14.9966444913521	19.7079723462359	22.1358999365284	19.7858604816672	19.4877285233554	23.8959481711858	24.1755894654091	22.7280656018061
12	30.3322327071385	29.2344318227668	26.3822593611692	22.4752191535478	20.1358796678963	16.6589013443264	13.4438712430609	9.62470835921795	7.58986238346915	3.73268978084169	1.32234866809023	0	1.31966169907291	3.28844826628001	5.68178352280338	4.25076146119728	8.68818744042738	10.124637030531	11.2413540999294	12.7653073993539	13.8597282080133	15.9911560870376	17.6373505379918	18.6224261308778	19.5095439977463	20.7107552252447	17.1947607136593	12.8322886890843	12.6155592028257	12.1980785782024	11.4144994195979	9.56457019421155	9.48472566814665	6.39355769505523	8.55928641885526	10.2103759969944	10.7381246500495	13.8787399283941	16.8765555727465	14.867679442334	21.2733082288581	22.2392302249876	25.6847015555953	24.5080786884652	28.8399002078717	25.5049733385471	29.1762005922636	32.7401475561733	30.6106691367569	31.3940320602499	27.748081447192	25.1835689686748	21.887333643	19.621694422246	15.5733975740684	13.1805021148665	9.53969821325602	7.61444994730414	7.26804382210234	6.31004001572098	7.58235616414845	11.3883165568929	13.4350268328723	16.0624583734869	16.0942044537778	19.2630774540311	18.0761255251229	12.5757505541419	17.4585118781642	19.7900874429599	17.425960088328	13.5302213211758	19.5666454457579	21.7597393826305	20.1111714974538	21.0982866128982	17.3620449544401	14.6898001347874	11.289527935215	10.6262789347918	7.1348621570427	8.12446459774427	7.17658567844069	10.2596466800763	8.90768780324052	6.34485728759914	9.88982921996128	7.81550548589149	5.72056255974882	8.84017991898355	10.6390151329905	5.75081289906045	9.49117916804862	12.0295773824353	7.97574059257195	4.73266647884678	12.5934986798745	14.8959952000529	12.0009095488634	13.4552749878997	17.6970003672939	15.6469399244709	17.6284775009074	20.012981936733	22.7635549508419	21.8862258509776	22.8338878862098	23.4163759792159	19.5456344998058	18.9928500757522	16.2501893219741	14.7410798451131	13.3157778969161	11.6091802036147	12.4370079199139	9.69977004882075	6.86314060762272	14.161266327557	14.6268351327278	11.9224614069411	17.257525488899	14.0886522776311	15.2045941741304	12.3830573365385	12.3670260774367	16.8159539128769	18.7166562451737	20.7150257059942	17.3470817718716	16.4099693479299	19.5634161894082	20.7693516750042	14.8063248647326	18.8081609148795	21.6056590966348	21.0188183778251	15.3114764147681	22.7067065423412	17.4465986943014	18.6623934692204	15.6172920187848	16.0107220636672	16.6321418344121	13.5356798499373	15.047454302971	12.8133418357585	15.0909491417869	17.7650896141843	18.6876252102829	18.0060470398141	18.8714697095907	16.6878457567177	20.1567944376084	20.7399881629667	17.0522984081326	15.3991854654719	21.6962192328525	22.2590489913653	17.7550895801739	22.5082915833255	25.0555432190164	23.101798220052	22.2058334903241	26.8936200054957	27.5060235948419	26.0062294844908
13	29.5104584003705	28.8136764228378	26.4861705046237	22.5427630072269	20.6735956717742	17.0280377612924	14.1741689703488	10.1887089466723	9.07734735481682	5.86934655647458	3.35544497794257	1.31966169907291	0	1.33537036061162	3.1052442738052	4.5598528485029	7.47843118575013	7.67972011208742	9.13391175783957	11.3770285224218	12.3557458698372	13.3281711423586	15.3321314239084	17.1442362617878	17.7773642872052	17.9479622241635	14.2792279203044	9.06918370086305	9.55308253915981	9.32285508843723	9.31373797140547	8.29638819004993	8.83700650673065	6.55504431716522	8.60684942356958	10.2093336217405	11.8629113627305	14.0292613134121	16.9131869557455	14.3401262546743	20.6974115772963	20.9331789033582	24.3551060765499	22.8076021317455	26.9341192727737	24.1093021052041	27.7589001223031	30.9594467327825	29.4401092559114	30.1702372877642	26.6674823146093	24.4987444984432	20.5575810347424	19.6360956658904	15.1433696712456	13.4389694545378	9.1131081964388	8.07735730297973	8.49576776989578	8.11971003176838	8.91574023847711	13.343197442892	15.8208809489232	18.2900188354195	17.5776181833603	20.847592115158	18.5912532121963	14.2665385079913	19.263260393817	21.4641021475393	18.5861163506527	15.64725065307	21.4836603492049	23.3958605740417	21.3829375671352	22.2479789194434	18.2912809010195	15.9024347192498	12.0512009360063	11.0779911987688	7.42306176722247	7.10422472899049	5.02552962383071	8.27458579023748	6.59519188500228	6.89121215752352	10.3947381881412	9.83810972697499	6.63236473665313	9.76730520665756	12.3661870032763	8.70347614462176	10.8139643517075	14.756164948929	11.4211804118489	8.04162794463907	15.3070829683516	17.8124382665597	14.8338688817179	15.6236652869933	20.3660420798937	18.963685005821	20.2062362650742	22.1582919468085	25.3556740395518	24.3938795192565	25.0784255486663	25.4014755476921	21.41035366359	20.2221180146888	18.1976169044191	14.9258471786361	13.5998675728847	10.3123538050243	10.0654177260559	6.1732254940185	2.97773890729191	10.6264918952588	10.5379696336628	8.49653070376374	13.9718066834608	11.5492644354522	13.1531149922746	11.7644330505129	12.1090294408759	15.887887335955	17.2790067712239	19.5219455485359	17.2069683849306	15.6517048911612	18.8170471913103	20.9100235772225	15.9517130428052	19.1400922934034	21.9398536002408	22.4125556106393	17.4925866869368	23.7603323629953	18.2939219141222	18.2462976792554	13.9270933076504	13.9330944517002	13.8450361863016	10.5878596042826	11.1925030712526	9.27730828419537	11.0784290402566	13.6967873970504	14.89221011133	14.5588816191354	16.1043580747573	13.5794906384592	17.5256847512444	18.6251406706097	15.1152621214453	13.9051455583895	20.0505284219643	20.978455448388	17.7693699663213	21.9602516151341	24.161519343783	23.077320598371	22.6322100997671	27.1459166358405	27.4036625471852	27.5427719919401
14	27.0556764099514	25.7853949746751	23.1530209907908	19.3330909582508	17.3592063758687	13.9847447599161	10.7280030294552	6.82962275678532	5.29438098364672	4.16886075565016	3.24972875791196	3.28844826628001	1.33537036061162	0	1.33226311215165	3.55334054095579	6.36760315974543	6.39572200771735	5.71581533991433	9.21682130671958	11.079231877707	11.0662592143868	12.7842954049099	14.879606916851	16.0993791805771	16.0826133759411	12.8086611712544	8.35233296750076	9.75120777134812	10.6685940966933	10.4980901120156	9.73824147369534	10.6116808753373	8.92768267805257	10.8884870390702	11.6026406477146	12.2174672498026	14.0066838330848	16.2438604093978	14.0271083976706	19.0929095215999	18.7013303804836	22.136292575768	19.9646384890886	23.6494019374698	20.9740435062007	24.263249267153	27.5279141781574	26.4017700921737	27.3215938224694	23.6092254426104	21.6658400483342	17.6758966109219	17.0287225005283	12.4944396032795	11.2254329983302	8.14830737024567	8.04128528283881	9.64856414188142	9.91190138167244	11.3732336210947	15.5612995922577	17.3622162755796	19.38758326868	18.1688503488801	21.0834978359854	18.1209378896347	14.4992662917818	18.4568015376446	19.9850856640646	16.7220274787479	13.5464817941781	19.2217191218684	20.5383660012183	18.3169910465666	18.3434736623138	14.4417492361556	11.6669552583354	7.82343460380414	6.78358415588691	3.6568587612868	3.79263865929777	3.62046820176618	6.5581052904021	6.90180418441439	6.05650113514396	8.51899107876044	7.01496286519038	3.4264566245613	6.15339418532569	8.73685607069271	6.88410960110311	6.80709938226261	11.0128373274102	9.95578103415297	7.2487025045866	12.0284999480401	14.7829234930037	13.2468771414247	12.1305565000127	17.1565386369162	17.3708220012756	17.6331355691493	18.8545876115072	22.3302403927947	20.7236430195079	20.8694640563671	21.1461460791322	17.4094574872395	15.9242556497941	13.9091502616084	10.6814177429778	9.77155018408031	6.76623831977562	6.76301035042828	2.90077610304553	3.38454516885209	8.04576876376646	8.70056371736912	8.2728136084406	13.2647397637496	11.7165620384138	12.3323627500978	10.6748578444867	9.51514587381612	13.6251424579709	14.7357581413377	16.8606111692311	14.4414524546529	12.2802879852225	15.4065462060775	17.2020430472662	11.8727837510838	15.3266577243703	18.0971859414661	18.331961106221	13.4177764923999	19.6421530642646	14.1048719951654	14.3318023290862	11.0374140540255	10.3476622480636	10.3067555515788	6.90404562557346	8.22136059299189	6.95974669079271	9.04219204617995	11.4821838515154	12.1926916224433	11.1584358670918	12.4793231386963	10.2804097680978	14.0666503119968	14.9317624545798	11.4595382105912	11.0255815719625	16.6159026537832	17.3212328083194	13.8132930179592	18.1514700782058	20.4882325738459	18.9341540344426	18.6993191587287	23.0951609866656	23.3023388525701	23.2192362062149
