1	2	3	4	5	6	7	8	9	10	11	12	13	14	15	16	17	18	19	20	21	22	23	24	25	26	27	28	29	30	31	32	33	34	35	36	37	38	39	40	41	42	43	44	45	46	47	48	49	50	51	52	53	54	55	56	57	58	59	60	61	62	63	64	65	66	67	68	69	70	71	72	73	74	75	76	77	78	79	80	81	82	83	84	85	86	87	88	89	90	91	92	93	94	95	96	97	98	99	100	101	102	103	104	105	106	107	108	109	110	111	112	113	114	115	116	117	118	119	120	121	122	123	124	125	126	127	128	129	130	131	132	133	134	135	136	137	138	139	140	141	142	143	144	145	146	147	148	149	150	151	152	153	154	155	156	157	158	159	160	161	162	163	164	165	166	167
1	0	1.33826230612687	3.54422995867932	6.26643383432715	9.87399058132019	12.6978519443251	16.3885285184485	18.8161897311863	22.6773099374683	26.3225455835867	29.5186214786531	31.2568582074399	30.5779698148847	27.8352063940615	24.0993804069731	21.6737153713894	21.3740907876803	21.8474539935435	19.1543472350274	16.8272793404044	18.2200885288738	18.0365788330271	12.3789274575789	13.5203139016814	15.9075835059886	17.9660883054715	20.6250598302162	23.9189910740399	23.8838400597559	28.3671840336682	29.3380824867611	30.4892724249038	27.3833626313497	28.5971163056697	24.1988943755701	25.7715531933952	22.3979655549338	18.915995506449	15.6426088936597	12.1952273041547	7.29430414775803	6.98576932055447	3.22031085456047	6.02076780817862	7.95042162403982	9.31869309506435	12.5348962899579	10.2431128569395	7.03523332946392	3.6687159879173	4.14326260331155	3.5518307955194	6.86962065910484	9.89352131447646	12.8743919856434	15.5324726299453	19.078836573544	21.9382630123718	25.7088995097029	29.0142109491194	30.1129104538236	31.5907041706892	28.4932069974582	23.7408620104663	29.1207087310731	28.452614466864	24.1017812827185	23.1353523638608	22.3554026132387	19.6930593357152	18.4359734486682	18.8275814166345	17.3699834196812	14.0930647837864	15.0887728460601	9.49571724515847	15.0445687874395	17.9270982872299	19.9977838022117	23.3595983484306	23.7840580431515	28.376982397711	31.1012279661109	32.4886776123621	34.9857921591037	35.673784239971	37.1716251326196	35.9115289008975	32.5630387556198	33.6428368304458	35.2348857809983	32.1587228291175	29.0385777544287	31.0470322736329	29.9416755877155	26.6236511019807	25.7385819733722	28.404990864283	26.0640077693359	22.1939368972699	25.0272393004103	26.488157448188	22.8154006977743	17.4407148362675	24.2511437462236	22.1328393343466	24.4316461172799	20.1526538699001	19.7520592597329	16.2832731967501	19.7285004245128	20.6430213631629	24.6217551364642	23.0349531147776	27.7098487184611	26.1312469277683	29.0587851604295	29.3264416695923	30.5751109237563	33.9890341139609	36.3283326069337	39.1149613447336	38.0713417940582	34.5567398057166	38.7952162514916	35.739215058532	35.5128260914279	31.5669495200281	36.1689224196685	35.5278231531289	32.1718412901717	32.6062418257609	34.5370185742777	31.9017631801128	29.2962005727705	31.4349531254621	32.3382380627022	27.9245527985678	27.5813523236262	26.4903176462646	24.9602901826081	22.8204267488581	25.66283335877	22.0544958001764	26.6373014586688	24.5497997344174	24.8227386684064	24.5238418482912	26.5175397991593	26.3036078894132	22.8875940194683	23.9440533327171	20.9814592676487	18.0845676752307	15.836880690338	17.9029518515802	17.2567708161174	13.737207103338	12.3234611209676	16.1277433015286	13.956493721562	10.3052765125444	13.4579700177999	14.9866732132251	10.7107546886296	9.54841876961835	14.4367224465943
2	1.33826230612687	0	1.33100300525581	3.12133881531627	7.37915069638776	9.79190129647966	13.6319830545669	16.3822616570485	19.3791841417537	23.4742541734557	26.9367968956964	28.8601120926444	28.7784318718029	25.5546910370679	22.6406124696308	20.1563124107561	20.8412331928799	21.4647253418254	18.4359708450627	16.1849688600256	18.7602961863612	18.7348181736573	11.866250882229	13.7836292753396	17.3784433422559	19.5288416707187	22.1098924692093	24.9771503178405	24.455729553624	28.925873297102	29.3814794726202	29.3439583730621	27.4594643429183	27.7363428915926	23.0374159358206	24.3571523787162	21.5668427221047	17.7934974639614	15.180760652879	11.6649386196413	8.30748367437457	7.33455301978246	6.80652782261264	7.07778249171306	9.35628072473245	7.94345101325614	10.5847827091537	10.9478608869496	5.81739254305569	3.81896910173413	3.56625265509891	2.75392846675436	5.51130157040966	7.65429428490962	10.9876387363255	13.7471356652941	17.1349467755228	19.5840662018897	23.4955007182226	26.6523861783518	28.1266896203588	29.715913060177	26.760137032534	21.6535028113236	27.097196533959	26.7322772131369	22.2785477533882	20.7678685955011	19.5168497714155	17.9130333835451	16.2829550143701	15.0100453363739	14.1350866640428	12.0996227213909	11.7534854830386	5.85918091545226	10.6086118319034	13.3561484717713	16.3695186856547	18.8127267561085	21.2365815987414	25.6161496130859	28.7622579085857	30.1616527067069	33.0198445483924	32.9709636043595	33.2926610231144	32.1539899079414	28.8136736637313	28.5251060296014	30.3027333915606	27.8011875465779	24.6974968164792	25.107824397984	24.614698820014	21.3146618317064	18.1735203524248	21.9597740653223	20.4962112108555	16.2431308558418	17.5333452598185	20.3541344694389	17.7144904245084	12.5629175353498	16.9355316716069	13.9401346478433	15.7381445539174	10.8508033343159	12.110225844302	8.64513655184231	13.0256243228492	15.8624611583449	19.2260264745475	20.1409517649986	24.6546028359818	24.7370517442965	27.5900617251937	28.1524078899124	29.7985172953286	32.9925176517343	35.198919486257	37.9468615566558	36.9372897354421	32.0764203426754	35.9685154544916	31.5772033910541	31.1133438897204	28.2496389711444	30.1046192634951	29.4516413124973	26.0538347657307	25.9654584785249	27.343709002255	24.8242496361924	22.2170671556801	23.9648324216966	24.4463197025646	20.110389777426	19.0877896572652	18.5540475638067	18.0806215048045	16.4561457516637	19.7297064853991	19.5615363916028	24.4624713592065	23.0293197033694	24.2856076308582	23.9009587464604	26.1991958655223	26.3846755712478	23.6768835153616	23.1290973018836	19.665043452787	16.9383128144452	14.6544388838331	15.8824734219831	14.6938544296587	11.2238644859959	11.1970836828167	10.9122469271915	8.38762677996583	6.3342988562271	7.46596818905626	6.75527978695183	3.49662880500633	3.48177339871509	5.56911384333271
3	3.54422995867932	1.33100300525581	0	1.33318003285378	4.09010195471946	7.05681046932677	10.6956948815867	13.8258414210492	16.9628304831476	20.6837578307231	24.2398536711755	26.2673190676171	26.6007339936326	23.3296013039229	21.0202357265564	18.4184924735984	19.5307760726501	20.5450918956329	17.566196344115	14.7777067233045	17.8195081301365	18.6286060401738	11.6455128697709	13.3526348336199	17.5107536388358	19.8337578385943	22.2219539194914	24.7488175677142	23.5673367396488	28.0663438481039	28.0142725945187	27.2754734880992	25.2247737155361	25.070337552574	20.2224824638322	20.6058245163837	17.3385395290376	14.707373252896	11.3853703497076	9.55695542523873	4.6486868038189	7.81523115461085	8.51059604258127	8.92399422904341	11.369074940381	9.88237547353874	13.7532970956058	13.3757760522521	9.4496512634065	6.27536389383118	5.41837263391878	3.20407787046445	5.40943407391198	5.93961463396406	9.00407452212608	10.1457022921038	14.6929633498488	16.6003722247424	20.6465989935389	23.8369867642704	24.5939930267535	26.0194856405733	22.5031335151352	18.4134541300648	23.7711097342972	22.9070772688268	18.5557722555543	17.5185715741895	16.7900149195884	14.5129508026452	12.8014103129304	12.8967262900319	11.8567888991919	8.58982770490771	9.0202361942468	3.38897698428301	8.89846621615208	11.9808983803386	14.3393155694405	17.6002963611412	19.098937902407	23.5166890951937	26.693526949431	28.7884218046075	31.2306949490401	30.8548209523245	31.7737454669732	30.2155943512617	26.9465746060608	27.9582032505667	29.3034390302572	26.2354811086056	23.2951420257529	24.8867726714413	23.7806559623573	20.4553527713408	19.7874154451763	22.2329982908289	19.9538991177163	15.9902541568294	18.935804075877	20.5537650565535	17.0127847808641	11.5039910031258	18.5201612843949	16.5387780080634	18.7392752794765	14.6522879442086	13.6315986589981	10.6867137137663	14.06667896129	15.6948757561186	19.345762274979	18.7132979722977	23.5525725558802	23.4834317764674	26.2658690509185	27.3568279411192	28.9144771005806	31.9877724451078	34.1652692950019	36.8482658615029	35.5432135575837	31.454198082291	34.8389315852252	30.995005097596	31.2187914083809	28.8132422854492	31.3772899562725	30.2432039308007	26.9876976787573	27.8174686483152	29.1359482083559	26.2838810300153	24.1368294935354	26.2428362034289	26.7075294814028	22.0450850304552	22.4807249438269	21.7364240159231	19.4853759009161	18.2465844749093	21.1111486660485	19.2422600283854	24.115604989301	22.0006853756877	23.7528749628334	22.9966937623651	25.5660635413432	26.2981830170831	23.8259451019262	22.6246009688569	19.0758313318188	16.413600031681	14.5370982661603	15.3989135655734	13.5162362734602	10.4678779606948	11.847496359991	12.5383506491085	9.33949693506026	7.35381057683702	10.4320914969147	10.7585646812203	5.97365834309261	7.57741967954791	11.5294838132503
4	6.26643383432715	3.12133881531627	1.33318003285378	0	1.32807605203919	3.47178498758203	7.13772568820069	10.0200474050775	13.3664196028705	17.0068867521366	20.4899785505012	22.3766683400367	22.6229458736036	19.482075813424	17.1743063033125	14.4947464965759	15.724329524657	16.9436736866596	14.0867780205411	10.9895243300154	14.2208079587624	15.567302078395	8.9531386116825	10.2670995904394	14.7351206645891	17.1068210080073	19.2294414635475	21.5076543118956	19.9511156079052	24.4140361267858	24.1603202379439	23.2765630839263	21.6571844430434	21.6686224066044	16.9029860971368	18.1386187456487	15.7720520858891	11.8876964126781	9.92146521437232	7.10148498555056	7.27095344504419	6.9421508194507	8.22523732180415	6.18374603294799	8.6741301581196	5.28085845294115	8.63958685354803	9.62226553364643	4.94555092987627	4.89713569344367	3.20002843737364	2.63303494089995	3.49177447725365	2.85794769021408	5.25486926573821	7.42787641254215	10.791446844608	12.9199558435778	16.9338041207521	20.0339698262726	21.5968353931774	23.3390483310695	20.5354974130163	15.0872890208944	20.6269183835104	20.9338033094801	16.4943611273671	14.9857766231851	14.9237810892548	12.6268570119409	10.3626209522495	11.1766344666004	10.9551876296118	7.25732588492483	7.17491142802474	3.38141774999777	6.71597840973302	9.26279876711138	11.1470127837013	14.5255848763484	15.4549727919528	19.9765445710713	23.0534319787749	25.2661579786085	27.6277263993981	27.2141067279453	28.2840407650675	26.6727315998943	23.4341277200582	24.7672585685215	26.1980326742296	23.0664819597614	19.9084727942653	22.3173330171864	21.2120416037684	17.9017302515707	17.4504865548213	20.3970666028231	18.0927381288737	14.0341772469924	17.2947493477067	19.3225233600583	15.608827021913	10.5258902711362	17.9537838073204	15.6438028944371	16.6306667635426	12.8491979905362	11.8011552400602	8.29715475328742	11.2936869976107	12.4669262049633	16.3185158945291	15.4788996055921	20.3222586835224	19.9937362441341	22.7742101948674	24.0819585789861	25.5141618126091	28.5760017147256	30.8465907840721	33.4913589452563	31.834579108259	28.1582354028089	31.2676958696991	27.7934957499052	27.9757179532537	25.3781391161763	28.0781929261838	27.2199888868456	23.8636336084847	24.5021049912043	26.1045762463213	23.4439035358875	20.9244916067273	23.0523937802563	23.9509688321788	19.4416930589905	19.4586014142846	18.3550389266817	16.5068685400957	14.6596723701453	17.5700276892212	15.8790804834537	20.7574617427083	18.7449178445786	20.613970650993	19.4667416122987	22.1980495990076	23.3556424446	20.8286531009569	19.4113575259434	15.8028160465153	13.2605106236525	11.3898864788021	12.0605136291951	10.1513497132155	7.1498809080991	7.99885510557605	8.65482212411093	5.6654765024665	4.04453174051088	6.09912264182316	7.05559905323424	3.31106357534856	2.68395920237249	7.69439152889947
5	9.87399058132019	7.37915069638776	4.09010195471946	1.32807605203919	0	1.31940327421149	4.32148504567585	7.69645931581529	10.0816021048244	14.1043004080316	17.7490938923653	20.0693267201468	20.7975703869466	17.5112646316592	16.164552174434	13.5717858073284	15.2331765892738	16.7695800185932	14.1950803449646	11.01989841151	14.4971138162049	16.4533688343755	10.3634050871323	11.6493525141958	16.234207680081	18.5169220714459	19.896104166394	22.0188272621409	20.0941999094266	24.3609323713195	23.6136709132655	21.8561453829352	20.6785461771373	20.1182369257348	15.2520171452828	14.580699228775	11.8155337162567	10.4129178427567	8.12977269054923	8.10549825735593	8.57789840228945	9.1441808271709	11.2077081064774	10.0968326221642	13.5723515280146	11.8885844826035	15.3279121539758	16.9063018132293	13.0722398233815	11.1728204138436	8.71272293832416	5.27869320949797	5.71538117713945	3.07517349104079	5.84566069833	4.58356651528043	9.46748335092278	10.4709766975197	14.4541172681005	17.7441320159652	17.6845644277715	18.504057636097	15.3064012099513	11.3819684589266	16.3020244755061	15.2351707899846	11.0089816967783	10.8146656906259	10.5109792598026	7.18617540837962	6.62003542286595	7.69276140277339	7.49171041885629	3.66828106883865	3.81455764145726	2.69406607194404	3.40738668190154	5.97237783466519	8.18917303517272	11.1015082308667	13.4521741365476	17.5628514199716	20.8939285200271	23.3580726516551	25.7659161490524	24.6771273854961	25.3091145834855	23.5486929998249	20.4073414976082	21.4243580533933	22.5940971494769	19.4063632347743	16.6220306220389	18.5010562130923	17.3000486993534	14.0052483019759	14.7398125836118	16.5792835792142	14.2751516629422	10.2622539921793	13.6951164288589	15.7605259747256	12.168094715279	7.46608612326432	14.8094401312136	13.7039464753771	14.9546862554853	12.0419776199759	8.87876078064952	7.67881514297616	9.56214735297465	10.9424494972561	14.0896697974083	13.7885641384446	18.4017479061094	18.8473748835216	21.6864737566991	23.671309427237	24.9123789911763	27.5260154399434	29.866961244827	32.384152065478	30.3247962235528	26.5399485493096	29.0151700667082	25.1621728990165	25.9069570772023	24.866284543534	26.334454123828	24.7185124350152	21.7160358491139	23.0663999141609	23.9810634668273	20.6715625195581	19.2691401209291	21.5274486412115	21.7576613173383	16.1199572269904	18.7922277817187	18.2362703423699	14.6173699754778	14.6122254294136	17.0134168525902	16.0919265161136	20.0069133051553	17.8224575465899	20.5271834405015	19.1846452403999	22.0786565261567	23.7084291128704	21.4588887410322	19.6015348378641	16.2265346269621	13.83840088305	13.0808094932997	13.2861682587569	10.326404747055	8.36460285967003	11.0947631790859	10.642049896519	6.93779864222074	7.48586882065135	10.6066142571511	10.2167651925646	4.80508262155814	9.80664743936479	12.8112796394427
6	12.6978519443251	9.79190129647966	7.05681046932677	3.47178498758203	1.31940327421149	0	1.32852926200366	4.26989929623639	7.52660434724717	11.1223456608757	14.6599400066985	16.5863791407287	17.1381873312203	14.1460563409029	12.9087824367754	10.162251768186	11.6243220017341	13.4345825763215	10.3377805645119	7.91206357406208	11.5781578413839	12.4004852324415	5.9650504608092	8.805517247726	12.965178942074	14.7991213590537	16.3825971994675	18.4869652999079	16.8731044268682	21.0544852466167	19.9885817655981	18.0487417844015	16.8871952378126	16.5762477056781	11.8892905591545	13.0945344705339	11.5230373600019	7.77510006366477	7.59501790649634	6.93760189114365	8.89310131506439	7.96573624971352	10.1254158433123	7.31256302536942	11.1152571270304	9.18439404642462	12.4363230096359	14.9869185958956	11.9240894411272	11.7336042629705	8.38968402265544	6.90506234584453	3.91863369045896	2.70075415393553	3.44501451375752	2.85045627926478	5.72828194138522	7.0640239240818	11.2260114466359	14.168860998683	15.9994514280959	17.9557169169042	15.4398760681555	9.47980601067342	15.130955125173	16.2229268937513	12.2332164617487	10.6879739427078	11.9013900448645	10.0052211369864	7.04892743614232	8.77035694826613	10.0943013626501	6.65919356979507	5.45556779813064	5.02168278568051	3.47055773615711	5.42197464029481	6.23210847145651	9.41575010288612	10.4166164372122	14.7354466847802	17.8719442143265	20.4361192010616	22.7326821998637	21.728381693076	22.6584019295272	20.8595633942803	17.733604709703	19.2168836443373	20.5173531918715	17.282036020099	14.189554080379	17.4269257759365	16.2788576380531	12.6288296369854	14.2580558632655	16.124911162546	14.3200967524664	9.84538379140194	14.2484413533551	16.4746793595505	13.1440927416083	9.53698243680883	16.5414010591606	14.8990512785211	14.9143124883449	12.2725068751254	9.56612298687405	6.6997913400344	8.2908811353197	8.23959622797137	12.1786168754912	10.6369594339736	15.4594394788427	15.297127867675	18.029718411556	19.265082974127	20.8679756804535	23.8060862176041	25.9364217077067	28.5989409594132	27.2891302353153	23.3155899346339	26.0981362744545	22.8191874964908	23.3691488933594	21.1512532489212	24.2441415810088	22.9864545112986	19.9427426649395	21.045453713332	22.5128599249407	19.1024952820306	17.4716301758021	19.9222216381607	20.8589828131671	14.9709729142765	17.5685926869513	16.4316070425263	13.1510010645578	12.1332334519698	14.4437283967818	11.7135742623676	16.172196418545	13.7885734214965	15.9959868091969	15.3518975048689	17.946752742488	18.9652035317315	16.579111526255	14.809682305843	11.3216467000167	8.82027102758186	7.85047546330794	8.51299230588164	5.96622376382247	3.79259343985089	6.05607182916451	7.3724636994698	4.09226563165198	4.72508465532629	7.75108185997284	8.17379067507849	3.63077581241255	9.046376788527	11.5091698223634
7	16.3885285184485	13.6319830545669	10.6956948815867	7.13772568820069	4.32148504567585	1.32852926200366	0	1.31886921262118	3.85716035445767	7.4031643234498	11.0002302703171	13.4088485709997	14.2862218238413	10.7902007858983	10.7426362220825	7.39782299058311	9.9259930989297	12.0649227100715	10.0787061173545	7.29552417582178	11.6437245329834	13.9018246644101	10.2783735581073	11.2112879723964	15.5243378280685	17.3922230034001	17.1274283241822	17.8873030387479	16.4549838650787	20.0497061823858	18.6945272740447	15.9282564331442	15.7022103539597	15.0645452304409	10.8260248013756	11.1955263386765	10.9974534324997	8.52736541963578	9.35079055481407	9.03127349823932	11.1145584707626	11.6456032046434	14.2018219253728	12.7798290285903	16.6207854507541	14.5925017046427	17.9325825803201	20.483300734989	17.2818326863791	16.5549602536521	13.4056749923307	10.530656247357	8.76804157152554	5.23003001903431	5.3264199984605	3.68229683757299	5.88605878326066	3.8750438707194	8.45039182523509	10.8449365604415	12.2942811908627	13.9106246085501	11.8235097158162	5.15210025135381	10.8942461877819	12.4032957716891	8.8083747649609	6.79251676479344	8.68850326581052	7.18087606076028	3.91812429613967	5.52046402035191	7.30621112478965	5.63339782014372	3.87268111261436	5.36159276707957	2.88480259289956	3.34437109184971	2.94758663994801	5.52467238847698	7.02387193789864	10.9013042338979	14.1825546711444	16.8954951984249	19.1927449574051	17.8333695077515	18.5850806024618	16.8435817449852	13.6628112407367	15.0657722669633	16.4157619683035	13.3386782703535	10.0632462953065	13.7629844510557	12.5784425904004	8.72000114678892	10.7190571413721	12.961386152723	10.2193834451986	6.92167385825134	11.9291690825472	13.4150775622059	10.2937261475134	7.95195126997142	14.4926700783534	14.6685414066975	14.6695414038749	13.7448341568751	9.29020204301284	7.37517952323874	7.83813944759852	7.30189139880894	9.60062596917514	8.71519253946808	12.6713092456936	12.8760654316449	15.915521637697	18.1781324673356	19.7633025074252	21.5713588120916	24.0869963673348	26.429345148906	23.8056115653432	20.7412018214953	22.3013765942822	18.8841601613628	20.167369213658	19.8262339590755	21.3319582317236	19.3231147851479	16.7276705192325	18.3080070734092	19.3855303254773	15.1118066755766	15.1911552226946	17.7658526674067	18.3161915801293	11.2433952612189	17.1763105759066	16.4205846424541	11.4652791069385	12.1510776888307	13.6914462713038	13.0247043344561	15.395385542428	12.6906180306556	15.9487285073137	14.8283157168979	17.8839167410274	20.0644553626556	18.4845606114941	15.8662378968677	13.1284631621527	11.6811423242763	12.4196188749897	11.9728517488525	7.64432508466248	6.63296811389894	11.0024529083291	10.9915824611382	5.29595298317498	9.63587821633296	12.3589375352414	10.8082591567745	7.74195879606705	13.5346646061142	15.7166816790314
8	18.8161897311863	16.3822616570485	13.8258414210492	10.0200474050775	7.69645931581529	4.26989929623639	1.31886921262118	0	1.34002611914843	4.60751668472291	7.78949722382645	9.53637300025539	10.3364155295731	6.80095133051252	5.96000033557046	3.72350654625449	5.78223953153101	7.75899407139869	5.81571139242655	3.66609901666608	7.99168155021207	10.1284503256915	7.99106432210378	8.80921636696477	12.2547940007166	13.8391644256436	13.3440186600589	13.2674864612707	12.7311671499513	15.7626329336187	14.5976068244079	12.0223698994832	12.2763425335073	11.6959531890308	8.15315233514007	9.87432752140621	10.0382415790815	7.93778004230402	9.28912294029959	7.68453355773791	10.7150381707206	11.3936732443931	14.2564002118347	12.7772605436377	16.6980825246494	15.4877981972907	18.4553541553664	21.2437852088558	18.4447120877502	18.3069198938543	14.8794842316527	12.8849573534413	9.58052430715564	7.40683994696794	3.61490069019883	2.92056997861719	4.46677064555591	2.72684983084878	6.15953618383722	7.95264892975919	10.2691997740817	13.4158379909717	12.1861636703271	5.83272843530367	10.8964000477222	13.2490337006138	11.4656944839813	8.49992829381519	11.7416611260928	11.2292463237744	7.35795868430912	8.71720161519739	11.4076166222397	10.3216111629919	8.33329256656695	9.09368929533003	5.5399379057892	5.60497109716009	3.71840032809809	5.94233733475305	3.72895977452158	8.14961704621757	10.7457512068724	13.3681831974281	15.4513620435222	14.8444151787802	16.4192685281653	14.4606768168022	11.512323614284	13.472474011851	14.7230711809731	11.7407482725762	8.44637661959257	13.0033779072978	12.5249399200156	7.39413260633051	11.0478788009283	13.6459984977282	11.5877965981458	8.44036971939026	13.9921608767195	15.916239788342	13.8481011694745	11.9587097966294	17.6765367083035	16.9440782871185	16.9097167924244	16.0119265549152	11.4559719797143	9.60697007385784	9.78120841205216	8.14165044693028	9.78871350076199	7.22376556928587	10.348025898692	8.7978008047466	11.750434672811	14.2526930086914	15.3352343314343	16.9770089532874	20.0686282042396	22.4157738434345	19.9143765656874	17.9255008577166	19.0015928805982	16.6864963668231	18.2120855752437	18.4052636764595	20.4919614483338	18.5538930955204	16.3481383343792	17.5777341258764	19.6092615873214	14.7748071053398	15.8012532097932	18.6988790305729	18.8608879960621	11.8488838714876	19.1121432340803	18.1479650098847	13.0454056663639	13.0291966367846	13.6152562957882	11.6384384261807	12.8674248394929	9.21990618173526	12.0986206238563	10.3268877208964	13.3910328578493	15.7915465043801	14.8498794944606	12.7380253964262	10.9437922586277	9.06627773675614	10.6225383972005	10.9254999427944	6.37176003942396	3.93691795698107	10.4326194697209	11.7867778463836	6.49549520821931	11.3714041349343	14.0909916613417	12.6362115366909	10.854659644595	16.4488600820847	17.7107536824382
9	22.6773099374683	19.3791841417537	16.9628304831476	13.3664196028705	10.0816021048244	7.52660434724717	3.85716035445767	1.34002611914843	0	1.32947846917504	4.81329627178714	7.69930516345469	9.30442335666214	5.24933443400209	7.70352737387231	3.3541581656207	8.3315248304257	10.5886804654782	7.88037359520473	7.74378085950268	11.9582196835482	14.073151956829	12.7708541217884	13.5924806786694	16.8391103684251	18.2482229819783	16.9575662758546	15.4481020840749	15.6929260815184	17.826125322122	16.2266401328186	11.6463358186169	13.6093708157284	13.0146264256797	10.243343106623	11.1281076109103	11.9152908902804	10.074462119637	11.9767772376378	11.3070702659884	14.8935852298901	16.0687701147288	18.8645503789515	17.3755328263625	20.9932280747864	18.9039757458583	21.9979712473673	24.886846124007	22.3775463802446	22.190464483647	18.8849923748992	16.5258205847698	13.8389539344562	10.8877746578445	8.0144492636737	5.5797102075287	6.58862094827135	3.8518355364683	6.80615530237152	8.07709805561379	9.6401657143433	11.6151407223503	10.4845048047106	3.55430021241875	8.45119074450459	10.4658232834307	8.61279919654464	4.4836027923981	8.06761110862441	9.20068986543944	5.99920336378089	3.94201382544506	8.99380036469567	10.4275789615807	8.70390079217359	9.7124622521789	6.82235369942075	3.85817106930214	2.8500363155581	3.73925300026623	2.8985137570831	5.60799687945705	8.54759229256988	11.7013199682771	13.7103051023673	11.7798891760492	12.6990122450528	10.9443357496013	7.7998073053121	9.74127358203228	11.2091079930564	8.41822718866627	4.92707083366984	9.65641330929864	8.31892835646515	4.14984457540279	6.68875152775165	8.90280798400145	7.30513914994095	3.699140440697	9.03565631263164	11.1622593591083	9.64549915763824	9.6577410402226	13.6159880287844	12.7867736743871	13.395404211893	13.3931850580808	8.80122911870836	8.33406755432184	7.20272149954446	7.21044929251985	8.07036727788767	7.06409838549832	9.28636823521445	8.99780484340486	11.7080815678744	14.4547113772638	16.2459411238623	16.8188644682095	19.7410478192015	21.766334050547	18.3309812339656	16.488994208259	16.4953264593339	13.7965802284479	15.9928332074089	16.5379279234129	18.0970975297145	15.6424553699219	13.8628948275604	15.4362234370976	16.7346711649796	11.4713697525622	13.765581716731	16.3585130742375	15.586426177928	9.11407729833361	15.8430823389895	16.1764127667416	11.1082833957367	12.036546597758	12.2423501420275	11.3048618744326	13.1158924210288	10.3384295229014	13.6910453216692	12.8461093331794	15.5999991666666	17.9484114617422	17.6037738567615	14.7345001951203	13.2870137352228	12.6400896357581	14.3058849429177	13.7611633592513	8.8222858715868	8.42466859882334	13.861671291731	13.8556561013905	8.28111103656991	13.9346903087223	16.5254676787073	12.5891114062908	12.5304744523103	17.6458871128657	17.4680263910952
10	26.3225455835867	23.4742541734557	20.6837578307231	17.0068867521366	14.1043004080316	11.1223456608757	7.4031643234498	4.60751668472291	1.32947846917504	0	1.34126060107646	4.14072783457208	6.4715467239293	4.66354596846648	7.73882891657388	3.18324205802826	8.55428290390258	11.039380915613	9.6095948405747	10.2167974434262	13.9530788717043	15.9108043165643	15.6088751997061	16.5364962733948	19.2817337394748	20.4197093025342	18.207590010762	15.9173803435113	15.4109670364971	16.7033335894366	14.6990911623814	8.41603000232295	11.4835575062783	10.449963349218	8.86505053567096	10.767490004639	12.1411301780353	12.1491397637857	14.4367276416784	13.4410294992608	18.0008467300847	19.4443218189784	22.3139824101392	20.7653377290137	24.3047275031011	22.2451457401385	25.1484440075326	28.2109086347817	25.9247740202301	25.837901849802	22.5174882480262	20.1868315988419	17.3884987851166	14.4508409097879	11.3141159177375	8.54301152989975	7.76595203436127	4.68313089716698	5.31911928800248	4.96776096445874	7.22363239651631	10.5665228907148	11.5478042068611	6.2395321138688	9.11130890706709	12.3722247393102	12.4177340928206	7.38336549278173	12.1738687770158	13.694165984097	10.4228538798162	8.17913821866338	14.0768350135959	15.2554261166314	13.4961739022584	14.537951919029	10.8855401795226	8.74911378369261	5.23557265253764	5.35918706521801	3.43101413579134	5.71574702029402	7.8424176756916	11.2815118667668	12.8171135986227	9.82319489779166	10.6932627855113	8.26928352398199	5.95285250951172	8.03996007452773	9.29515728753419	6.25963792882624	3.8825566319115	8.92200431517493	9.66488623833721	3.87881463852038	9.03220714997171	11.820499862527	9.98500200300431	8.60361952901219	13.7731420525601	15.0351868960781	14.3490995187851	15.2005719958165	18.9072858707959	17.7209138026232	17.7724590026254	18.2447934764962	13.9671761999339	12.7246290712146	10.5391023336905	9.08119287318577	8.75622572801775	8.07054081211414	10.3345520464121	9.82907040365466	10.9439208239095	15.0256744940119	16.7781770761904	16.1641366920724	19.7205424367587	21.2531116310059	17.1968826244759	16.5574484447333	14.9611160679944	12.7217286168193	15.929567633806	16.9641489323809	18.299683877051	15.5372663296991	14.0783619075516	15.9693395292354	16.9483020388474	11.1745788734968	14.6209095476307	17.1567579979436	15.6710416373641	9.50251387791673	18.2771727299383	18.3656077220439	13.2869924738445	13.7843305604589	13.1529054584909	12.8030372568387	14.3988886723941	11.8868105057665	15.0487928087272	14.059158367413	16.6539440073515	19.0813561624954	19.2447581954152	16.5157649837965	15.4621817671375	15.0821582010003	17.1398427647397	16.2911654893074	11.425465854835	11.6420886012777	16.9692636552091	16.7764442001277	11.542684696378	17.2632453495859	19.7360026854477	15.6071075475246	16.5968243046674	21.6854399309767	20.8102553804609
11	29.5186214786531	26.9367968956964	24.2398536711755	20.4899785505012	17.7490938923653	14.6599400066985	11.0002302703171	7.78949722382645	4.81329627178714	1.34126060107646	0	1.32122859490703	3.51351604521738	3.42600248102654	5.54207046147918	2.84787429497862	7.77584323401649	9.74866785771266	9.7260866230977	11.2629740299798	13.6953562932842	15.2712827228102	16.4466799385165	17.6978368452192	19.3319431511682	19.9898866930256	16.8830478291095	13.6932261720896	13.254627342932	14.0231434778369	12.4347765963044	6.27305420030785	10.1275116884652	9.18031404691583	8.83616415646518	11.4020115330585	13.08268848517	13.0519574777119	15.6301770623368	13.8416817619825	19.7494557140191	21.3012891628652	24.4748939323544	22.9837761257806	26.7996506133942	25.2703748092505	28.1079863739828	31.1412623058218	29.0043221951488	29.0910726168699	25.6204143018804	23.5661636674279	20.2548152299645	17.8003665411699	13.7232847744263	11.4956336058523	8.32808987703663	6.81440973232458	6.64448952140042	5.52048702561649	7.8040682980097	10.8951359330666	12.7657510942365	8.39897202043202	9.58386529538057	13.6376493575689	14.5043934723242	8.65375692979645	14.5207566262919	16.3335157268728	13.3067364518878	10.8682106162882	17.279215780816	18.7025304170318	17.1136035363684	18.1916003144308	14.5218884791201	12.0993013847908	8.44738131020496	7.40775519303925	4.26660075469923	6.04765119695242	7.0853144602057	10.3823698643421	10.6710292849378	7.32179383757833	7.90797578397911	4.93082406905783	3.84222084216928	6.12051876886265	6.9065815712261	2.61512580959311	4.8764665486395	8.79838399934897	9.24179858036302	5.39757213939749	10.7604811230725	13.4510278045955	11.6986420152084	11.6464303114731	16.3399097304728	16.9544179788042	16.9160730963188	18.407878557835	21.745136490719	20.4409241963273	20.4185344478981	21.2956592055752	17.2532614018336	16.0532966396314	13.3336106887819	11.4846871093644	10.0436149368641	9.08669142207438	11.1153019302221	9.21929286876168	8.45774727690536	14.0631624466192	15.0347676403728	13.7669215513128	18.101277523976	19.3517841554726	15.1130963405915	15.7853334776304	12.508256273358	11.1324684594209	15.7700753644363	17.4702507423334	18.7526634908218	14.0579862711556	14.629213444338	16.7347026564561	17.6518453992777	11.6353750691587	15.7384900165168	18.411454179396	15.8284091430567	10.8695472766808	19.8471294901807	20.2025398650764	15.4243955797302	15.6136187669611	14.1341257246425	14.0000023928569	15.269358892894	12.1985726214176	14.4552481127098	12.6510321318065	15.0228319900077	17.6289925690608	18.3208376991883	16.6822087566365	16.5661260106278	15.827729780357	18.3809911593472	18.5385848704803	13.2204516564299	13.6077723746394	19.7209241923395	19.4245326584708	14.7911143596417	20.4993509653355	22.8985034882195	18.4352843753494	20.1591127036881	25.0993994151255	23.6578700013336
12	31.2568582074399	28.8601120926444	26.2673190676171	22.3766683400367	20.0693267201468	16.5863791407287	13.4088485709997	9.53637300025539	7.69930516345469	4.14072783457208	1.32122859490703	0	1.32345532603107	3.25932539032236	5.81856184980447	4.21597734813649	8.61637864766864	10.0694684070213	11.2503590164937	12.8748611643	14.4695217267192	15.863374577939	17.4478064523882	18.8222205385018	20.013857324364	20.5079314656549	16.8982283390893	13.0988481172964	12.2124048819223	12.2249645398259	10.7786123411133	3.90922869630315	8.85310391896537	7.27951990175176	7.68415584173044	10.3887193147182	12.5221789637427	12.7557465481249	16.1407687859036	14.3591104181283	20.8905528170032	22.8604790413499	26.0592363855889	24.7950574510325	28.7581705607293	27.6192938722191	30.3972863591473	33.372629039379	31.0595177844087	31.0285283086388	27.5064822541887	25.2964714337791	22.2419288956691	19.3995827274712	15.4446200665474	12.8798250376315	9.3915461453373	7.27387063398848	6.48124123914548	5.09912600354217	7.32910594820405	10.5265576994571	12.5013970819265	9.41578323879644	10.461992592236	14.1667603212591	15.4109442929368	10.3087686946599	16.3698120331298	18.0866730218689	14.4085525643626	13.6947772161507	19.6448036131696	20.8815469015109	19.4811634406162	20.7669232434658	17.2166701774762	15.1684206494941	11.4092882337155	10.6650812467604	7.17203269652335	7.81347515514064	6.6561457315777	9.93837899257218	8.7197009696434	6.29765249914601	9.37396868994131	7.04600752199428	4.12963666682676	8.58770219558177	10.7535602476575	6.13228994748291	8.46636031597994	12.6322090704674	12.8768774941754	8.73144581383862	14.2439862749162	16.8234570763562	14.1395683809655	14.9762722331026	19.6640155868531	19.3598069721782	19.5186314581735	21.4598010708394	24.8597619055372	23.8745146338098	24.0133530769861	24.7684257876838	20.5582766301069	19.3204248918082	16.8587901404579	14.7591433694507	13.3775019342178	11.3170682599338	12.2543398843022	9.76322764253707	6.75854940057406	13.8983908780837	14.4688352330103	12.0445248972303	16.8903470953086	17.4581599545886	13.2261668294332	14.7311569470969	11.9024159312301	11.8225738314464	16.4437048441037	18.337772956387	20.3837070230123	16.1083226004448	16.875036859219	19.1235080986727	20.8287129943259	15.0163092003328	19.0515611171368	21.7827392675944	19.6200306574684	14.4572550990843	23.4574403121909	23.7370841933039	18.976068349371	18.927869980534	16.5073257979601	15.9679336170965	16.2089506446284	13.4951479799223	14.8844352596933	12.9552243129944	14.9792850296668	17.5932678601788	18.6799440309654	17.7769292623895	18.2198873212762	16.8449095278069	19.9249564365898	20.6251534297323	15.1044518271932	15.5611917924046	21.968976899255	22.3651543701357	17.4932079676656	23.1476553672289	25.6472960563097	21.6436360392611	22.8757527526418	28.0240098130157	26.9677913074097
13	30.5779698148847	28.7784318718029	26.6007339936326	22.6229458736036	20.7975703869466	17.1381873312203	14.2862218238413	10.3364155295731	9.30442335666214	6.4715467239293	3.51351604521738	1.32345532603107	0	1.32816979336228	3.32734443663412	4.61023762945035	7.42531009453477	7.88333133897085	9.13493891605193	11.3182407643591	12.8095978078939	13.524369929871	15.3006061644629	17.1628803235354	18.1971312574263	17.9408867673814	14.2685655200514	9.43309673437095	9.3016149135513	9.29082660477527	8.75695272340784	3.64066037965641	7.93580178683918	7.06578948172106	7.64953109674051	10.8323989956057	13.0896797898192	12.4480631826803	16.1099428925121	13.4788618584805	20.3630672051143	21.2795478100452	24.9457181295709	23.2547373453239	26.7980512164598	26.3753417608189	28.7536054261027	31.7220850827937	29.7906107691669	30.1780504671856	26.583368503634	25.099260267984	21.2380513230381	19.5532291450799	15.0931536134765	13.3231063570025	9.08890895542474	7.96420510785602	8.26028534616087	7.35336242816849	9.79253133770834	13.1226919875458	14.9128874132409	11.920462323249	13.6984473207733	17.0433704999921	18.0150791838393	13.5676380405729	19.1084205522068	20.5590638162344	15.8171785410673	16.3901695232234	21.8724548462215	22.5482131221079	20.9276371098125	22.0563280942228	18.2803170103803	16.0955298763352	12.3426294200223	11.1886668106616	7.42341094107015	7.00614087782996	4.8880860262479	8.18429141709898	6.47672556157817	6.546156276778	10.0446870533631	9.31503505092708	5.89596048155006	9.85722344273477	12.4939019925722	9.08361899245009	10.6565495822991	15.3156833344125	16.1760837658563	11.5041516853699	16.9258655022424	19.6649702262678	17.2944339022704	17.2128888336618	22.2804952144247	22.5082122790772	22.3462900724035	23.6133109495471	27.4481217208027	26.2790534646893	25.9986121360353	26.599565428781	22.4108401895154	20.6202933781263	18.2269281010268	14.9686753588953	13.795067995483	10.2585718791652	10.2219518194912	6.46892657246935	2.93066187063605	10.623240277806	10.5841575951986	8.53077774883392	13.7520467567559	14.9851666657398	10.3707809734851	12.8101506626581	11.3648824015033	11.6927882474626	15.6706996014856	16.9951904961374	19.2777496871393	16.5766107512965	16.5104183472134	18.5453061716435	20.7717383239824	16.2175115538729	19.4675740142422	22.143438102517	21.5891903970482	16.1486402523556	24.85592808567	24.1731097916673	19.6873112689366	18.6765892228747	15.5741681639823	14.29023502256	13.8827365457967	10.8540714020132	11.3061195818902	9.66379563111721	11.1653801099649	13.6326464415388	14.9887948815107	14.6153673576821	15.7774710584428	13.8865940388563	17.5500678631167	18.7792021928515	13.1544274675867	14.1551593774143	20.4699736443406	21.2506616602872	17.4908150181745	22.7336018703592	24.8764395563352	21.5691095782835	23.5011316536034	28.2693233205183	26.9883822597799
14	27.8352063940615	25.5546910370679	23.3296013039229	19.482075813424	17.5112646316592	14.1460563409029	10.7902007858983	6.80095133051252	5.24933443400209	4.66354596846648	3.42600248102654	3.25932539032236	1.32816979336228	0	1.33779445356901	3.55919892672495	6.27699490202119	6.53828891989334	5.44629709068464	9.09417423409075	11.0347326655429	11.0470986688813	12.617065427428	14.8524364331244	16.2712006625203	16.0685295220191	12.7550707171697	8.45216812421523	9.4044434710407	10.5721580578423	10.0773193856303	6.08474066826188	9.50899879061934	9.24096385665478	9.22156244895625	12.636119974106	14.6053235842278	13.4534850875154	15.8272824578321	13.3017689425129	18.762628600492	18.716279277677	22.7146543887421	20.3704827630569	23.5781217233265	22.9265384652808	25.134875492033	28.1425647907223	26.6580076337299	27.082892958471	23.7347114581155	22.1169360671862	18.1824181285109	16.7823291589696	12.4235848288648	11.1618952243783	8.10166834670489	8.23610277983464	9.44860635226169	9.05795059602336	11.6841787901418	15.1341837242714	16.4037035147554	11.2594855122248	14.1769263594053	17.4858984327372	17.5616416943292	12.8003842911063	17.7036695066305	18.9583457875417	14.8131257336188	13.7620074480433	19.3955426580439	19.8407567648011	17.8889538263142	18.3711206789352	14.4145657582877	11.7586092289862	8.01003907605949	6.75755725095985	3.58665791510704	3.79167047618856	3.73764110101545	6.51051833573948	7.20616860751953	5.69321297686991	8.19405601640604	7.10764074781499	3.37136693345592	6.24101786570107	8.86673767515426	7.27451448551723	7.01977115011594	11.7164576984684	13.658794126862	8.73754427742715	13.4300913250804	16.3293393007801	15.4579490877671	13.4877158184772	18.7430865387748	20.5894662874005	19.9520146852392	20.1146167251579	24.0903800717216	22.3401459484937	21.5808241733257	22.152842390989	18.268890497236	16.2226417700694	13.7662157835768	10.5816559668135	9.84231050109678	6.64031219145606	6.74240461556558	2.91226647132435	3.47913581223844	7.92485236455544	8.63036795275844	8.61748814910702	12.5510471674677	14.5758949639465	11.365690872094	12.1968528317759	10.5226776060088	9.32950636421885	13.5780125938961	14.6430803111914	16.800876941398	13.5873697233865	13.288586155043	15.4178455693394	17.3986321588796	12.3230176093358	15.7433935350673	18.4009300308436	17.6578604026649	12.1355815270633	20.7417285682751	20.0099796101845	15.3533256983626	14.5574486088737	12.344678570137	10.541546091537	10.1430065069485	6.8867816140778	8.09820146699253	7.08421350609932	8.91369968082838	11.3080726032335	12.1605063628124	10.9144608662086	11.8403759230862	10.4423695107959	13.8741241525366	14.8895697049982	9.28945170610193	11.2458733764879	16.9623343322787	17.3936702854803	13.4327803897778	18.8518719229683	20.9976722043183	17.302080481838	19.4832214482103	24.1624839368803	22.7163218413545
