21	22	23	24	25	26	27	28	29	30	31	32	33	34	35	36	37	38	39	40	41	42	43	44	45	46	47	48	49	50	51	52	53	54	55	56	57	58	59	60	61	62	63	64	65	66	67	68	69	70	71	72	73	74	75	76	77	78	79	80	81	82	83	84	90	91	92	93	94	95	96	97	98	99	100	101	102	103	104	105	106	107	108	109	110	111	112	113	114	115	116	117	118	119	120	121	122	123	124	125	126	127	128	129	130	131	132	133	134	135	136	137	138	139	140	141	142	143	144	145	146	147	148	149	150	151	152	153	154	155	156	157	158	159	160	161	162	163	164
21	0	1.33923933633985	4.58821021750313	5.89612253943216	4.73018371736236	8.56658963648895	10.6033090118132	10.9239514370945	11.6484950959341	14.3892328148515	16.2755477019976	16.0613602475008	18.6139400718924	20.7847132768292	22.5148731730827	20.2944887592666	23.6951344372637	26.5718176269521	25.8380926927666	25.5239000742441	29.2909019492401	30.8426060182988	29.4114877046368	31.1158903134717	34.9098760238417	35.6573155186983	37.2607578022777	33.6377332619188	36.7811545903605	36.1457135217995	33.0209908694455	36.4133660350152	34.9111044081965	32.100763168498	28.8685521978502	27.8779098750247	23.4340663991549	21.4737614311047	15.6826639956354	16.8009258673443	13.3282971905641	12.2900019934905	10.3920160219276	9.79720521373316	7.92211827732962	6.81562836428161	6.49418793999681	10.9096219457871	13.3933050066069	10.7033199989536	13.6550783593504	16.7246454670944	17.7253287134541	16.3009667811452	19.701262573754	22.211797518436	21.018436573637	23.0436521627975	26.1080802434802	27.3859654020084	25.1961104339539	30.318388248718	32.6111014380073	34.9724654692803	38.86253472176	36.4384056045267	29.851431958953	31.2772370422964	30.5783428916611	26.2028213366424	26.395913395827	21.6357896551062	21.284303371264	17.7151867898704	17.4499984240687	14.0569297501268	17.8300381379289	20.2724657109095	16.6137957432972	13.3119923001781	13.2878939640562	16.1913515803962	16.6922552700347	12.4519599662061	13.7222268236609	17.1538878975001	17.6255569273711	12.7864319104276	18.587698351329	21.0392286455564	18.2826409744325	18.0116312420613	21.7450740628769	22.8630623714322	17.2968141864333	22.209373111369	26.0133035772083	25.5807675412604	21.137496493199	23.558019038111	28.5917598094276	27.4980718960439	29.7861352477961	28.1317408988495	29.5165360603171	29.1623469734519	24.4994799128471	25.5949686266657	20.7785325997771	21.9719731021135	21.541027180708	22.5438011657307	22.3792806184649	21.4397988330115	22.4870806019812	17.9239280851046	20.7395172798211	26.1799819136683	28.4220124903217	23.7355010480082	25.1440243596764	32.1266500743542	34.7619616966592	35.0171326353258	32.209411885348	26.8187176800085	29.198188573951	23.0566468724314	22.8597804451399	16.7048250813949	16.9334800617003	12.9579172323333	10.0238492606384	14.1008430244436	16.6986219191884	12.3090926554316	12.4543310137478	19.3882711709941	22.3946533574423
22	1.33923933633985	0	1.33452425980198	3.45757559570287	3.59538120371124	5.5995140860614	7.63515173392121	9.31911272600562	8.12586887661867	11.4488307263231	13.5664215252217	13.4951989240618	15.5433585173861	17.8413155064306	19.8391260644213	16.7467717784653	20.2673523431158	23.2846237032081	22.7586457198138	21.9865495246526	25.7882751264989	27.9173301911196	25.874503995246	27.4830880542926	31.5338647330136	32.3903409367669	33.7756969728235	30.1673906229889	33.0360186917249	32.3632121706112	29.3626443632041	32.684813231836	31.1412017911962	28.2973958165765	25.1706556529622	24.1160432285232	19.6814751987751	17.8280829591967	11.9978968990403	13.9908141292778	10.373295040632	8.73657284065096	7.36188297923839	7.44580297885998	5.71519151035204	5.15546467352848	2.92707806523844	7.16213522631345	9.75024250980457	7.31272015053223	10.0227741169798	13.003835357309	14.1911515036659	12.7394372324683	16.0182742204021	18.5616443775868	17.5133465391398	19.4502766561301	22.4334201583263	23.7933458344975	21.7359427216765	26.6940268412242	28.9697985150052	31.3663253506049	35.2440799284078	32.8306819301701	26.3033103810148	27.5919861372827	26.8176079843076	22.4272984552308	22.5987776218095	17.8327180766141	17.604599115004	14.1436514733643	14.2484588991231	11.4173701875695	15.5876018360747	18.3400773444389	15.5200125322114	11.0190457390829	12.4928959813167	14.4441810428975	15.6407418622008	11.5650283614006	11.2158989385604	15.2720842716376	16.8057843910958	11.4096836503034	16.6162924264109	19.3798258506107	17.1026167880825	15.1071475136771	19.3506768873856	21.49199157826	15.5110775254332	18.9379937955423	23.3037640736427	23.7573344253938	18.4540007857375	20.177649169316	25.3590927676839	23.9740965627487	26.6854924443976	25.6883971473504	26.5542070678076	25.5704206261845	20.8292687821728	22.0239262167307	17.2627264648433	18.412686278759	18.4547520709437	19.3275457572864	19.4248939508045	18.9513698185646	20.3886102027578	15.8373714359423	19.6372966825885	24.0528172778159	25.6542803056332	20.8216147788782	21.6797267741086	28.6740555380644	31.5212921530828	31.5507395475922	28.6888614273902	23.1512283475413	25.6809698804387	19.5846977765806	19.6538696953043	13.4862687575178	14.381318333171	10.6724531856551	9.59786194941352	11.9176879469132	15.3922495431954	12.1687946814793	12.3796520952731	19.0905345393994	21.7571709787831
23	4.58821021750313	1.33452425980198	0	1.3379106846124	3.18682757613273	3.65163607168074	3.89371532087286	6.29642319098708	7.89521931297668	8.40133447733156	10.1538720693142	12.086884834398	13.3459480742284	14.7421772136954	17.5004094237821	16.4799081004719	18.0979844457884	21.5366707501415	22.0522226770908	22.0480627266887	24.9641842246047	26.6490075800207	26.5133917483222	27.4952836864798	29.9772926562757	32.433026886185	34.0696991915103	31.221207023432	34.4961669464884	33.7284318194606	30.2435379709451	33.609943007985	32.4487417629713	30.1162414155552	26.1111663661354	25.8852104878442	21.2409408689917	19.9091564361728	14.3249833856797	16.4068411645874	13.2741984692109	12.0461283406744	11.1372200301512	11.3223634900139	9.30373274551672	6.94965740162779	4.31158091655485	9.6130241859677	11.8384280206453	7.62757615497872	11.1115480469645	14.2268400918827	14.640981695228	12.003088810802	16.7084128210911	19.1189906114313	16.669254602411	18.703482082222	22.4598801644176	24.060439584513	19.8521427558841	25.7736580446005	28.282602461584	29.8168104766422	35.3694194043386	33.3662443346565	26.3459990890458	28.5546757292041	28.2042556186119	23.7966242353826	24.6925533106643	19.906861605989	20.2789067999239	17.1265244868888	17.533572197359	15.0965410939062	19.3932879625916	22.3447127974382	19.760937730786	15.1766122043096	16.5337722555985	18.5244781033097	19.3777863286806	15.4009809427841	14.8058716730897	18.6481519459704	19.6573066568134	14.0267703339008	19.1092506132501	21.639128748635	18.7075212681958	16.2116191356693	20.8230799114828	22.5809969886185	16.4094895715863	19.6460665019744	23.9483425104954	23.7028869549682	17.9676080211029	20.0011670409504	25.3352311416336	24.7396923788474	27.8842327848553	27.0299914354407	28.241945117148	27.0149990560799	22.3388473516428	24.3549389036392	19.8156953953173	21.4743997587825	22.010606284244	22.7813030356036	23.1710039057439	22.4341814426112	23.7607628034119	18.5412192964756	21.8887585303507	27.0320461304726	28.7342395932101	23.801544592736	24.4378387342253	31.5217167996922	34.114368145988	33.6799083876426	30.7746834427261	25.4264290257205	26.9864319056818	20.3699607756127	21.0506553104648	14.3917025400055	15.5875488772289	11.2788964885755	9.69977087358253	14.3583270961488	17.1113774138729	13.721247938872	14.8719859131187	21.3566324124381	24.3399755135456
24	5.89612253943216	3.45757559570287	1.3379106846124	0	1.33111757557325	3.10877757325929	2.98575367369782	3.3346017753249	5.41646176022688	6.90562393994925	8.0428079673706	9.21872127792136	11.2967980419232	12.9405595319522	14.757937660798	14.7434766931006	17.1700944959543	19.5175085756354	19.4940077203227	20.1030731481533	23.0177452414436	23.9853902824199	24.522509210927	25.9845259144746	27.7761170252431	29.9973318313479	31.8885236566386	29.2017655973059	33.3108112179815	32.9052772211389	28.578344021304	32.3228561547398	32.2435200621768	29.9103015364272	24.8729743496832	25.2263912004869	20.6077714709767	19.1169444734246	14.4865213215596	15.0365877445649	13.1722353456048	13.3036535207438	12.5153790593813	13.7042065439777	11.8510460719719	9.68204699430859	6.10868807519258	11.5466366098531	13.7922234973191	9.55216708396582	10.9921982332926	14.7674064412137	15.5653135850197	11.1990354495376	15.9892668062047	18.7708790417498	16.7778374351405	17.3619833544443	21.3435794795531	23.3216843731322	19.5119973862237	24.6753252055571	27.4332800809528	29.1370158561236	34.7641091644817	33.0712196630242	26.5906891035189	28.5253912155469	28.3195993086061	23.7437992536999	24.9218422071885	20.384479905065	20.6630440158269	18.1357799391148	18.006794967456	15.6199497438372	19.2129654400355	22.934862829326	21.6094234536695	17.0123767886795	18.8583951862294	20.6662791280869	21.9278231705749	17.9406110263837	17.1595832699981	21.1520020092662	22.334899261022	16.7090724458301	21.3965933036079	24.1584993532297	21.2685981202335	18.0305808558682	23.0636975569834	24.7014726079236	18.7345482464884	21.033727605919	25.7531157338292	25.8892016678769	19.95873746007	21.0806242791811	26.4639911200106	25.3535316080423	29.3143992604317	29.1543164042651	29.9695165293002	27.7559533794103	23.3636178919276	25.4530024947942	21.3565426274947	22.7624857605667	23.5804501653382	23.4282131841077	24.0068917396651	21.8492822078896	22.2606358848978	16.2463916916957	17.7913295174925	24.7184391902078	27.4566154687718	22.8150556650647	24.3072722245833	31.1115084333756	32.9209679080066	32.4953013526571	30.0249116068641	24.9659491507934	25.291369694028	18.3307772066544	19.2285102907116	12.7243815566809	12.8759492853925	8.37096983628539	2.83744709201775	10.7512481600975	12.8669518146296	9.24731242037383	11.9438302482914	17.0620269897806	20.465548367928
25	4.73018371736236	3.59538120371124	3.18682757613273	1.33111757557325	0	1.32567001927327	3.2304496591032	3.4400764526388	2.92108763990401	4.96254078068886	6.95434144977077	6.8535489346761	8.88257378241239	11.1210260318012	13.0241569400864	11.3977679393818	14.3923769753297	16.947643907045	16.7036912088316	16.7933978396273	20.0358642688555	21.5521426777014	21.1670786600324	22.6550647317548	25.3266849390124	26.9750403892191	28.6954713848719	25.9113204796668	29.7681110754445	29.2732597091612	25.1310277943422	28.8893478119531	28.5573146321569	26.2279425613219	21.3018230675217	21.6200777750682	16.9557809610764	15.6800020727039	11.0271483621107	11.6335820794801	9.08236345892411	9.58309949859647	8.46507017100272	9.97912120379345	9.20724160647477	8.55259633093951	3.0975709838517	8.17788933649752	10.6375366509357	7.44994429509376	7.32718697727852	11.0962955079612	12.2670794405188	7.95664539865891	12.3906785124948	15.1656131099273	13.8777215709208	14.183270462062	17.9608307714315	19.9709411646021	16.8391845705188	21.6005540901154	24.3205713954257	26.4076792240439	31.4468031602578	29.5915257295057	23.3463262634617	24.8938460869348	24.6146406433244	20.0257331950668	21.2291503833762	16.7104650443966	17.1867528346689	14.6205529649189	13.8723578745648	11.5127335589772	15.6936413556574	18.9972983605564	17.5770526824038	12.9297215360579	15.377507145178	16.7778803488403	18.873274146263	14.9682740153967	13.8894489451526	18.1351050451879	19.9948041750851	14.6308391420315	18.2094556480967	21.6947190117779	19.6149097372381	14.9041869956063	20.3578426656657	22.2693459715368	17.0651192788096	17.7534520023572	22.6782867739166	23.2479609858585	17.7169192017122	18.1177977966418	23.4483000023456	21.8453326365153	25.8633599712025	26.0690553338628	26.5604980563242	24.0952215387201	19.733636360286	21.8723039024242	17.9877303737853	19.1654258757795	19.8749607546782	19.3009338893226	19.8574114375464	18.137988146429	19.0041020045673	13.3018643054273	16.1210697225711	21.897908096437	24.1449306894843	19.3324752165883	20.6598214174276	27.6540354017275	29.8047713462123	29.2400149110769	26.5157092305675	21.4908034749751	21.9302912429361	15.0288523181246	16.0617100583966	9.34397533173113	10.5837746102229	6.08458388059528	4.11228865718349	8.58632459204753	11.223809246419	8.04912144274144	9.73028334633684	15.7808455096677	18.8175042181475
26	8.56658963648895	5.5995140860614	3.65163607168074	3.10877757325929	1.32567001927327	0	1.32012007029664	3.46659155367343	3.65673310483552	2.90826632205512	5.26350406098447	7.10147111519859	6.63506480752073	9.26133327334676	12.1123552622931	10.3886538588982	11.2115646098125	15.5093034337458	16.7508073238277	15.9383411307451	18.6280655463738	21.0197432905352	20.8247806711139	20.7642214638546	24.0308231444534	26.5210175898286	27.9604631757058	26.1956419657927	29.2703745278396	28.1278186854224	24.5517953111376	27.1359083872274	26.5762000481634	24.8980131134996	20.4183804450794	21.2465767830961	16.5686787041091	16.4694590985861	11.9757414801757	14.8163619691205	12.4624189465769	11.7765300916696	11.7317454370609	12.5968506381555	10.0541288533617	7.05223496488879	4.70730676714403	8.14182565522009	7.99850142214153	3.80585456895032	6.50779663173335	9.30207858491854	8.45349809250585	5.31620513148242	10.4685172780103	12.8269787947123	9.53815081658914	11.9400190954621	15.5707244211694	17.0383725161765	12.7104038488161	18.6495952502997	21.1118176858365	22.6887897649919	28.3121358078122	26.6758990476422	19.5878750506531	22.361471261972	22.4911315411208	17.8321516649001	20.1717611030867	15.3911346560284	17.4314807173688	14.2653920380759	16.8304491621585	15.2770972373681	19.6422825812073	22.9515397958394	21.4545624285372	16.3484113907132	17.5868893213098	18.7545568062804	19.7924251672199	16.3962049572454	14.5046606647657	17.7408479504222	18.4747535842836	13.328423575202	15.9851505466793	18.8049664982419	16.1497854165311	11.2450007558915	16.514129404846	17.7763322426197	12.7641438804175	13.7939995650283	18.3148472284101	18.4435962328392	12.7148200144556	13.7087721186108	19.1024235896914	18.5235826448341	22.1698174327169	22.1217824327065	23.2390086062207	21.4103817107496	17.0243275931826	20.1335867644094	15.6594254364584	18.8974111983626	20.6165719264867	21.5350206408074	22.9031654362448	21.9945042226462	23.0831187450916	17.4931828436108	20.834933237234	25.8686855870181	27.4694901299606	22.4930457252903	21.9317952525551	28.7686179195317	31.298819833981	29.9225888251668	26.6095087891528	21.842939271078	22.338073909807	15.4423403990457	17.4988765353665	10.9064403450438	12.9355474951778	8.28432308640845	8.633037530325	12.955852422747	15.6224232435304	13.3007456181975	15.107013536765	20.9845244168173	23.915081120498
27	10.6033090118132	7.63515173392121	3.89371532087286	2.98575367369782	3.2304496591032	1.32012007029664	0	1.33180967108668	3.36220493129137	3.29142810949898	3.06060271842001	5.28892181829151	7.10410677003099	8.07156936413236	10.3455892533968	11.4710113329209	12.9538642883118	15.1344956308428	15.878469195738	16.9121450738811	19.0818443815057	19.9217441505507	21.6075933643708	22.5403633067438	23.2696938957091	26.502957268954	28.4458383950975	26.5571563425002	30.9927330353423	30.5555896359406	25.7549080759377	29.0618342332345	30.054084497785	27.8388536222309	22.3620431535224	23.570651242594	19.212899833185	18.3458429623716	14.3700183368011	16.1692823279204	14.5056283559176	14.212125421625	14.2325256718546	15.3185077602226	13.4329380628364	11.336504090768	7.40350707435334	11.7379910972875	12.9446985673673	8.68331705052857	10.2725971886374	13.5132173075105	13.5676878649238	8.85116274847548	13.8604671638441	16.6754707579726	14.1209181004636	13.8682100142737	18.1998399443512	20.2246495890535	15.6630056183352	20.7664631798484	23.7061428536993	24.9489880756715	31.2219348055177	30.2535931584994	23.9424883000911	26.0318518165727	26.3797997149334	21.7560805523421	23.8828121878476	19.5021095781969	20.4766045525131	17.9047512688672	18.9018592471746	17.5884941936483	21.912361830711	25.3097155061056	24.0600453241468	18.9248702769662	20.6143923994863	21.6333929608834	23.5077693114425	19.9837010335924	18.1297201577962	21.9448338795262	23.1223622063145	17.691603347351	20.8520990310328	23.9638419290397	21.2709811010212	16.5315858283469	21.8858239506764	23.1738493565484	18.044107098995	19.0180469554579	23.6109410867081	23.494374603296	17.7039111497996	18.6218365635616	23.9896023518524	23.3172278369449	27.2568402240612	27.4924144083418	28.402755517731	26.0836578148081	21.80601990277	24.5034192307931	20.4859445230138	22.6807473862746	24.0663853538499	24.1710706630881	25.2295442883933	24.0006204086478	24.7201131469903	18.8386311870051	21.408126167416	27.0108642771756	28.7600413247269	23.9254560876068	24.1782044411904	30.6576202272779	32.4356026766885	31.1992444139277	28.6386643543305	24.1579404337373	22.9775145305144	15.8875714317828	17.5980866289492	11.3213589731975	12.7076409297713	8.19548314622146	7.93578332617518	13.7163507173009	16.0007498886771	14.261089825115	16.8268590651969	21.8504368377385	24.8718915645755
28	10.9239514370945	9.31911272600562	6.29642319098708	3.3346017753249	3.4400764526388	3.46659155367343	1.33180967108668	0	1.32604260866685	3.18143819679088	2.88326793760136	2.91872592067156	5.08224615696644	6.96818161359189	8.25660257006476	8.90081378302008	10.9424693739576	13.0629605373361	13.1040840580332	14.2859036816017	16.7427027089416	17.4118079761982	18.7739693192463	20.2533954931019	21.1931297594291	23.7318394356611	25.7460447641963	23.5524508703447	28.1073911631798	27.8674867363385	22.9650964944631	26.6642469610525	27.6828274567465	25.2246465188315	19.6707325994738	20.6497828317879	16.4486498838051	14.9253957401471	10.9843399892756	11.9559222563548	11.2532068762642	12.6892208586658	12.7022638927083	14.5140187060648	14.3645932069098	12.6240381019704	8.0975520992458	11.8345570259305	12.9460428316919	10.0253338099038	8.59562336308426	12.1387271985163	12.9082685128564	7.5967056675904	11.8211243543074	14.7064304982548	13.4370965241752	11.9041171869232	16.1920758706226	18.4661958183054	14.636084107438	18.8135905663964	22.0862209080685	23.7678042107385	29.2423554796805	28.3726556740817	22.6933321704857	23.8535593570436	24.0174256322363	19.6538866894057	21.2724845986547	17.3841465134185	17.5653415850646	16.1766104298768	15.6826754095084	14.8727416100731	18.7723196755223	22.3770327791689	22.3477104196381	17.4775660776894	20.1366672763891	19.6431294859042	23.3947781780465	20.235493371796	17.9210331733413	22.0993231796813	24.0687197831542	18.9915120777678	20.6418444427818	24.517180873828	22.5525331836581	16.5433421653546	22.1939470577002	23.8885164880534	19.4416470752866	18.7334359902288	23.7280174688068	24.1307392758697	18.9153252152851	18.1566665993513	23.644723597454	21.7888450818303	26.4870378864833	27.4279059718382	27.6036210849229	24.3033073057969	20.4705193387955	22.7963780456458	19.5917183779269	20.8300750118669	21.9548444540152	20.8393461029851	22.1337240879162	20.0051478125007	20.2834117445759	14.3101100275295	16.5793928718756	22.4056330863468	24.3963391311074	19.7052586128678	20.3380507669737	26.7465221103604	28.5986642695074	27.7097576135195	25.4647176501135	20.7842772546942	19.9106617921153	12.8645911322513	14.0297343524388	8.26109907942037	8.17575085236824	3.75720028744809	3.88356189599187	9.05958558654865	11.1673675949169	9.796504121369	12.9907969347535	17.3271459277055	20.2115047930628
29	11.6484950959341	8.12586887661867	7.89521931297668	5.41646176022688	2.92108763990401	3.65673310483552	3.36220493129137	1.32604260866685	0	1.32629596998558	3.32275111917821	3.22162971180735	3.02097020839333	5.31096620211426	7.48363254041779	6.80253923178691	8.71074468687953	11.1528150706447	11.87916773179	12.1155226465886	14.608880894853	16.4456813175983	16.938212686113	17.6788565806729	19.6258654841003	22.2455320008311	23.9259773468086	22.0263846783806	25.8888259293464	25.5165075392382	20.98710961519	24.1694950919542	24.8435066164179	22.5425270544365	17.4655965257417	17.7766760953785	13.1749427702742	11.9188063999714	7.78137076613112	10.1676508102905	9.03879643536683	8.67939957600755	9.83981427670258	10.717510065309	9.63001697817818	7.21954361438449	4.36778261821717	6.40080252780853	7.44712756705564	4.93218430312575	3.68669621748254	7.2089201687909	8.52958117377402	4.48794674656463	8.86659066383467	11.5387306494259	10.0991309527107	8.98025639945765	13.246586654682	15.3583121794031	11.4706884274659	16.1264047760187	19.0745562726895	20.8195220886552	26.4177047261869	25.3561083173266	19.3888460203283	21.0297603172266	20.8194035937632	16.2451501070319	17.5187834623298	12.957832148936	13.965085176969	11.3705422034308	12.9481330700607	12.7297263914037	16.7831836074089	20.3121943915472	19.6834802308941	14.2220935870919	15.7902691554007	15.7869499587476	18.6354974712241	15.7376421677455	12.8445450289218	16.58523313071	18.4297569164653	13.5125684827127	15.0495195272142	18.9308553953592	17.3105555370127	11.4082286968661	16.9650750072023	19.0948172549517	14.4517923109904	14.2587970039551	19.3626954993358	20.4176147970325	15.3215984805764	14.8481448336147	20.3093961259315	18.1653459642254	22.1438330241176	22.5249889234157	22.7782846808095	20.2403323342281	15.8655241955632	18.0427554436677	14.3650381482264	16.1731904706524	17.7139536524176	17.986642099069	19.3926735392519	18.1633102985111	18.9825236994452	13.518809304077	17.2814406228185	21.0874897747456	22.5732429438041	17.6636129090286	17.6230867330329	24.4430235650175	26.4844754903698	25.3765185358433	22.6559836908487	17.7453167061059	18.0030057768141	11.172965273373	12.2145837833305	5.47100082251868	7.59477096428853	3.84201249347267	6.94271207814353	9.61105389642573	12.0602721776915	11.5786864108153	13.7148410490242	18.5344390257704	20.96256353598
30	14.3892328148515	11.4488307263231	8.40133447733156	6.90562393994925	4.96254078068886	2.90826632205512	3.29142810949898	3.18143819679088	1.32629596998558	0	1.34595616570526	3.45608579175922	3.61923596909625	3.39615900687822	6.71063111786068	7.91930483060224	8.1684325301737	10.7769681265187	12.1719672608827	13.4608306950203	14.9125183989828	16.3445819157298	18.1554303171255	18.4793657358688	18.9423327496906	22.8013838834401	24.6833112446446	23.6429598189398	28.0049490090591	27.3658669513685	22.4212232940132	25.0730197822281	26.8180460697643	24.8779763445502	19.2524023955453	21.0454389120303	16.5781387073459	16.2529130312077	12.7803677959596	15.434448516225	14.4064000013883	14.3207299394968	15.2113168397743	16.2882385481058	14.6935730848558	11.8981476289379	9.26895770839419	11.9246719032433	11.8690880020328	8.57316820084617	8.73774375911768	11.3653016238022	11.0550124378039	5.58279043131658	10.7098342190717	13.4745121618558	10.7050810832987	9.9376118358487	14.365341833733	16.2968982018052	11.1658214655259	16.3035955850236	19.2162671973513	20.1583259721635	26.8541532169607	26.3584136662281	20.2618097414816	22.3667025955996	23.3015888299489	18.5761128872539	21.1078199016383	17.0463165229325	18.6239482656068	16.4687289430605	18.2655313637463	18.0083397069247	22.1337446899525	25.6549255309775	25.1784604175871	19.8629121983661	21.431679285581	21.3807702386981	24.1456975256463	21.1046231428093	18.4436552234095	21.9800394221667	23.3133073801209	18.345289041059	19.8187821270632	23.3183313939913	20.6979769059684	14.9537461861568	20.539111202776	21.7379943187038	17.6177983300979	16.7229464210109	21.4735517323055	21.358054663288	16.2070990926816	15.769186472358	21.0459765751081	20.18176270795	24.4769857621399	25.560145324313	26.0855203896721	23.0845660561337	19.1912560037117	22.2008771223121	18.6374595908348	21.2479157801418	22.9822996891086	23.1795723429057	24.6942525701832	23.5434023666929	24.2802034587851	18.7180247088201	21.9411388036264	26.166750371416	27.6224197890047	22.7924141985881	22.3645807919576	28.7191766769175	30.5190437268274	29.0984408345189	26.252483825345	21.8818331270486	20.4784424700708	13.5665195978925	15.8791773716399	9.38424370953781	11.8875756149015	8.08881041933855	9.95550726984818	14.2766851544748	16.562459811272	15.5935707584889	18.2221446871657	23.0061097537154	25.691134385231
31	16.2755477019976	13.5664215252217	10.1538720693142	8.0428079673706	6.95434144977077	5.26350406098447	3.06060271842001	2.88326793760136	3.32275111917821	1.34595616570526	0	1.32983044031937	3.25242678626285	3.3594934141921	4.08492460150736	6.05581249709732	8.02949282333573	9.05927337041995	10.1718361665925	12.0379950573175	13.667191701297	13.7448424508977	16.3423018574496	17.9196329761522	17.0786743630763	20.858287849198	23.0024600858256	21.766101465352	26.637424800457	26.5632719746646	21.1313253252133	24.3639933713667	26.7097167899624	24.3630611171913	18.4528030932972	20.2988646973174	16.6276171774551	16.1755124802895	13.5997656229804	15.8319573331916	15.9356072680021	16.4935572269902	17.273747885158	18.62582414284	17.4419559109637	14.7579412182052	11.9086445072477	14.5492620431416	14.5525223243258	11.0674424778266	10.8776976424242	13.5743599849127	13.1114585763751	7.6842084172672	11.824012051753	14.5192189183854	12.607944836491	10.2182427549946	14.6442342920345	16.9459683405818	12.4758629761632	15.9777451788417	19.5810369745833	20.6981894377262	26.6987641848832	26.805271142072	21.6894720544323	22.4241102610561	23.4258908261778	19.223276255623	21.5659752619723	18.2995792574584	19.5619478324629	18.3626855606689	19.5662901440207	19.7617781841615	23.605673258774	27.232787921915	27.1980015626148	22.0109527508466	23.9077285621198	23.4552385193585	26.7939332872201	23.8121571051427	21.0086404605343	24.6284923005855	26.1328698194439	21.2089185485729	22.3747712614006	26.0386072016151	23.3905794284793	17.5131539421088	23.1135183604747	24.2279097942848	20.4137238641067	18.9684983327621	23.6846516968268	23.5609685072579	18.5689016638034	17.6080093139458	22.9719190752536	21.3044396781516	26.306069071604	27.8743187001943	27.8485715432587	24.2464963654545	20.9138166052971	23.6281576725736	20.9271184351788	22.9717763570865	24.6602338391184	24.1804660418281	25.9872314031333	24.2430358041232	24.4351344174735	18.8802966872875	21.256078989315	25.7124843412689	27.2920590099025	22.7990933810974	22.2825508638486	27.7658195268931	29.0905012160327	27.5942852054551	25.3162577803276	21.6096708674612	18.6621578066418	12.0091690803319	14.2958560778989	9.09857153623578	10.8446670764943	8.46205802390883	9.01922308184026	14.290819325707	15.8363777739734	14.9640587074497	18.6715636463581	22.3414628885398	25.1365873578734
32	16.0613602475008	13.4951989240618	12.086884834398	9.21872127792136	6.8535489346761	7.10147111519859	5.28892181829151	2.91872592067156	3.22162971180735	3.45608579175922	1.32983044031937	0	1.33028342844674	3.21810829525669	2.96255379697989	2.78212364930101	4.96497633428397	6.87388019971253	7.2922074161395	8.75540119012258	10.6167973513673	11.4950290560746	13.1430065434055	14.6363887964211	15.004780204988	17.8478729545008	19.8365845094361	18.216492170558	22.8938826108635	22.8577120902333	17.6448996880118	21.038726292245	23.1419453158113	20.422484692123	14.6946277938572	15.7067956630243	11.9585978275047	11.2435902184311	9.09476475781534	11.5705663647032	11.9041607432024	13.0461127927057	14.2057759379768	15.9103916042315	16.0783114474126	13.8582897213184	10.6280343431888	11.8764998631752	12.8080810038038	9.50047451446505	7.38417456456712	10.2391253532712	10.9528261649677	6.67569539448888	7.8873096173537	11.3355813701812	11.1151540700073	7.18332346480374	11.4589606422223	13.945294618616	10.5184991324808	13.0703384041883	16.8454800465882	18.580442755758	23.6618674241912	23.5916424608377	19.0487394071104	19.0595384519143	19.6273732577745	15.5453263072861	16.9981277204285	13.8790681243375	14.8464131021604	14.1645494810107	15.2865409102256	15.862735735049	19.4955500050653	23.1298913529657	23.6683037203767	18.5639191174709	21.1650584454662	19.3993552727919	24.0097290488668	21.6997549755752	18.4292154200878	21.4112286662863	24.1948710473935	20.0168698102376	19.4420296265591	23.9505070092472	22.4022481237933	15.5711116173509	20.5731127688544	23.1957669845168	19.9353764198221	17.0637841641296	22.0947871227582	22.6060668626809	18.4908588497127	15.6571307077638	21.1366896178186	18.3241837471687	23.7135387068232	25.1891229501942	24.3536624350425	20.6662798055189	17.3777354681213	19.3825640718662	17.3854452056886	18.5691502767359	20.1975474253683	19.5566858899968	21.5426423866711	19.8992995354108	20.1100343361219	14.7184095268477	17.4211995568617	21.1137593526117	22.5251798217018	18.0674631866236	17.3441066071447	22.9033175326196	24.4423689727489	23.0554014061781	20.672847360729	16.6863046238525	14.6175042329393	7.61412279911481	9.55747126597825	4.29816018780129	6.73881658750258	4.52225585300079	7.25977003768025	10.4424442062192	12.2076976125722	12.0594567456416	15.3517391197219	19.0728483976568	21.4818329292451
33	18.6139400718924	15.5433585173861	13.3459480742284	11.2967980419232	8.88257378241239	6.63506480752073	7.10410677003099	5.08224615696644	3.02097020839333	3.61923596909625	3.25242678626285	1.33028342844674	0	1.35632923731666	3.31951728418455	3.12851817958599	2.83341595957952	5.11828985111237	6.59108109493427	7.57523610193108	8.78545354549211	10.8538027437392	12.1762051148952	12.3997398763039	13.659413567207	16.7689496987736	18.5897490838365	17.9561235237453	22.1993549005371	21.5485010383553	16.4519839837024	18.9673547444023	21.3060476391094	19.3483095385618	13.5788733332335	16.3782276513669	13.0493023951474	14.1085121114879	12.0305991953851	14.9637381359071	15.1698937043079	15.6375541246066	17.1473900637969	18.3399378679427	16.7522993645649	13.2651545788204	11.6508353777744	12.6882883006338	10.8486948984659	7.68824986586674	8.2620451463303	9.61699537277626	7.25169338844383	3.886004246009	7.19445265464997	9.15475663248346	4.62413927125903	4.54473387559712	8.91099887779141	10.8327823757334	4.60861671220334	10.3909547203325	13.6211771150661	14.431085163632	21.0332594716083	20.6135211451125	13.8463932126746	16.7601844858581	18.1956762446467	13.917612043738	17.5999915056798	14.3489083556903	17.3419555125712	16.0388474960017	18.2614489567504	19.0759117475417	22.7371843023713	26.2948418135573	26.6935754255589	21.1484899933778	23.2137134254733	21.8821800102275	25.0131738689835	21.9395346577816	19.2752658866227	22.2374846149469	22.7941954453321	18.8716066883559	18.3653712731325	20.5783997434203	17.6471510165239	12.3621398633084	17.306172944935	17.4777490827623	14.4029822606292	12.2197900963969	16.2696592158533	15.7734582764846	11.744149096465	9.66688041717699	14.7286294678086	14.5491688078735	18.7082874416661	20.8287419687316	21.6563575192136	18.4891106600615	15.4504881476282	19.1330776667007	16.3138712450479	20.3846031357002	22.4676274003287	22.5732054879231	24.4744230166923	23.2632360818524	23.6728781942543	18.5038759993683	21.6087604919857	24.7253896025927	26.0061319884369	21.5016033588195	20.3842333434446	25.1128732923973	26.3466802842408	24.4100409053324	21.6175908232162	18.6326392387123	15.1870567589642	8.90638675333606	12.5383272409042	7.47158376785003	10.4675125985116	8.70591281830918	11.6252488575514	14.7544870802072	16.1305013251294	16.5513194942276	19.6582202144548	23.4883399583708	25.75022706696
34	20.7847132768292	17.8413155064306	14.7421772136954	12.9405595319522	11.1210260318012	9.26133327334676	8.07156936413236	6.96818161359189	5.31096620211426	3.39615900687822	3.3594934141921	3.21810829525669	1.35632923731666	0	1.31460146051949	3.30126945280146	3.45655580021501	3.1327918858424	4.91500661240654	7.05894028874023	7.67961229490136	8.74420573865919	10.9160978834014	12.469233296398	10.9016872547326	15.3116928521963	17.4681882575154	17.5874882231659	22.0219834029544	22.0406688646239	16.4318720479439	18.7536630555206	21.9535328592006	20.3799917075547	14.4755760161729	17.5610138944197	15.0607304271738	15.8797116157693	14.4515453152941	17.2376852854436	17.9914463565329	18.3299294597661	19.9678758760165	21.1776015639165	19.9375272789782	16.8247575316853	14.3900934326362	15.4297552475728	14.7779875828883	11.1754370831749	10.9077840554349	12.6575052834277	11.3510578802154	7.5248440515402	9.77212945063664	11.9217012628232	10.1447691447366	6.71196133779092	10.4764017200564	12.6334909664748	8.23809905257275	10.1058801694855	14.0317517081796	14.9725618716371	20.7838818799569	21.8169406196194	17.8769732896819	17.7290472953286	19.7045827157035	16.0138024216611	19.5908881626127	16.7720287383489	19.3455751529904	18.2978366480849	20.7862353253301	21.8997506835124	25.4333780100088	28.960749075257	29.5125061965262	23.8807535475747	25.8734311215192	24.3660076951478	28.3038353231501	25.4892445749183	22.1645537514293	25.3199037320445	26.9968902283207	22.9016079129829	22.0519790948568	25.6086162062693	22.9991085696816	16.8597063141681	22.1746160733394	23.004016301507	20.0757183184064	17.0846220326936	21.5206231090087	21.5139562609949	17.6081332059932	14.6241190162006	19.8388297285903	17.6840354274696	23.0711581633866	25.2962418552638	25.187230613944	21.3822720027597	18.6943110062928	21.9719045373859	19.6603172660056	22.5815643833637	24.6324056478453	24.7902770658176	26.7447977932158	25.7088847677218	26.0224465221854	21.0592652768324	24.0039615688744	26.4544924540238	27.0640959760344	23.5440612257104	21.94219398784	25.9535608539561	26.8291520179077	24.8462005344882	22.4904924134622	19.3603488863192	15.377241787785	10.0505554572869	13.4390009301287	9.77480316937379	12.7881163976561	11.4829496646114	13.803318803824	17.4957038155085	17.9959651311065	19.0572852736165	22.4079056361812	26.0616841550964	28.2385828433369
35	22.5148731730827	19.8391260644213	17.5004094237821	14.757937660798	13.0241569400864	12.1123552622931	10.3455892533968	8.25660257006476	7.48363254041779	6.71063111786068	4.08492460150736	2.96255379697989	3.31951728418455	1.31460146051949	0	1.30858931678354	3.28075479120278	3.11327383954575	2.73233160505822	4.88156429846007	6.68213423989671	6.8577428502387	8.84526749171557	10.7631944607537	10.5602331887132	13.3631099299527	15.5164314518513	14.7487771018481	19.5044217294438	19.9598085662163	14.1467182413449	17.510950459641	20.3879754021825	18.3929056975781	12.3459200143205	14.8310343199657	12.6870908801033	13.332255698118	13.1681203290371	15.2741143442099	17.1831433096509	17.7254649868487	19.6498525185305	21.5651486199377	21.2143272577756	18.5817899299287	15.5760286979705	15.9631377867887	16.1226636136837	12.8326974950709	11.2497965314934	12.9985932700427	12.5680395448137	9.03541642648528	9.52906616620957	11.8286453155042	10.898127086798	6.81387452188548	10.0768457862567	12.6340400505935	10.0305142938934	10.1098016795583	14.5158496134398	16.3533631097704	20.443806445963	21.2708411211217	18.3887816072735	16.7568353217426	18.159520423183	14.9814562042546	17.3712167967589	15.9180257883947	17.5625740994878	17.5593658484582	19.3244749734631	21.1341958446495	24.0270519415096	27.5450943182266	28.9558279626054	23.5035631554026	26.0759344415497	23.4904086809915	28.3407987537402	26.4015296905312	22.4103383285483	24.8582950742805	27.9888057980329	24.3273987512023	22.4097842247533	26.7731596006149	24.7455486906231	17.8344316982628	22.3778376524632	24.7392663795837	22.0890936210611	18.3266117162993	22.9402837820285	23.6903609934505	19.8016900541343	16.2025125829299	21.3596185827369	17.1727675987303	23.4751643231735	25.6834026367224	24.483095658025	20.3140223983336	18.351965426079	20.6608118185128	19.603522795661	21.4153755278772	23.3003010066394	22.8556160713292	24.9817798805449	23.4220386388546	23.0346588644156	18.3291763590184	20.1632986636612	23.1204390529246	23.6820246811796	20.7691534252121	18.9619551998205	22.7080665183102	23.5515886937591	21.6843289727858	19.5746469444534	16.2980157381198	12.2830882517386	7.09745792520111	10.232320851107	8.11124164354631	9.87630199011756	10.5820603381383	12.8813992252395	15.1778109752362	13.8308544927636	16.8052655438705	19.9039027831227	22.6969545754491	24.5196963072547
36	20.2944887592666	16.7467717784653	16.4799081004719	14.7434766931006	11.3977679393818	10.3886538588982	11.4710113329209	8.90081378302008	6.80253923178691	7.91930483060224	6.05581249709732	2.78212364930101	3.12851817958599	3.30126945280146	1.30858931678354	0	1.31861480349645	3.40228775972874	3.0263207034285	2.9006432045324	4.84618953405663	6.86493561513873	7.52460404273873	8.80971770262817	10.7052887863896	12.322969001016	14.0291024659456	13.2399535875319	17.6709165014155	17.4326838438606	11.9293724059567	15.0746964480218	17.6303021528277	15.0986724581998	9.31232618629738	11.0905861432117	7.70782024959067	8.67723504349168	8.8105401083021	11.0089819238656	13.6079131023093	13.3710281579241	15.3900338206256	16.8741045984669	15.9046416495311	13.2352432542814	10.5012594958891	10.3431879514974	10.1755043609641	7.20798543283768	5.24768034468565	6.96013433778401	6.78850800986491	3.68297610635747	3.97175729369256	6.31458003354143	7.00853030242432	3.59087022878856	7.02820731054513	9.66860512173293	8.31955293270017	7.77478404844791	12.0374067389949	14.5372858539688	18.0075733789981	18.3318885824674	14.6753650039786	13.7471999694483	14.3549867990187	10.6225389149675	12.5576861324051	10.4405799647338	12.3825278113962	12.2351432357778	14.4338763677676	17.1043233131276	20.0311031648284	23.330125717621	24.6590171134212	18.8639679813129	20.8897990895078	18.5650417182402	22.9317703852101	20.6614311943776	16.712552557883	19.3050450659925	21.9922542273411	18.5703611434996	16.3826116355116	20.674607469067	18.823521057443	11.7711410237071	16.4958755148067	19.0556379583576	16.5593734482921	12.6104321099636	17.5597668834185	18.8580212111451	15.6436806730386	11.4202198315094	16.8490389340164	13.2629210583491	18.7133476695112	20.4139660771737	19.5836956165071	15.7915642353758	12.8319985193266	15.4118944649903	13.6917560962793	15.9972281661543	17.9973732805651	18.0729464393607	20.1167641036027	19.6239303147968	20.0146603768338	15.9570566834865	19.8690375710551	20.1616353255385	20.9121780070848	16.8218202047222	14.8513040841537	19.6230330734064	21.013272567594	19.1726211301428	16.3250183767125	13.0605520174302	10.3715253940778	3.61809383515684	7.46859464691986	4.41624489810065	8.12397058094132	9.33404440743668	12.4625885352923	14.2149100243371	14.4119477170853	17.192141605978	19.4474457448787	22.7047341759379	24.0977176097655
