-1	0	1	2	3	4	5	6	7	8	9	10	11	12	13	14	15	16	17	18	19	20	21	22	23	24	25	26	27	28	29	30	31	32	33	34	35	36	37	38	39	40	41	42	43	44	45	46	47	48	49	50	51	52	53	54	55	56	57	58	59	60	61	62	63	64	65	66	67	68	69	72	73	74	75	76	77	78	79	80	81	82	83	84	85	86	87	88	89	90	91	92	93	94	95	96	97	98	99	100	101	102	103	104	105	106	107	108	109	110	111	112	113	114	115	116	117	118	119	120	121	122	123	124	125	126	127	128	129	130	131	132	133	134	135	136	137	138	139	140	141	142	143	144	145	146	147	148	149	150	151	152	153	154	155	156	157	158	159	160	161	162	163	164	165	166	167	168	169	170	171	172	173	174	175	176	177	178
-1	0	1.33117729848432	3.27436619821302	4.18225907853638	6.42156787708423	7.67002900907161	10.6916713847742	13.7498562537941	16.9542399416783	20.2036974091378	23.034154314843	26.3298252557817	29.2677888129595	32.6412954706151	36.3238984829547	39.7412476653665	41.320953982211	41.4501853071853	38.6134074901452	35.4930293015403	32.8183027440482	32.74120165785	33.1523121667253	30.2612071305822	27.9526655079618	30.0461966644699	29.4997846432817	22.1243291649713	25.3480060557039	27.9075898099424	27.3282784858469	32.1559914945878	35.4408232692188	36.1195197919352	39.8345759108842	40.6142171659137	37.9890765089124	37.7979733054565	35.0111183768814	36.3848936373325	32.4104574173213	27.2887393992467	27.2853921540446	23.7107809656283	22.0369651721829	17.7837496889717	16.6418965565827	11.942442045076	15.4727694353661	16.4174275999622	17.1348728037298	17.2914351631089	13.1981351713036	13.0171467687816	11.0792239349153	13.1435507379094	13.5496678557078	16.6564995422208	19.4259439667677	22.6605795159788	22.5345050311739	29.0667417850711	32.2264282228112	35.8718321528187	39.2635691704155	38.3784123303714	44.1080680261559	42.1884326445058	45.0473175560987	41.6185592614641	40.4339283646791	32.2955742788389	29.3817410988525	28.0831470102622	27.9257460061499	25.6860063458686	22.7877158793943	24.4234981523941	20.1802427388771	24.1479579882026	27.8583303340311	28.495264167928	32.5739507121872	35.2187761002565	38.3814443318643	41.3954057112622	41.2140437957743	45.3078443760018	45.9149202111906	47.6100313589479	46.2834476135908	42.9597093449199	43.9210602900249	45.5555859363042	42.5939647015865	39.9687945277313	42.9933163410314	44.7680769633899	41.185513399738	37.761758619005	36.9281648880634	39.7155108993955	37.0101934742309	33.5806529120564	36.6864581419357	36.4896804727035	32.5484332956288	31.2271981612184	32.456709460449	28.5727029697927	27.4419428248074	26.532439786043	30.0783660792936	28.4072938521078	33.1264207846245	32.5523356612087	37.1523458344154	36.9564729242389	39.7621735950136	39.290249070221	41.5256619453561	44.5664977084805	43.2424752066761	43.3474175816738	47.6948866336843	50.7656958782208	53.2357104770848	49.7843492073563	50.1261131247975	54.9823561335816	56.5747877680509	53.9394811246827	55.9022266730047	51.8039334896492	49.0852281343379	44.9166065503617	44.5153369076322	42.4446695828817	44.4651365004089	43.8841726593997	40.474863816942	38.6044290723228	42.7388579281197	40.3048130624619	35.9242776127788	39.6643135576553	41.0231833235794	37.0640624594768	34.1937801069142	33.410764642552	29.8300325511053	31.1204663364802	34.0400773647769	30.5471339735825	36.0011930218986	34.4922784837418	36.0067669334529	34.7367564691927	37.9127675064747	36.6977446309715	32.2152360382475	34.5386589780206	31.4181556110476	28.8427310426735	24.2728996207705	27.7023970442992	27.1094219783455	23.3506670140277	22.8820813957122	24.9344186818141	23.1391137686818	18.8837695919009	21.8538772074888	23.3327876817152	19.9491454202931	16.2782799152736	21.0771393931909	22.9771416412051
0	1.33117729848432	0	1.33201388881648	4.3564345513275	6.69953378974986	8.58672003736002	11.0578929276784	13.2227938424525	16.1271927501348	19.0811362607157	21.7541139327714	25.0133485163422	27.7886374261136	31.2221885523741	34.883094630494	38.2650964195832	39.4086392178162	39.4785326728337	37.2349720289945	33.9481762838595	31.0743469279726	30.6639693125336	31.4856494613022	28.8893817344712	26.2619848640578	28.1731641460451	28.1887391346261	21.6394213647223	23.3886487211211	26.0730495531305	26.1669073640734	30.5538368948975	33.7355681440227	34.0548080305851	37.5222934000575	37.805211413243	34.643342015458	35.2792705706907	31.9977111368923	33.6197643358784	29.4483758125979	24.7606292731021	24.2775083359063	20.3063809183222	19.2865858564962	15.0351733279001	14.8025128609976	10.2679965913512	15.2493367068866	17.1803080298346	18.3236229223372	19.5026693813949	15.7606241310425	14.9175636750778	12.0004894066867	13.3312730824929	11.4619079127342	15.373599220742	17.6766068293663	20.5567822871188	19.841409702942	26.6760416478907	30.0763287985751	33.3635849692445	36.8525428973361	35.5681121933678	41.4702727384328	39.5884685356734	42.5922117880722	39.1168415008165	38.5092814396737	30.0678105953859	26.8862174728986	25.9110775538186	26.332671873549	23.6378985106545	21.4858509023962	23.564374763613	19.4663258217877	23.881848358115	27.3828472040436	27.9244024824167	31.9580581856908	34.3781332535669	37.5976972300166	40.5008162386883	41.0127787890555	44.6210861589003	45.1099620483104	46.88260583628	45.2812341373333	42.094910535598	43.4234627246607	44.8762138777326	41.6623291835682	39.6087281037905	42.486929543096	43.83163456911	40.0824992234766	36.1760216441775	36.8430041663272	38.851620146398	35.9098846976706	32.6071180265904	36.1514202348953	35.5186221720381	31.4139793404147	30.4048546946043	32.4591539476925	28.9971129769844	27.1132334847764	27.0759629745647	30.3514502124693	28.8074678859493	33.2769386512642	32.2869707931853	36.9401605979184	36.0564506434008	38.989683827905	39.3914185832397	40.699579825841	43.9452712359362	43.5180584355506	43.6013828794455	47.4606148822368	50.6533898372064	52.9263164030901	49.3512031970853	50.2419963476771	54.8070279982412	56.2018367048622	53.2278182250597	55.8235417453963	51.6362150142707	49.0665611083557	44.868964262617	44.907144754482	43.1759966879747	45.2697000873653	44.2965907943264	40.9745712973303	39.7248403017558	43.4396128665991	40.7270467134557	36.9180216831834	40.5035488074811	41.5601115734787	37.4604697514593	35.0085660374715	34.2589604921107	30.830337283267	32.1081596171441	34.859782515099	31.1028573285478	36.1910831697533	33.9895248716424	35.3454496505562	33.5209312221483	36.8175280810649	36.2083309060222	31.349861674336	34.5182449437975	31.4922887386738	28.5679275412131	24.777693778881	28.2363139591555	27.2473133721474	23.535731898541	23.404523729399	25.8519147840155	23.7033980686314	19.6836341664846	22.9413811702783	24.511530959938	20.618952786211	17.6480303150238	22.8842655114819	25.1609669925462
1	3.27436619821302	1.33201388881648	0	1.3312674412003	3.218209129314	3.65144409788785	6.33722384013695	8.34963268653179	11.5706273382215	14.4652159334038	17.4633751033413	20.7161251444376	23.789650291671	27.0427102376962	30.7685270690685	34.2659827963536	35.7234473280505	36.1458235900083	33.6448845888941	30.8999383009093	28.0255159631362	27.9774950987396	28.8488098887978	26.0800283933894	23.1678101468395	25.98415686529	25.9075230000863	18.7028582574964	20.972566199681	24.1123855518279	24.3416142644649	28.6775792737114	31.7264550808942	31.8483989550495	35.6264074248302	36.2725193776225	32.8532735355246	32.8561857494141	29.815219737577	30.8211037764711	26.5268190516692	22.3339749261075	21.8400782278819	17.5562765129739	16.7146416653185	12.3049465256863	12.3502975267805	8.6607684416569	12.652781117209	13.9671739804443	14.7134858548204	15.5654585219967	11.808152141635	11.0487360815616	8.30232075988395	9.9399101605598	8.36710756474422	12.0098047028251	14.1001641834413	17.2405801816528	16.0653090228604	23.2848287732592	26.109581325636	29.7684407888623	33.1223220955295	31.8187922146646	37.5531790398629	35.4163116092006	38.254089271606	34.7137689973302	33.6877082331226	25.5310542868876	22.5294325494452	21.5331248312919	21.4397058048845	18.9325602336293	16.4384486494316	18.479978382022	14.4141487435089	19.319510397523	22.6618948016268	23.9593432505985	27.6814614859837	30.3095233053903	33.6807378185217	36.7920307267756	37.60516924573	41.1529666609833	41.2071112430852	42.7109625857344	41.060506012469	37.8751288578666	38.9979263294858	40.2952690647426	37.0887704029131	35.0177478002227	37.7955773470918	39.0511489971806	35.2816907332968	31.7817295155566	31.7984885961582	33.7439559180604	30.8714665346498	27.7426131609839	30.8494114368492	30.268898955859	26.2363077623358	25.2358799727689	27.058525643501	23.4790892923895	21.9840554266041	21.9536289027577	25.4835892487695	24.5451446318819	28.9699316360947	28.5031718585844	33.2193106490788	32.6807725428883	35.8074420895992	36.279437233783	37.8444542568657	40.9604007548754	40.1448831359614	40.4974754398345	44.4481940802998	47.7093872733658	49.992975286534	45.9460226352619	46.9295137093919	51.6228812640286	52.9891362545192	49.9549672204877	52.1181331783862	47.7837305366586	45.5698745883725	40.9806215789853	41.0692516245427	39.2617955396846	41.1001879436092	40.0241399282983	36.7197466494528	35.3982647738558	38.7979716609	36.049399010247	32.4070373067332	35.7764471265664	36.5942528137958	32.429548424238	29.8951210233376	29.4296709631623	26.0422829452412	27.9028754073841	30.7551918543845	27.5165849625276	32.9049432304631	30.760779590251	32.5910349789632	30.6870413366945	34.2116025640425	33.7888772971225	29.2175694574343	31.6456985070641	28.3418900569457	25.4847679604897	21.7495218568133	24.8127504319856	23.6374932258055	19.9870863809611	20.1898234019023	21.7997838062674	19.4019635346529	15.9969127959116	18.9864618083518	19.7289024530003	15.573439889761	13.1968114330697	18.2133081564004	20.2378705895655
2	4.18225907853638	4.3564345513275	1.3312674412003	0	1.33721202507307	4.07092225423184	6.64158753612418	9.70371861710756	12.0215442435654	15.6737069323118	18.1461961027649	21.374049733263	23.843101853576	27.452959294036	31.1234681390105	34.4403207592496	36.1340202855979	36.0884556749108	33.0178303042462	29.8245761243978	27.319303267104	27.3442747938211	27.5178198627726	24.5020490775772	22.5078276384017	24.5958140340994	23.8004673483526	16.0866966466083	19.9458536292634	22.5198654747314	21.8860995382914	26.7053339428662	29.9417745967069	30.6885354489262	34.5292466468645	35.5938953473766	33.2536569718279	32.553087319024	30.0833929602364	31.4219389758175	27.7580417536973	22.1560626465986	22.5514139024585	19.72074841379	16.790555857386	13.2643456302978	11.3820183183827	7.09823245604143	9.294655776305	10.2916181915188	10.9255986563666	11.7148072967506	8.09147155961139	7.22005186961978	4.92174227281356	7.01331234154019	8.28451193493014	11.3848371529855	14.4738356008351	17.6965750923731	18.2463624046	24.2170789320265	27.5658138642776	31.1714316001046	34.5509647043321	34.1556591650637	39.8137741365975	38.2841106857662	41.2305918584732	38.1511762466113	37.0875381900713	28.6281779021998	25.8389944850801	24.0317632728021	24.1741674106886	22.2136340565879	19.1361558574339	20.3021353064154	16.014647826287	18.8784531940517	22.7782939879175	22.7891329365555	27.0454068004162	29.6189089265624	32.6366864892869	35.577803051903	35.0648036355546	39.3042778078926	40.1272455321817	41.9432078172378	40.7953648715145	37.417401553288	38.3742167216479	40.2318205653187	37.4256633474946	34.5498342108902	37.7257029888112	39.6995150348213	36.4775144164182	32.9541913267493	32.0440555797795	35.4496031853673	32.8476080255473	28.9452970618717	32.4293124657307	32.9689734295747	28.9826178596758	27.1716246293813	28.5251212968499	24.4896199031345	22.9600227787343	21.6774128760791	24.9182079211166	22.6469968870047	27.3819526330757	26.6025917722315	31.1334467895863	31.0503729285173	33.7183463562494	33.0432266584243	35.4651962915758	38.4368060847933	37.011718711781	37.0875756419856	41.4806794905773	44.517839278204	47.0316718605665	43.6442480288067	43.8746933550538	48.7585671036383	50.3880415475736	47.8317182212807	49.7984204869994	45.7782302956329	42.9238008685158	38.9023958645223	38.4355203425165	36.4060721858319	38.4571846863496	38.0306226349241	34.6202304007354	32.8022129131557	36.9523210773018	34.8056194313504	30.2387781829888	34.1465896100914	35.8309792498056	32.046125850093	29.119267401499	28.0204904667995	24.4303577133042	25.2705747659209	28.1302100063259	24.4022741972956	29.7659663878061	28.3906971207119	29.9304629600011	28.8587943961628	31.9845403906325	30.6933993066913	26.4171277204771	28.3266685651525	25.1880579243418	22.6847871050182	18.1261952985176	21.49168997543	21.0409616700378	17.2616486466386	16.6250713381928	19.0509328642983	17.4830521934816	12.8931643129218	15.9721257508198	18.003447281007	15.1055889987779	11.0089080748274	16.0795668163045	18.6263986320491
3	6.42156787708423	6.69953378974986	3.218209129314	1.33721202507307	0	1.32895522874174	3.7367179449351	5.89046390363272	7.89792162533916	11.1276044591817	13.4459613639189	16.7029908699011	19.2097673593409	22.7932142972421	26.484486081478	29.8169384075562	31.3414288761696	31.3742902071107	28.5215518161267	25.3969306216322	22.7142428665364	22.7970595910964	23.2910783348474	20.3475843529398	17.8483486350979	20.6122639707529	20.1794259085832	12.5419061151007	15.6925513859283	18.8078108508141	18.5138837362667	23.1197512313606	26.2598304259567	26.5740463986951	30.5726122861623	31.7295057320469	28.9423685623689	28.028401024675	25.5738142247104	26.6132414222695	22.9494020401404	17.639865362298	17.9111892123332	15.2032507708056	12.4116203615805	8.69328666270703	7.02875757157693	3.86221180154585	6.60112823690011	8.21515100287268	9.52632074832672	11.3317128449321	9.45147766224943	6.89775347486412	3.27753825301857	3.76394447355431	3.55121753769042	6.55334395556956	9.56375349954191	12.8063967609941	13.4637193598203	19.3200891819888	22.6756099366698	26.2657046735853	29.6424427131099	29.3266651530651	34.9632518653514	33.5636588738475	36.5582716358419	33.6347323015956	32.7490414668888	24.0938201620249	21.345757658139	19.3407524155603	19.7673926454654	17.8708781541367	14.926557171699	16.1958221155951	11.9746013294807	14.9280868499617	18.7177211486869	18.6709633923909	22.89778179213	25.3562026731133	28.4718246868725	31.4066162456257	31.5739752961201	35.3914938085411	35.9997142210879	37.8252697809282	36.4759306529662	33.1727890446372	34.3748420069097	36.1046183195447	33.1237295756381	30.6288072572211	33.7126047347279	35.5746162874598	32.1197213562011	28.2676875248047	28.3800203135939	31.3617898723909	28.6172433857631	24.649218121474	28.5246161937369	29.0432401945788	24.9342487755296	23.1546392975576	25.2126441889779	21.5089293317915	19.1743832756102	18.5962825048449	21.5163737186358	19.3625955388218	23.8764035398969	22.8367835519803	27.4719026825591	26.9428763312309	29.8699454468869	30.0567206128679	31.8343663671825	34.8966772630289	33.9984085804027	34.2614211760108	38.2777819237218	41.5150682282951	43.8337113646563	40.042031916475	40.8049424579915	45.4913276790203	46.9278578351921	44.0861744427888	46.3356535402275	42.1841938289687	39.5648778969429	35.3732340336588	35.3075926961893	33.5678096693842	35.686539843476	34.806149801436	31.4720358572495	30.3026504781348	34.0612226586187	31.5343641445329	27.5520904833009	31.2686110020896	32.6754917637057	28.4542205832457	26.2468574118884	25.1595427223946	21.7827180122224	22.6411371843377	25.3186864785676	21.4859000742347	26.7182518327828	24.7155256670782	26.5092191322189	24.8613407120372	28.3070798564599	27.7227878287881	23.1997413994208	25.4126769546225	22.1179462428138	19.3035551129837	15.85665396608	18.6659223720662	17.6535975370461	13.928419292942	14.1355762174734	16.3875099084638	14.3486725518426	10.0846549767456	13.6442326643897	15.7498779677812	12.2238568790705	9.41901677458958	14.96992040727	18.003080875228
4	7.67002900907161	8.58672003736002	3.65144409788785	4.07092225423184	1.32895522874174	0	1.33287471279187	4.17035789831041	7.58162159435565	10.6339725878902	13.7956544969784	17.0042005986756	20.2845965205128	23.3619353650334	27.0678881518304	30.5891082903703	32.4508737940907	33.0157358542862	29.9592767936744	27.6884232306572	24.9597867178388	25.5894663094016	26.3537976390501	23.2984259339553	20.1704383938476	23.9811064173445	23.4873111275003	15.4380660382057	19.0596155522613	22.2945432112883	22.4079061717065	26.6702082669034	29.6610716596687	29.9243661252833	34.0143706982799	35.2393577410259	32.0703696891695	30.884429442682	28.4577856833591	28.6051426320513	24.7120204758737	20.7452725699134	20.4676072123734	16.8238769610337	15.0839598912222	11.3665197400084	10.4531761202038	7.65214910989063	9.46684445842436	11.3215176102853	10.8465980380947	12.4382257577196	10.1955550118667	6.92215060512266	4.85374999356168	6.05561929120383	6.21948663476335	9.24399107528777	11.2751768500543	14.6945104716013	14.1366191502778	20.8007222470759	23.1530468405348	27.2240381648278	30.3657978324298	29.4935627383333	34.906221923892	32.7535329544768	35.4008081969889	32.0310798600359	30.4285725100603	22.620611043913	20.0582539120433	18.6235347343086	17.8586957530498	16.023061505218	12.6534677065222	14.1414433492483	9.99822489244966	14.6718307310301	18.0625586504238	19.6278153139874	23.2983451987475	26.1157697569878	29.4603400693203	32.6893641112824	33.264838283088	36.9700394914585	36.9802891010874	38.3849912856575	36.9278361266945	33.6554153889088	34.4721863101254	35.8052633281756	32.7765787567891	30.3486649129743	33.1649231267012	34.6780076849867	31.0475236049512	27.8628007745094	26.8269508144329	29.3348193449355	26.6736792550259	23.4339812238552	26.2587850632888	26.116848144445	22.2095628952935	20.8363822915592	22.1093471862016	18.3916314936984	17.1652305548163	16.7283689880394	20.3670656698504	19.5317698634814	24.082772141097	24.0010567475684	28.6895976444425	28.7146782848076	32.0280022948669	32.3068793602849	34.5473706380095	37.3646138211008	35.6785550155832	36.4447908623441	40.652838781566	43.9640022973341	46.2950768224873	41.6937962411676	42.5972509324252	47.5096478623027	48.890590311429	45.8497807410243	47.48755004209	43.1632946495051	40.9869770658925	36.2918963130889	36.1770127843635	34.2021135896599	35.9464479747304	35.0171779274116	31.672871720133	30.24435368792	33.6355221752242	30.9467767950073	27.2425264246912	30.6107415133969	31.3736510785723	27.2168482010684	24.6683695042863	24.2531602064556	20.9026207447774	22.7589832154251	25.6112031150432	22.7349365954691	28.3760298315321	26.8892306509502	29.4019310420251	27.6838310932573	31.3676995331185	30.7925122878923	26.6080696218271	28.0235851025525	24.4394938163621	21.8825838053919	18.7551257527109	20.3623946037788	19.0283981984822	15.5627552187908	15.771107570491	16.6999081734002	14.2887139379302	11.1759030060215	13.9603496016396	14.6186021561571	10.3808119624623	8.2523699020342	13.4047891068827	15.4908199912077
5	10.6916713847742	11.0578929276784	6.33722384013695	6.64158753612418	3.7367179449351	1.33287471279187	0	1.33001541344452	4.20702198710679	7.4731046426502	10.3497598522864	13.615428968637	16.7015117279844	19.9316789558732	23.5977475408141	27.042116152402	28.8215839606362	29.2151346736584	26.1627511932518	23.6999289661383	20.9887458176995	21.6029425310535	22.3260601539994	19.2708293801798	16.1844509638109	19.9896060241316	19.9950746435216	11.8952348862896	15.3496797034987	19.0615256734607	19.8432817094351	23.4691381392671	26.1740288454032	26.0689385668078	30.333798278488	31.7700897700967	28.4379463041901	26.9642047537101	24.7211670031979	24.8992150277875	21.2311676080238	16.9189596015831	16.9086371124346	13.7540526754844	11.5127264364268	8.25726498303161	7.33921446750263	6.63176145529979	7.62571819568491	9.85808957151435	8.023145891731	9.26180603338248	8.32735173989907	2.72482531550189	5.12884499668298	3.6882489070018	2.76634885724848	5.31910076986703	7.50815736382769	10.9550255134345	11.1203620894286	17.2058105882867	19.940169407505	23.8580645904063	27.0850395606135	26.7077572813593	32.1166276093864	30.3400944131689	33.1115216956273	30.0592522362084	28.693067333417	20.4808753719171	17.9903681452048	16.0425547217393	15.7278782421533	14.1189498193031	10.6669836879973	11.845807021896	7.54417265178894	11.4623237172922	15.0344543299715	15.9700970566869	19.8740397755464	22.5450973384459	25.8252646259433	28.9612524245758	29.5599723612861	33.1972960645894	33.3693657416499	34.9435644146386	33.5237572327447	30.225898745943	31.2595010996657	32.7516636218681	29.7327870708415	27.2807945998646	30.2078813888032	31.8960985858772	28.341427028292	25.0195217780037	24.2990706406644	27.1244041777879	24.4369352620168	20.7487215991733	24.1924876149601	24.5376492150328	20.5001225362191	18.7654692187539	20.4353707331186	16.2731588205855	14.8257977862913	13.7042020563038	17.3528175522017	16.1110434485169	20.8343164514702	20.3704257442008	25.0761780381301	24.848631089056	28.1239394288922	28.6335214739647	30.5988722668009	33.4700302658961	32.1275792738887	32.833233331489	36.865592345709	40.1988153556793	42.4856829296647	37.9396349086282	38.9446552558884	43.7769883614668	45.1181720706857	42.0718130581509	43.958868354406	39.660523307188	37.3974668259763	32.8231953350066	32.5746826999128	30.1884284619124	31.7729063354299	31.3821823492249	27.9805356274679	25.6212837500388	29.7428537467406	27.4556765168881	22.9090667422311	26.5379800474716	28.021838108875	24.1595027059747	21.0892290281082	20.3552838594798	16.711511631208	18.5524891052387	21.6270300781221	19.2242705713377	24.8678057134119	23.025374242344	25.5675905982554	23.6687291167059	27.452369879484	27.4435674248083	23.4826799364979	24.4119562919484	20.7536799146561	18.0627403790233	16.0866586648688	16.9332296387901	15.455707295365	11.9660266588371	12.1324073868297	12.7934091625337	10.8463426554761	7.88032822920467	9.20842022281781	10.0635021240123	7.26196984295584	3.62027899477374	7.35617604465798	9.27502291102291
6	13.7498562537941	13.2227938424525	8.34963268653179	9.70371861710756	5.89046390363272	4.17035789831041	1.33001541344452	0	1.32854243439944	4.09276275882197	6.36051153603231	8.92980050169096	12.0920748426397	15.0932361009825	18.965706973377	22.4609248696486	23.6595346108075	24.2324713968675	22.1620083476205	20.0681421412148	16.9642882255637	17.4875374481372	19.2715270022902	16.8313480446457	12.4953039578875	16.554588517991	18.1243490641733	12.1039549321699	12.5487706967655	16.8872366004625	19.1860628061101	21.5400829153465	23.7868267114384	22.6573036568785	26.7973955824069	27.4770776102554	22.791338815436	22.1394852243678	19.2669765661351	18.9766964722525	14.6997845562444	12.545536337678	11.1051316516285	6.76328123029052	6.41130267574383	3.74766967594531	6.39477114524046	7.54974953226927	9.32512278739535	11.8995580590205	10.2844487455575	13.1688971823764	13.3125799528115	8.8425391715276	7.28959148375271	5.70029288721202	3.24016928570098	4.39965100888695	3.81553482489677	5.99410176757119	4.05927099366377	11.2139119846733	13.9363566257469	17.5442359195264	20.8996886101205	19.8923764543103	25.5658094532522	23.7297507150834	26.6825367796992	23.6074866303044	22.9651247982675	14.1331368068097	11.2800688827684	9.5674442773397	10.316612913161	7.99011013691301	6.19286694512325	7.93365048385672	3.81585770174938	8.4999492939664	11.8243121575845	13.7313075123966	16.9476631132437	19.3037897315527	22.7817189210999	25.7832429690293	27.9826988869909	30.5274543648828	30.0901757555518	31.4816994458686	29.5109896309832	26.5226352574551	27.9779525519649	28.9889386145819	25.5537237012534	24.1922100478646	26.7324556672222	27.566108412324	23.7347703169843	19.7729283112037	20.9542154470169	22.8817529485833	19.5772918198611	16.4549376176271	20.5115227372324	20.2761488207204	16.0118472388416	14.8217341428053	16.9956510319552	13.5598482292391	11.2538719114801	11.4933383313988	14.6861668586463	14.3701978761602	18.49608317996	18.473376681051	23.1802594463479	22.0995296556284	25.8311603494694	27.7366913131325	28.6005162191174	31.1793699423192	30.8604347506642	31.9657768558814	35.5659137236765	39.029694182763	40.9687670060987	35.449432506036	37.500170799611	42.173659101387	42.8820263630347	39.2070809165895	41.9536811495726	37.4801836308202	35.5993979022118	30.7458011604837	31.0350196230001	29.3075669921609	30.8676189395943	29.5295014688701	26.3128293043527	25.5660833723118	28.1899157324033	25.294170771148	22.2541042282092	25.3340835437164	25.8623783322416	21.6605676980083	19.513870989632	19.0860238132514	16.0719426641586	18.2498628487997	20.8304874642914	18.3074816127178	23.5926612742183	21.5357279654067	24.3276342664058	21.2186698452094	25.4311540438101	26.5565541062842	22.6339615180374	23.8227320221674	20.1346657037061	17.4982133087924	15.9738355444145	16.3528060894759	14.2650806166667	11.3289292080055	12.578997138087	12.6971675581604	9.64716937759465	8.42005047490809	10.8510732188111	10.714210096876	5.86371418130181	7.27692146446559	11.4318982675669	14.0110442865619
7	16.9542399416783	16.1271927501348	11.5706273382215	12.0215442435654	7.89792162533916	7.58162159435565	4.20702198710679	1.32854243439944	0	1.33100488353724	3.70710156321621	6.99827271546344	10.0256880561885	13.3132809254518	16.9870671394446	20.4477350579471	22.156275612115	22.7079200940993	19.8083361744494	17.8423456978055	15.0121054486038	16.0745145805402	17.3002805179569	14.4360668466172	10.4397463570721	15.0735181692928	16.1426097951973	9.45990639488573	11.5202131056678	15.9181882763083	18.0116108108076	20.1314078245909	22.2253927524352	21.3338964795463	25.7543306067154	26.8796473377163	23.4124494446865	21.3330263441454	19.3577088262015	18.6496127037534	15.1823924662749	12.1506234819453	11.851315285655	8.69635026893466	7.16723942672491	6.67764194907154	7.17538068676499	9.04492476475067	6.83313793216558	9.37528111578528	6.21297247700326	9.43259953565295	11.3341181394937	7.36107179696001	7.45741704613602	3.98577194530747	2.91597067886492	3.54469829463665	2.74536664218096	5.28951046884303	5.73703669153336	10.8148462309919	13.284061464778	17.2627688103618	20.418599976492	20.3938564768903	25.707415039245	24.319224864292	27.1372430066136	24.486876362656	23.3703346574241	14.9168032433226	12.7905165259265	10.148937333534	10.3437848488839	9.37977286505382	6.26144216614671	6.76908701377077	3.43898778712574	4.38731911308034	8.20591353841849	9.25843042853377	12.8399209888535	15.6698788125499	19.0145770660302	22.3085265313512	23.3322923005863	26.7099944215644	26.5169232755235	27.9276167619079	26.5623457736699	23.2338760649186	24.1421056869528	25.7499361552607	22.8595445492687	20.2123401416066	23.2463120085746	25.1283318984767	21.9520395407807	18.4984052555889	17.8160142849067	21.3330133830174	18.7172782743646	14.5235068079304	18.4293665924795	19.4915669970375	15.5448433572037	13.5108816884761	15.7462659383106	12.3300881180955	9.1760007628596	8.75537886102023	11.1140204246708	9.73566587347778	13.927885912801	13.7925119902069	18.4876966926656	18.6333670870297	22.2464610443998	23.2668965270403	25.3633703990617	27.8983509190059	26.1353803492507	27.3958334970849	31.2797002063639	34.7038908193303	36.9033473820465	31.4702521280018	32.8100812098964	37.7411890379728	38.856338080164	35.5952190890855	37.2532574280424	32.8408273495051	30.8727144579157	26.03354409219	26.2525051376054	24.5997881698197	26.3403266874198	25.0269692132308	21.7831444240725	21.2134104283116	24.1060372106242	21.2658913286041	18.0326371338193	21.3281103241708	22.3266967104406	17.9835367211236	16.2207373445229	15.2637745659453	12.3209002917806	13.8049469756316	16.2440267483158	13.6152640077231	18.8548250323359	17.3715811888268	20.647786975848	18.6518532323198	22.8589297431004	23.5250226567372	19.5440453847201	19.5962831169587	15.8186202306017	13.465345298209	12.0789109194496	11.9433208949605	9.6298659388384	7.14617911894181	8.01753440903125	8.35244832369527	5.28075979381755	3.83837856392514	6.18863902647424	7.48926304785724	4.09421127935528	4.0899385080952	8.15890979236809	11.484968828865
8	20.2036974091378	19.0811362607157	14.4652159334038	15.6737069323118	11.1276044591817	10.6339725878902	7.4731046426502	4.09276275882197	1.33100488353724	0	1.32736242224947	3.57219204410962	7.44763613504312	9.43904407236242	13.7005695502048	17.170278652369	18.4817801361233	19.8458334921968	17.5953461460694	16.5582935413043	13.6201151610403	15.3383992971887	16.7576250405599	13.9211429846834	9.89304528444098	15.0951525000578	16.7764626188002	11.0564137947166	12.6855866636116	17.1612123988954	19.2655357049836	20.5908719096594	22.1678292577329	21.2357013069971	25.6999940856024	26.0639318791314	21.0831858123956	20.1680984973795	17.8382757855125	15.4895986390868	11.5008153189241	11.5578799959162	11.0826606011372	6.7251527863685	7.95949401658171	8.26955307135761	9.37616318117384	11.4224447908493	10.1491041476576	13.7090856369052	11.848109469447	15.2553823616453	17.147301916045	12.9780740096518	11.9195859827429	8.55254938600181	5.39352741719182	5.37591601496898	3.56137950799968	5.7199378493127	3.52040111350965	7.99681455330809	8.25111925740987	12.2771366775808	15.1224262934226	13.3559224316406	18.7727660721589	16.6031330175964	19.512599468036	16.4684036263385	16.0622383869746	7.03844322275884	4.28427134994972	2.75698186428565	4.41078190347244	2.71411035147799	3.52555953006045	3.85276900423579	2.76069773789164	3.34470656410992	5.72316992583655	7.62565728314615	10.8545123335874	13.5908650570889	17.1765772492659	20.5417882619795	22.7213193719027	25.4115445614784	24.5067581903442	25.63843054869	23.8743733739757	20.7410343040071	21.8351174487338	22.9836936326605	19.7668667724554	17.9015593454872	20.5610847233311	21.7003049287331	17.7519928177092	13.7248193795037	15.2279476621113	17.1679682257395	12.9331297063008	10.8200628926083	15.024009318421	14.7085946303513	10.6773653585517	9.89884063918599	12.8863677582164	10.7643755044127	6.40934263399922	7.82368992228092	9.87358420230465	10.1688804201839	13.1875032132698	13.3242468455069	17.8033751294523	17.4552252635135	21.4753712657081	23.3607025793318	24.8818589739593	27.1806037460539	25.9883425212152	27.9220635340585	31.186010341177	34.6893754628128	36.5404214261412	30.2748775389761	32.4448782090487	37.2591585117002	37.8042857094272	34.2333600016125	36.1263306190928	31.5307240957134	29.9116418974285	24.9838012119853	25.7787061544989	24.500935227048	25.932804919638	24.0745323734439	21.1011215341744	21.4313421651562	23.0739979414058	19.9137553213853	17.6803697642329	20.5843042389098	20.7423557244591	16.1355015416317	15.3262584148904	14.6842225875257	12.7511791219479	14.5913539125059	16.6387586075404	14.8324831703933	19.2695377733873	17.2569816885804	20.7500112048163	18.1035736803538	22.5132753281258	23.9956167038899	20.4662508046784	20.3346121182579	16.9381589908703	14.4694459465454	14.053576092938	13.9216572648518	10.9639479659473	8.77817230407332	11.7585710866584	10.7000878501067	7.6449776978092	8.13929321255845	10.6364931250859	10.057483880176	5.95903322695889	9.7720800242323	12.9121582239376	15.2700262278753
9	23.034154314843	21.7541139327714	17.4633751033413	18.1461961027649	13.4459613639189	13.7956544969784	10.3497598522864	6.36051153603231	3.70710156321621	1.32736242224947	0	1.3201893803542	4.10534444352724	7.39854593822327	11.062857271067	14.545004503265	16.1489116970773	16.7968547948716	13.69804602854	12.2949107357475	9.91932769899251	11.374359850119	12.6610291050925	9.21522756094498	6.28309987187853	11.5497607767434	12.876099603529	8.01341506475236	10.1273020099136	14.2280794909222	15.895371559042	16.8541697214666	17.885423925644	17.5141312659235	21.9639395601062	22.4356851689446	19.253787783187	16.5026009162192	15.0687125860174	13.211930290461	10.3721284700875	8.8876122777718	8.96870837969437	7.13523846833447	7.1012512277767	9.05039358260182	9.79181357052921	12.0330252638312	9.36212999268864	13.1859955255567	10.9487784250116	14.9534165326858	17.6713408659332	14.8387847885196	13.5209267064059	9.41477838294668	7.37768405395623	3.8228582238948	2.8151781471161	3.50857392682554	2.98353314042261	5.61199527797378	7.65772505382637	11.5612557708927	14.6027200548391	15.2679540869103	20.2995827543327	19.6419185417311	22.5462209915542	20.6631606730432	19.7472389209226	11.7505316475468	10.5728823884502	7.03372476004002	8.35320639036292	8.38048178805968	6.42046587094737	5.63081743621652	5.14362207009807	3.44833960044541	5.1827792737102	3.79422231820962	7.66424308069623	9.99330681006042	13.2794589498217	16.4338392653695	18.0889914036134	20.9653440944813	20.8156384720719	22.4876193715564	21.07837394108	17.7799408322975	19.1613860145867	20.8509541508296	17.9054883485483	15.4363890207522	18.784683681127	20.4869442572581	17.0610070042773	12.7623959349332	14.493284720863	17.3125657832685	14.1485277325947	10.1934780129257	15.2795735869821	16.5979525544568	13.3066907230911	10.9312197398095	14.36842792375	12.5667389962552	7.88887533175675	8.22994993909441	8.82528305495071	7.27930917051887	9.99993804980811	8.70941708726824	13.3192275301535	12.7392164594217	16.5850445281283	18.3510041687097	19.9627195291624	22.4666783704223	21.4233198874498	22.8998913534541	26.146941312513	29.6415939348747	31.6174023126505	25.8218631783224	27.7148735880213	32.4565666237204	33.2707220540823	29.8623227663221	32.0355717913697	27.6045059003055	25.7713219102164	20.9874801488888	21.755188323708	20.7131340699567	22.6229515978795	20.8394774646583	17.8544372636048	18.5367801680874	20.6850870677404	17.171008881251	15.273471478351	18.5298219365433	19.5648476866036	14.3083495204723	14.8364647069307	12.8271309730586	11.6238782254461	11.8683448719693	13.345423185497	10.5426427901167	14.5928033633021	12.1904214857404	15.6992778814823	13.4600211366847	17.8037599118838	19.244818055778	15.726542245516	15.3338201698077	12.0378279186903	9.74849983330768	9.87875336264652	9.63836360592399	6.54344702737021	4.18726903840677	8.05947175688333	7.98465609779157	4.24698905108078	6.60521771026513	9.32816648650741	9.4231614121801	7.00090294176401	10.8454986976164	13.4804656076858	16.45778931084
10	26.3298252557817	25.0133485163422	20.7161251444376	21.374049733263	16.7029908699011	17.0042005986756	13.615428968637	8.92980050169096	6.99827271546344	3.57219204410962	1.3201893803542	0	1.35264038088474	3.85374324520978	7.36009062444206	10.8946613072642	13.0741718666996	14.2245385865412	11.1708037759151	11.3331665477924	7.43798319438811	10.1709266539485	12.3487951639016	8.75932069283914	7.04856034946144	12.2439103639319	14.2329744256076	11.0090675354455	12.1571072628319	16.2521369364155	18.0805584537646	17.9180051903107	17.972867356101	17.4895996809533	21.9473446229834	22.0019064173994	19.041181764796	15.8753060442941	14.4630698677701	11.8756829277309	9.44109453400399	10.3193927146901	10.4435561472135	8.19146555873856	9.30285655054403	11.3318931339825	12.4085884370463	14.9038949271658	12.8098177192339	16.647540238726	14.3697347574686	18.3142676075239	20.9651111611649	17.8744939508787	16.7310317972323	12.7062758509329	10.6375682841522	7.16281152900172	5.14799349261438	5.73172696488589	3.53494469546555	5.66747518741812	3.73079428540358	8.24401018922223	10.7541879284305	11.1405695096795	15.7771369709463	14.8603406084787	17.7038904481473	16.031833363655	15.3130044406707	7.67398651288885	7.09282419068737	3.5490693146232	4.33542373938235	6.07586281938623	6.14073692646086	3.78598098251959	5.98349212416963	3.06262403830441	3.27376007062216	2.95321468911422	5.30771645813904	7.35423667011064	10.9424637993461	14.2112706328463	16.8115854695505	19.302650413868	18.1170993539253	19.3548064573118	17.4932513844625	14.4103708488019	15.9594221073321	17.1853265607611	13.9397106856635	12.1972046797617	15.1484844456467	16.644244891253	13.2360881683374	8.54951086320147	11.2330935187062	13.7846122905216	9.51281141408785	7.12705640499638	12.5054239832162	13.3869414355931	10.2120130238851	8.4735604087066	12.1710506530866	12.1120730678113	7.43394847977843	7.27508460431905	7.75932058881447	7.21543685441152	9.38813937902501	8.88426125234957	12.6480940066083	11.7928558034091	16.1431711258972	18.3103122310899	20.122500515592	21.5555770277671	20.975961360567	23.5329553605152	26.0787007345075	29.5935056895934	30.9140924660583	24.1905997858672	27.0431230814786	31.6388274277034	31.7468563798055	28.0001813029845	30.2594100405147	25.6294960933687	24.2552221387478	19.2488999166186	20.8584615683899	20.2637807676653	21.6798198101368	19.2771213878006	16.7284651417875	18.4757662628644	19.0946814322732	14.776837618381	14.6837184323318	17.2863423835119	17.3234592677098	11.8513063414967	13.780204969448	11.7240223899479	12.3296917236401	12.062549771918	13.7638914192172	12.6482190445928	15.3377223211271	13.011204556074	16.6727767933239	14.0151839088897	18.5005796125419	20.733347631292	18.1135407361454	17.1177397164462	14.4154843484359	12.7053247498834	13.5218718009009	12.8706309480149	8.76378109037418	6.85287523598671	11.7388909186516	11.142877994486	7.49475770122023	9.68302685114525	12.2283953567097	11.4261014348727	8.66914886248933	13.0938296155097	15.6605033444012	17.8316991338459
11	29.2677888129595	27.7886374261136	23.789650291671	23.843101853576	19.2097673593409	20.2845965205128	16.7015117279844	12.0920748426397	10.0256880561885	7.44763613504312	4.10534444352724	1.35264038088474	0	1.32411706431116	4.71017228984248	8.03928678428628	9.40897789348025	10.4517675538638	7.07981419247709	6.59742805947894	3.85575517895003	6.14391845649012	8.25695216166353	4.35068029163256	4.05611205466516	8.8910069733411	10.6578465460899	8.64846240669404	9.74319624148051	13.115319096385	14.7113978261755	14.3397158270309	13.4733579333439	13.7037725462735	18.0330191870358	18.2385444868827	16.4421748561436	12.2400379492876	11.4203744684664	8.70173718288481	7.83999260203732	8.17542102891343	9.81063693141276	9.54125845997266	10.0550227249868	12.0886013665767	13.2506015335154	15.7644324350736	12.9575302044796	16.766883312053	14.7410155348945	19.1340634994243	22.1513133244961	19.4031225322111	18.5970450609768	14.556119881342	13.4380847221619	8.79680106629677	7.38730769631264	5.62235475579405	2.94222058996262	4.16816626347846	2.62008301395205	6.05821698191803	8.35598474148918	10.5565820226056	14.5758896126446	14.9940360810557	17.8647620191258	17.2500274202681	16.9482992067051	9.531393392364	10.8493512248429	6.93735324169096	6.4131779173823	10.4513992364659	10.7666944323687	7.85621467374715	9.46973595196825	5.81428619866618	5.36855259823353	3.3320499696133	5.51214495455263	4.85790191337784	8.03541722625528	10.6605683244375	13.1074848083071	15.5046179249925	14.9502404662935	17.1211351551233	15.3400872552929	12.274455344332	13.9473873539097	15.6759323167715	12.5459891997403	11.076111005222	14.366077335167	15.5454249539857	11.4963198024411	7.21359029887337	11.9008565237969	14.2004195008457	10.1469366805948	8.14685448501444	13.6204067854084	15.4516234422147	12.760466253237	11.1500437218874	14.7077770924093	14.4870412783287	9.83281241558081	9.51901701857918	9.18390467067249	7.59959268645367	9.25923868360677	6.98920553425066	9.9341637796042	7.50471158673003	11.7409583084176	14.1202718812351	15.504116195385	16.8728958095521	17.7691418475964	19.8660499848359	21.9444617158863	25.450959805084	26.6450585475056	20.4422045288663	23.4431788373505	27.7362216785199	27.9090318355904	24.0931675999649	27.182142170918	22.8128787749376	21.3697904762775	16.4393271151833	18.647599175229	18.6812978938831	20.5646133686	18.087528548699	15.8619285712677	17.5039871172256	18.8981720544607	13.7923840578777	15.2920790934392	17.9157423792596	18.2079694090253	12.5068693524799	15.6426281679263	13.0134803185005	14.0066268244713	12.4620789196667	13.0617325420482	10.9624643671029	12.6805948204333	9.24512866324747	12.6488942599739	9.64819179950316	14.0308740640061	16.4000390548315	14.6182315619913	13.6570124478233	11.7119343406629	9.66195497816047	11.2590026645347	11.21353717611	6.63678220224229	4.04427434776623	10.5817869001412	11.2755653516797	7.91254175344434	10.7635124843148	13.4730755583126	13.1487775097155	11.6977403800905	15.8926449655179	18.1672942124027	20.3569566242108
