6	7	8	9	10	11	12	13	14	15	16	17	18	19	20	21	22	23	24	25	26	27	28	29	30	31	32	33	34	35	36	37	38	39	40	41	42	43	44	45	46	47	48	49	50	51	52	53	54	55	56	57	58	59	60	61	62	63	64	65	66	67	68	69	70	71	72	73	74	75	76	77	78	79	80	81	82	83	84	85	86	87	88	89	90	91	92	93	94	95	96	97	98	99	100	101	102	103	104	105	106	107	108	109	110	111	112	113	114	115	116	117	118	119	120	121	122	123	124	125	126	127	128	129	130	131	132	133	134	135	136	137	138	139	140	141	142	143	144	145	146	147	148	149	150	151	152	153	154	155	156	157	158	159	160	161	162	163	164	165	166	167	168	169	170	171	172	173
6	0	1.33871804350281	3.93495387520616	7.72308921352071	8.82037391497662	8.38171897643914	11.2805500752401	13.5643581123472	15.4187020530264	18.4779000971431	19.7095694524259	23.8600570200492	27.335056264804	29.889142409912	30.8976018001398	30.6284359541913	28.6038988601205	24.5603371923107	21.8453345591227	21.0491239485162	21.7070682036981	19.3022112204794	15.9114845001967	18.0058129224981	18.163722305739	13.9668420553825	13.0110153715996	14.9785628816653	17.1842908203976	19.0254287205308	22.9441756879606	23.8211449556901	29.024604079987	27.9817454423415	30.8240214443216	26.9653091767923	27.6332440911305	23.2116081519571	23.0609190406627	23.1741025284691	19.4327365803172	16.8193014123655	11.6021399319264	11.3113229111364	7.48695238398108	8.89258713761074	5.90060107107742	9.51786746072879	8.81192107318262	13.1950811289662	15.7901478460463	12.543189426936	10.6440283257797	6.06367264947573	8.95777907742762	3.5824585133676	9.33203273676213	10.5859452577462	12.9371432317958	14.5648316159165	18.7806652171855	22.1981082302074	25.6066187537519	28.2479583864038	30.8815162030623	30.3882842391603	34.5338523915303	34.4750771572741	29.4808454763428	29.3952087252328	25.7860352516629	25.4323879531593	23.6701739959807	20.819710228531	20.0733807815226	20.998288549308	18.58839094704	17.4218883304882	18.5493765663431	16.588820150933	19.1345948742063	21.4433114513594	19.7101536523691	25.2326924643408	25.160582525053	29.7957702702917	32.4148157020829	33.7739813613971	36.4000942306473	37.0827364281548	38.8033668255733	37.4944129971387	34.1014642207633	35.7355183815766	37.7773961251963	34.3650988504325	32.992457153113	35.0524108871273	33.2588174925087	28.7419743580708	31.0486620645721	32.5915983498815	28.4121117483372	25.8324905109825	30.4180125254758	30.5251445369223	25.9677838869627	25.2610168045548	22.7026897305143	27.4906478825072	24.5882720214333	22.4570010019147	22.5881392327921	24.9074627370995	23.6455862477546	27.4404787859104	25.0788176754806	29.5884940475179	27.1659854413566	30.294945948128	31.2288824487845	31.6032372076026	35.2446051190817	37.2514376769542	39.6760406290749	40.148183333745	36.5348162442348	40.2055756083656	37.5940794939842	38.8179635735828	36.1397532919083	39.1060235130088	38.654415918495	35.2295545813455	33.9334874865523	37.5661157560906	34.9554766667542	32.7305953963566	34.8462522949025	36.8146508336016	32.8320596216564	30.0402034114285	29.6503174687894	26.4555894094235	28.8521992402659	25.8051695983576	28.6157929297792	25.585487409858	26.4097811804642	24.9320046526548	27.2843859560739	27.3589312656763	23.2352142662813	26.1903042555828	23.6204016477282	20.5243193553404	15.8395562122176	21.1804121536858	20.7798533681063	16.934906258967	16.0022954915849	20.0662385364074	18.8370927162341	14.314703524698	18.2014630181203	20.7357610181059	17.6179152285394	15.8438688772661
7	1.33871804350281	0	1.32987894185899	4.76096145752095	7.07439651136406	8.77917587248371	10.9892722688993	13.9775570826951	16.0458257811806	19.3308653970794	21.0263955303804	24.9822652295583	28.5414025233519	31.3366593784341	32.6849805874197	32.263627988805	29.6555661385852	25.6521985412557	23.2048370173117	22.7806137318554	22.7524821722818	20.0593522078855	17.5870521122785	19.4220272113907	18.7531137147941	13.7694357909102	14.6609923606828	16.7575883109712	18.5663174862437	21.2885522523257	24.6586764851644	26.1601674497699	30.9054273227212	30.7264876938449	33.0926521904788	30.0434608026439	30.4753744029503	25.929678247136	26.1433269688462	26.1794819276471	22.4712043513471	19.7427057162892	14.553284474647	13.5977419081258	10.0905750579439	8.8241428478918	5.0417510846927	7.90331987205377	7.215891767481	10.86507528736	13.2063665328507	10.1517871333081	8.00217307985774	3.67563287067683	6.74187815078261	6.27354724219081	9.1421549975922	11.7092362688606	14.4809616393387	16.7582004105453	20.9631555592187	24.4717650773294	28.057745187381	30.3279035872907	33.0088087334275	32.3902543058865	36.9635752599772	37.319460888389	32.3070173491766	31.8967123854481	27.8185498004479	27.4081769550621	25.3270873177316	22.9245064287107	21.9256416325726	22.1197432851288	19.9191226965446	17.8405161920837	19.188797408905	16.0901001550643	18.9159188515916	21.4087729914631	19.8385666316899	25.4526751835637	25.7276823674423	30.2335011700597	32.9565382284001	33.6236906659575	36.7253784868175	37.7021698314567	39.3178687367461	38.3211259098686	34.7620046746444	35.6915259550499	38.2384842926599	35.1504779199373	33.1254330990555	35.5907180877262	34.2037606996658	30.1958395312997	31.0295605673042	33.3921886973585	29.9971812175744	26.4110427851685	30.9404335296065	31.557162831915	27.1397830684035	25.9316787925502	22.7453140228927	27.3783024309397	23.6927123816586	22.4403232151411	21.3996693899696	24.1855903587239	22.3436894446732	26.871684372216	24.8128390354671	29.3040688130505	27.4242843844648	30.4936384677198	30.7241975322383	31.792881294403	35.2838907293399	36.9225539338762	39.8570826077374	40.6566232980556	35.8982532861976	40.2697929594876	37.3999774598863	38.1346352939162	35.018677373653	38.03872476832	37.838270745371	34.3893453412536	32.4483342253497	36.3854087513113	34.6398890298453	31.7128070974488	33.6110564249326	35.7272486626104	32.0344340046769	28.9401839662432	28.4568642158619	24.9427262744071	27.5799539521008	24.4683168812242	27.7336674459041	25.0638178456515	26.3181613909483	25.5304240661999	27.7014241872146	27.3371215200138	23.1054290373496	25.5203776617824	22.6311053861715	19.7407864584975	15.2571405577847	19.9569373151293	19.6198516049434	16.1457380134821	14.4411383900301	18.3155418702259	17.5315976168745	13.0339096974009	16.0161097960772	18.4427902986506	16.1397692052892	13.0659604315948
8	3.93495387520616	1.32987894185899	0	1.32772286264868	3.62069178472844	3.8798030877868	6.8385392446048	9.54046927566983	12.4653024030707	15.8846569053285	18.7245384722828	22.1486984719193	25.7348183207109	29.1515500960069	30.3946849629997	30.4159909587046	27.8999416486845	24.4069024253386	21.7242418970145	21.5805963077946	22.0483478972915	19.1350629212449	15.9890387766119	19.2640337676199	18.6370581906051	12.7620734992398	13.9417418208773	16.8487280825586	18.8569214083317	21.4875503722504	24.6779751195271	25.5674106627949	30.4896156912481	30.0992881145053	31.671154210101	27.9211899818041	27.991929997769	23.1544948552112	22.8003528481469	22.1288873873044	17.9404761085095	16.3993598960447	10.8315528895907	11.5596271998711	8.54093443365537	7.97978533545859	4.7396474552439	7.31481476183779	7.92591426902916	9.88658712600056	11.3162889234943	9.17063661912301	6.63348611214345	3.71140014010885	4.98141475888126	3.53280016417572	7.12440776486018	8.10032233926527	11.9768022860862	12.0123778245608	17.8146207649784	21.2024592913181	24.5724515057004	27.121522855474	29.2864127540401	27.6058901323612	32.5006789159857	32.1825732656666	27.0520572415482	26.3534454104202	22.7663589754708	21.6083231649288	19.20264924431	16.7522168383769	16.5365109076855	16.6066370165666	13.8466848378953	12.447951879727	14.2170254976208	11.7996323247803	15.013495062776	18.0384390400057	17.9080543331765	22.8757986527247	23.8828314485532	28.3527197460843	31.2839899309535	32.1694592742868	35.3145395694181	35.9463485767331	37.1852158525401	35.8856839840068	32.3932949389222	33.5318243315212	35.5630205269462	31.9499623473957	30.2408643725671	31.7708934403803	30.1913376649661	26.4277030594791	27.5253671546812	28.7101259837013	25.4434515150755	22.2204326015494	26.2451556482334	26.0001804993735	21.4485449623046	21.0169512774808	17.2566617281559	22.2084326326736	19.3816001403393	18.1264973450471	17.9134376935305	20.863571050997	20.420078109547	24.5319267282454	22.9726861511666	27.6043774246042	26.2868360971799	29.352145219728	29.8501397986676	31.0928541790554	34.4645044792465	36.1786930388592	38.9737968383887	39.5985544180593	34.6867740933054	38.8062681148291	35.5625764814643	36.3877285496086	33.5199114109808	36.2911416877452	35.7384700987605	32.268572404121	30.9701523083113	34.2450296101493	31.7727784431894	29.3637965188427	31.0944166370749	32.6418015587375	28.6141163414144	25.6739941185629	25.8096162892826	22.5990585202127	25.5511240065873	23.1496020052181	26.5802480801064	23.8051900853574	25.7353078279627	24.7829608602362	27.1957001013028	27.1910134051675	23.0523416814865	24.8898806345069	21.63611233563	18.7539829369657	15.1894321816189	18.6772567846566	17.937885076006	14.4528642835944	13.941954167189	16.7978802829405	15.2818283264798	11.096295958562	14.0258864603989	16.2738731099883	12.5012929731288	10.1638303803241
9	7.72308921352071	4.76096145752095	1.32772286264868	0	1.33739672498478	4.64991666591994	6.80664381321661	10.8360068290861	13.5691256534826	17.2411014439333	20.3655097898383	23.593078434151	27.1786986075493	30.6146509207601	32.4487505152356	32.6263511597604	29.314253410244	26.3757175447418	23.9369080083456	24.2682421283454	24.2338323217769	21.174973175898	18.7120327062562	21.734766918465	20.769205040155	14.3752981882116	16.5269668723574	19.422719685976	21.2665570556214	23.9365000574437	27.1349652293862	28.6702544983472	33.1097107205726	33.4328210296409	34.7680406264144	31.7045009738365	31.7502838569988	26.9458688113781	27.5055502762624	26.7510641844395	22.3581640793693	20.4924804257562	16.1627325659989	14.8376305722983	12.2273963704462	10.1187545676333	7.26309534564982	7.48357301026722	5.89592410059695	6.61587341172728	7.1339797448549	4.9110491750745	3.28521140872243	2.76931507777645	4.99997089991532	5.67777958360485	8.9743412014476	11.2957596468763	14.5959000407649	15.7495740577325	20.9696611560607	24.4079853736436	27.9978929742936	29.8956611902129	32.3671364813139	30.3790934031942	35.8499071965326	36.2905326221592	32.1296074205708	30.070349033558	25.7459325913823	24.5592274308456	21.8259551910105	20.3616281028802	19.5304823033124	18.2409893097935	16.3259839825966	13.2365571807778	14.9611690385478	11.5121874984731	14.98590584516	18.1892743395662	18.4329298268072	23.3858047114056	24.9287990484901	29.1515920834523	32.3480364473642	33.0712281900748	36.5242529150152	36.8452796162548	37.8291451396936	36.7609296536418	33.1652246939471	33.5733321700423	36.0471360443517	32.7561409815015	30.3815515403674	32.224702419107	31.1395158279637	27.6592593899403	27.4057943325859	29.3513820117554	26.7659300977941	22.8986541307562	26.5708380560343	27.0370217664594	22.9303375683831	21.6546976196852	17.0405477024654	21.5414007901065	17.9314156719429	18.0850381807725	16.5143518189483	20.1587454718789	20.087007890674	24.2889755033019	23.5170061657516	28.180952769557	27.8443111245367	30.8308382792295	31.0149002900219	32.7198932302659	35.9273689685176	37.3423251686341	40.2345460270151	40.9082956623715	35.5122358913094	39.6524558129758	35.8115574919606	36.3887169738093	33.5859453194338	35.6496666604332	35.1301823080951	31.674841546565	30.7647993167516	33.1609900183936	31.4166999221751	28.5247403669166	29.9120853669549	31.4274275593788	27.5981455174075	24.4381508711277	24.7399175625142	21.3724934436766	24.8426559369162	23.5712022815978	27.4233864064962	24.8877819220597	27.3166350233699	26.6940115194401	29.0584045501469	28.7953429741686	24.6585788925477	26.0202292457234	22.5552704483897	19.917819810411	16.5295092486135	18.9823915774594	18.2318055331884	14.8264131198345	13.4668459559022	16.005178005883	14.1346241902641	11.0858043460996	12.7834927152168	14.2472109200362	11.0389359088637	6.98471481164407
10	8.82037391497662	7.07439651136406	3.62069178472844	1.33739672498478	0	1.34047901885856	3.4691927014797	7.272392247397	9.97171720417301	13.5530921932967	16.4989913025009	19.7874548388619	23.3922257384799	26.7800561612555	28.5014463668074	28.5960459679306	25.3886335591343	22.5090617085653	19.9796849324508	20.6589247300047	20.8928497338204	17.7343342136095	14.9614500299937	18.6719508889671	18.2229744279028	11.3678976508412	13.4056346735244	17.0267564439032	19.0677536694808	21.5275974507143	24.4354824998403	25.6716337228467	29.9849961647488	29.9314400087934	31.0786031539386	27.8600758254532	27.7874980161943	22.978232939023	23.731154775948	23.0094879995188	18.7557509580395	16.6352239840647	12.801380003734	11.2373116891897	9.37251711121404	7.41626597419483	6.28490517032676	7.09071773518027	8.87917051306033	6.46902720662079	7.68514053222191	8.1400064496289	4.61267308618333	3.18660163810916	3.51662480227846	2.7272282632739	5.29949384375527	7.25425923165143	10.5674047428874	12.1853402086277	17.0206027507841	20.4764507910917	24.1013349007892	25.9855161388032	28.5112522874742	26.8159521367413	32.2092773126005	32.7419064350261	28.7878462202368	26.5929934757259	22.2023396514872	21.2899112492279	18.8862547107678	17.2196487188328	16.0492198564292	15.1660714095642	13.4139271654501	10.4656747035249	11.933730095825	8.28717472966511	11.7578529502626	14.9608911499282	14.8305417635365	19.8471534734833	21.1060770632536	25.4424904048326	28.5792634789632	29.5457614726715	32.8156298126365	33.1155803965445	34.2329274383597	33.1106330051239	29.5291958237945	30.3181237875961	32.6699561983177	29.306617460908	27.1298575189771	28.9869435781008	27.7868738256033	24.3462992054234	24.1077350450016	26.3182474720487	23.6165595081079	19.6229264382253	23.5165286766563	24.2897542391849	20.0702209753655	18.6759806703691	14.6458106296647	18.7051669064994	14.8773314139331	14.845167429167	13.2116308607227	16.8442859450913	17.2071706273867	21.1580084128918	20.0017436239944	24.7183782639557	24.2456536517372	27.2315248563131	27.9047447399183	29.4928013250691	32.630692882622	34.1752226181484	36.9604736035674	37.2624567896428	32.1875812853343	36.151596340964	32.4484993951955	33.2786640957836	30.6571587072253	32.625686766718	31.9989531860028	28.5514788583709	28.1022532548548	29.963023896129	28.1506631182997	25.2786558780328	26.6920366588988	28.1390771170627	24.269576057278	21.1399154681375	21.5308117125203	18.273073140553	21.8304836868082	20.6310673984649	24.2728635517114	21.4914626305424	24.3319809715526	23.3607064105519	25.9730620451267	26.2800631848555	22.3465724888628	23.2094651812574	19.6303573579291	16.9103719947256	14.5147630707497	16.3008983188044	15.117915927799	11.7404627251229	12.2805464862114	13.2748104694568	11.0985410302436	7.79640846800628	10.0068554501402	11.0746180972528	7.72273410134002	4.04153065063226
11	8.38171897643914	8.77917587248371	3.8798030877868	4.64991666591994	1.34047901885856	0	1.32632047409365	3.99812393504754	7.20512546733226	10.6258789754072	13.5230287657758	16.9773020824865	20.5408243262046	23.9301363347558	25.2413480622569	25.4401553061297	22.8788383664906	20.121201604278	17.2195750528287	17.7162844298685	18.8203256879364	15.9171624669726	11.8806854179378	16.1337219822334	16.9523547036982	10.772073802198	11.151181551746	15.2576738069733	17.7237303917657	19.8437871637447	22.4064358165238	22.7606374910722	27.4214286644588	26.8424253747682	27.6089959795716	24.0242605297229	23.6427660606791	18.7127639326744	19.0035041505508	18.2762222847064	13.9824543267625	12.1054950332483	7.89219982007552	7.6311412645816	5.85329360275051	7.29957670005597	7.39028470358213	9.28656448855011	11.4196541103485	10.5144424959196	12.9997540361347	12.6765975719039	9.39057628689528	5.76109251791707	5.62900524071527	3.28998237077344	4.80022926535806	3.74899799946599	7.0187402715872	7.57100501915037	12.9491572312641	16.409140318737	19.9316316692839	22.2137619056296	24.7042928658159	23.1613914521559	28.100246297853	28.342606090478	23.8262695569407	22.5370143763543	18.4563310275905	17.5225458481352	14.9975601015632	13.1389483216885	12.3181130454303	11.28629638101	9.54101954719725	6.53860573822891	8.27310987476898	5.57882478663741	8.93196221442971	12.2470562177202	12.9795534977132	17.5161524599439	19.1461071239038	23.4324492531191	26.7141953650115	28.2506318690397	31.2806021201639	31.0609370270763	31.9512972663083	30.570457536648	27.0884308515647	28.2518831584728	29.9267751353199	26.3903989170304	24.4281653220212	25.7869443129658	24.4029088634941	21.0175319435941	21.4580715815751	22.6843680758358	19.911138114131	16.2409829136047	20.0841900508833	20.4270093014127	16.1621034522119	14.962817715925	11.3243117671671	15.9902107866032	13.1518181632807	11.8536823392564	12.2584186174237	15.0122432700779	16.193624547951	19.2902264372402	18.5095733068053	23.2853960241178	22.892933625903	25.9364726398946	27.4809489464975	28.337280938721	31.3929174974229	33.3577473160284	36.1685718545812	35.8662248501288	31.0877361832604	34.4808435366654	30.6745005012307	31.8389820189025	29.7615254985359	31.5575870750601	30.5270762111277	27.0873816379509	27.2424806139235	28.8766608872979	26.0463707452689	24.0791605750699	25.7867665867592	26.7832033931716	22.5507259971824	19.8479567966076	20.3773239410871	17.6970658302443	20.8838476579389	19.9076896198429	23.6918090909073	20.8240987800193	23.5770452135122	21.7543875344722	24.6490942835634	25.8089935487613	22.155717569061	23.118903974886	19.6058477500974	16.9384349040872	15.5927990431481	16.4899078833085	14.6182323828841	11.6860267413694	12.8259497114249	13.5271587556294	10.7690559474821	7.17972262695433	11.1192995282976	12.0373407362258	7.29625307949224	9.18471306029753
12	11.2805500752401	10.9892722688993	6.8385392446048	6.80664381321661	3.4691927014797	1.32632047409365	0	1.32229119334585	3.68119274149018	7.08844700904225	10.0748128022311	13.372784452013	16.9760217365554	20.4171158834934	22.1741278520712	22.5303667524521	19.3582169375178	17.1313369589183	14.4760079096414	15.777947458399	16.5347767145492	13.3950983199079	10.1406730545857	14.420913320591	15.1433769681666	8.53142180413089	10.1593280289594	14.6696717754693	16.8573539145383	18.7642499716882	21.0140719043216	21.6751735633189	25.6579022914969	24.9761931046347	25.6096861558278	22.3773531500041	22.1296509009971	17.3387012777774	18.4856988507332	17.3229934191525	13.2699169929582	11.2785479561866	8.93392651637565	7.34941256155892	7.62410099618309	7.05540261076574	8.58399679636474	7.41479669309955	8.87988474024297	6.21632640713147	9.30194141026485	11.1961237935278	8.37675098113822	7.11895638419003	3.32840096743166	2.93223805309187	3.50755114004058	2.8947286574047	5.27342393516774	6.82578361801779	11.0587353255243	14.3640992060066	17.9542700492111	19.6319732069907	22.1096771120702	20.584557464274	25.8778812888536	26.811082148992	23.0825671232643	20.7688069228832	16.1104449038504	15.5920534247417	13.6792439118542	12.1749433263568	10.2714122203327	9.70209116634141	8.72174128256508	6.09637580862597	6.46965547768967	3.70649119788514	6.40234222765388	9.17533852236527	9.33424480073241	13.9310883279089	15.2492461453017	19.6062854462542	22.8251655853797	24.5105302676217	27.4194321786575	27.217185122639	28.2575461425793	26.9041857524066	23.4061401559505	24.7456336552532	26.554272142162	23.0517406284211	21.3040069939906	22.9973335845702	21.5815081956753	18.165288024141	18.7093182398504	20.4763682815093	17.6854703641153	13.5847771788867	18.022273469238	18.8385736190403	14.6511422421598	13.0465665598272	11.2043117593184	15.1843360737307	11.3464552173796	9.75568644432569	8.9005083562682	11.9695154037246	12.1520060483856	15.8975702231505	14.8698527565003	19.6422069279396	19.4070558818178	22.3349425564518	23.9018702615507	25.1420045541321	28.0594378240192	29.6982798828484	32.4802519386781	32.0387797988625	27.4997898537425	30.7618342431007	27.105365704967	28.2629417081803	25.7843843828004	27.5662488198884	26.8891196583302	23.4300861714164	23.1860342016482	25.0739220306676	22.9169328226968	20.3342421791421	21.8897680435403	23.537041572806	19.7226088791519	16.5891784305312	16.6261998063298	13.3808964198965	16.7618693766537	16.2011169368041	19.9810252489706	17.2552789893412	20.5681091498465	18.9545584227119	21.916355285494	23.1958002664275	19.5942981757449	19.7385252488629	16.1699837353041	13.6978228197039	12.4617754754289	12.3546534552775	10.7435161841922	7.82231583356233	8.2122453689597	8.6506932092174	6.13137961636694	3.76206166881937	5.90524419478145	6.83205042428699	3.75973655992012	4.03381729878784
13	13.5643581123472	13.9775570826951	9.54046927566983	10.8360068290861	7.272392247397	3.99812393504754	1.32229119334585	0	1.33621480309118	4.19648912783055	7.78547705667418	9.89749695630163	13.9663757646714	17.4595117056578	18.8800262711682	20.1613695467347	17.4823936862204	16.1997698749087	13.5702555981824	15.2812891471891	16.4114604164285	13.6207359933302	10.2828667209101	14.7068262041815	16.1228596098831	10.2079707092056	11.5030235155806	16.1525370143516	18.2989243672955	19.3502329443343	21.3616036383039	21.8300625056366	25.4817251378316	24.2993597858051	23.7399639637469	19.9801496991389	18.7707292079983	13.9892417950366	14.1903604253028	12.0518577821015	7.60386375469735	8.41415462182625	7.24838092266128	8.15011527525838	8.74665158789351	9.30036784218775	11.0486782014864	11.2500368888284	14.0160173016446	12.2028463892651	16.0384068410799	17.2904473337158	13.9252795663139	10.8984882437887	7.45975281091807	5.31637291769492	5.75769215919018	3.37555047362649	5.64679138980714	3.51381985878616	8.20239824685439	10.2112240206549	13.3456426222194	15.3268474905964	16.7869445403266	14.0056850243035	19.4390491794223	19.3061911572428	15.5625709315653	12.8802840807181	9.13128063307661	7.76088145766961	5.96403093553345	3.49136678107586	2.89318958936327	4.10975011405803	2.89724317239682	4.02559039148297	3.4232541535796	2.881367383726	3.44099476895853	5.99877387471807	7.91375125967452	11.3854680624031	13.5426358586503	17.5699876493981	21.0111429722421	23.125862254195	25.9062286525847	25.0474652410179	25.6602811559032	24.1182920207879	20.7194625895557	22.0933254400509	23.3184295354554	19.7155938789578	17.8742792581967	19.3701483990185	17.2109093310028	13.4728177824834	15.2459757969111	15.950292191681	12.0180416873965	9.89937361654767	14.23939889883	13.2455836036016	8.66636267415575	9.14006537175747	8.87153306931784	12.1742771859359	9.79643960834751	6.21664909738357	7.53491937581286	9.75268281038607	10.7033511574647	13.775649458374	13.4804195038582	18.104484361616	18.6153934419877	21.4529260708184	23.452680550419	24.724274003497	27.0554604654957	28.9305857873635	31.6577020328387	30.6278606010932	26.1391380691866	28.766204633215	24.8905077690271	26.4736751887606	24.9066299205653	26.4397003386952	24.9548582444381	21.6169301705862	22.242327306287	23.6018092103127	19.9194148759445	18.8497830491494	20.7140484937156	21.6279142313816	17.2793721240096	15.0595374762972	14.7710203100531	13.6253383444229	16.3394308652413	15.7820694460517	19.4558341892606	16.8553956049688	20.4373663910006	18.7868895509608	21.8972892157911	23.7183309277866	20.2718783786802	19.9018171280916	16.7227715705262	14.3238189740027	14.4686766844795	14.4948871675498	11.6936776935231	8.98106619505725	12.1362973348546	11.7178118264461	7.4781541171602	6.42773972715137	10.8439771301861	10.7941737062176	5.34275640470347	10.072700531635
14	15.4187020530264	16.0458257811806	12.4653024030707	13.5691256534826	9.97171720417301	7.20512546733226	3.68119274149018	1.33621480309118	0	1.31131803922618	4.2494618482815	7.49972119481784	11.0833836891087	14.5794708751724	16.3090750504129	16.864156634709	13.6169157300763	12.2598297296496	9.72318096098185	11.3361852931222	12.7993700626242	9.8274913380781	7.04178649207713	11.3545694766468	12.9834491950329	7.869476920355	9.29953391305177	13.6436592598907	15.8454937442795	16.1212817728616	17.5798007099057	18.2487658212823	21.7377099299811	20.3752124160707	20.3466950633266	17.2550767891656	16.8569232661242	12.2528979021291	13.9983409374111	12.4165273728205	9.13535615069276	7.27877524038213	6.59898370963287	6.87521461483203	9.00033171610913	9.00610087662802	11.2317323240896	9.43694261930208	13.0802665874974	10.8142847659935	15.245985209228	17.3601780232807	14.1877786844876	12.4184388712914	7.64178899211435	7.18157649823491	5.64369072504863	2.91659613248047	3.22269902411007	2.90577769280446	5.8983290854275	8.79854686865962	12.3165440769722	13.7424025919779	16.22492702603	14.931154576924	20.2598822553341	21.6341896312295	17.7789660554263	15.9879941831363	11.2576596590943	11.9200286073482	11.3739657991397	10.1478798770975	6.17461423896263	7.80837876898912	7.87396272533722	6.41628443883218	5.01396001180703	4.9291526655197	3.27274334465751	4.52431718605139	3.33278937228262	7.7578381653654	9.23708833994782	13.4283154565269	16.7398837809586	18.5387862331923	21.4138198834304	21.0741810991554	22.072217355762	20.8788818187182	17.3032859307127	18.5437524250083	20.5803880915788	17.3389149602851	15.3758890799849	17.8781367597409	16.2385471640784	12.3156556057727	13.6533598062894	16.0598509644392	12.3584465447725	9.0752128900649	14.2185241498547	15.5590941253018	11.8683688432741	9.93208784697357	10.906800722485	13.6823352173523	10.766275354086	6.80174624636938	6.54830527693998	8.42365490746148	7.68941389183857	10.291933443236	8.91295270939995	13.6245419005558	14.0277216966976	16.8195312063089	18.7375635022273	20.1831087793729	22.6015524688018	24.205888890929	26.9303648137191	26.0828115432367	21.6187775093783	24.5711124086802	20.9107133068195	22.477965076937	20.9929374314315	22.9543524848775	21.6385830404858	18.2779016848215	19.2229605940396	20.9942009850339	17.336896290859	15.9153866745361	18.259778996472	20.0379964567319	16.1122911157911	13.9491697602402	13.0766241438683	11.2357519997551	13.012280084597	11.3723417992953	14.9549460045832	12.1393450399929	15.8012149532876	14.6319117684601	17.6696034477291	19.5242565799571	16.1047402959501	15.379472617746	12.3480287495616	10.2341671375838	10.9892765912957	10.7882257113948	7.79397947136121	5.13150767318924	8.82003752826483	8.76491403266455	4.63832523654821	4.00907083998275	8.3434953107196	9.37833695278646	4.05551501045182	9.11324459235019
15	18.4779000971431	19.3308653970794	15.8846569053285	17.2411014439333	13.5530921932967	10.6258789754072	7.08844700904225	4.19648912783055	1.31131803922618	0	1.32654626756853	4.10035461881043	7.59889215609749	11.0782085645649	13.200231437365	14.0994667984289	10.665934323818	10.6550736271506	7.40990506012054	9.79395885227215	11.7664847766867	9.19049519884538	8.23480333705669	11.6297939362656	13.4955012133674	10.439158443093	11.2276500212645	14.7255803620774	16.9646144960621	16.2087770359148	16.990974663038	18.0404101117463	20.7256300748614	18.9822789464279	18.3090103227892	15.8019750664276	15.38072485288	11.3399395060115	13.4451770535014	11.0889630263609	7.87418783113535	7.78587734298454	8.08468731615515	9.08762928381214	11.1757160396996	11.8565255450322	14.2374172868537	13.7088945579139	17.3380210520117	15.4171087756427	19.8799763832858	21.9738924408035	18.6407350713431	16.4956343618547	11.9973351624434	10.4951692697164	8.62028375403038	5.27558224274819	5.24100877694361	3.73981563716716	5.67350905524967	7.37301905599057	10.3994127718828	11.0660586479559	13.4158296798968	11.0303257431501	17.0417887852185	18.5898323284531	14.6688016211277	12.5862068153991	7.73630958532555	8.20382904502526	7.98234871450753	7.08784283121459	3.67357019804985	3.92888012033964	6.20405464192571	7.14468249819403	3.95712218664019	6.22741615760502	2.97473108028272	3.31563206643922	2.88393203803418	5.31020621068523	6.94582781243532	10.8188227178376	14.1722255133059	16.6569138798278	19.2485126957903	18.1640793325728	18.9977847655983	17.4303469558124	14.0177437913524	15.8719829574001	17.2181854154263	13.7242908013493	12.4176562603416	13.9463869514652	12.0553857258903	8.44806972035624	10.7256722400044	11.8411666654937	8.21342498596049	5.23189162731798	10.3287200562316	11.710791988589	8.58823974979739	6.61218072953243	8.94486858483679	11.8098754015443	11.1504746535742	5.04370122033413	7.05196674694372	7.93557616055696	7.17526117991533	9.36505915624669	8.25448999030225	12.3458304297443	12.5483835213943	15.5783614992078	17.8346806251191	19.3842414605266	20.8516868142604	23.0853583901138	25.7088567229272	24.022101719042	20.3526801674865	22.3112684085867	18.7793216597405	20.9748258872392	20.0355598124934	21.9092826673992	20.0920529812162	16.9642403012926	18.382478994956	19.836512445488	15.1086106575026	15.0503839818126	17.521887284194	18.8598753177215	14.9233802471156	13.6135010926653	11.7493927502659	11.8267876450032	13.1852602553002	11.8016733135602	14.8725624221248	12.3536916344872	15.6929580066984	14.2321644523944	17.3635625664781	19.715108064629	17.2337167494421	16.0204495255283	13.724101537077	12.1002552865632	13.6889915260402	13.2352231186331	10.1195192079466	7.1437604943055	12.161580694959	12.154443179348	6.44581616244212	8.55047817376315	12.6949458447053	11.6324983129163	7.75389618192042	13.2709620977531
16	19.7095694524259	21.0263955303804	18.7245384722828	20.3655097898383	16.4989913025009	13.5230287657758	10.0748128022311	7.78547705667418	4.2494618482815	1.32654626756853	0	1.30681444742549	4.6631742407935	8.04999906832293	9.78481180197146	10.9417008732646	7.7272560459713	6.03551182585206	3.49284554482445	5.20804541070832	6.73891838502293	4.58813120998081	3.87871589575725	6.64259994279348	8.6587623826965	7.80826004946044	8.02379143547488	10.2031962639165	12.5460611348742	11.1328102471928	12.0783514189644	12.9068976132919	15.7179108980806	14.3184093041092	14.4747315691864	11.9934224056355	12.2334110124691	8.30922794247456	11.3888836151749	9.10565598954847	8.39196633692009	7.21050462866504	7.95565792376721	7.95887611412566	9.93397674649986	11.231091398435	14.1529084996689	14.2633189335442	18.3077187546674	17.3068556069553	21.975465160037	24.1081388954021	20.8992013483769	19.1120891845973	14.7267851549481	13.1508735071097	10.2683526429511	7.46399316719944	3.77815589937737	2.86807112882508	4.13045336494676	4.66227798399023	6.89374992293744	7.3115272002503	9.67497462528972	9.15883382314583	14.1707266574442	16.2551066745192	12.4897433520469	11.4645387608922	6.21844852033045	10.1394537328201	11.7316719183584	11.0680531711769	2.81762275686437	6.25618446019617	10.5893134810525	11.223117837749	7.77009768278366	9.74898999896912	5.90843913398454	5.5058762245441	3.56360884497724	5.75767678842778	4.14572177069325	8.76755165368303	11.4750538560828	13.6575854747463	16.136608441677	15.9850943381639	17.0297582484309	15.1172620206174	11.9995458664068	14.0509147033209	15.4669922415446	11.9208617977057	11.5713982733289	13.5708597369511	11.8395334789847	6.45513384834118	10.8636312529467	12.9177472107175	7.70388739533491	7.99316214022961	12.8263545483508	14.2062489419269	11.3976924857622	10.3761042785816	12.7636621703961	15.5119640600409	14.2938769058643	8.46944767974866	9.26994509153102	9.67535374030325	7.79187089215421	9.5731555403639	6.60184762017422	10.1856391061141	8.70440221956683	11.5947090519771	13.9862423116433	14.9844804381066	16.7612216141903	19.3371909283639	22.0404502903185	20.8040117765781	17.7541854501974	19.9391203918327	17.0803814360219	19.5168800785371	18.639792058926	20.9087350884744	19.7938767804592	16.2696083234969	17.864631454357	20.0502187768613	15.1506711402499	15.7150952590177	18.603534583514	20.0324553911896	16.3886663886968	15.605758103982	13.0773777952616	12.5662306599871	13.0913830438193	10.1678667379151	12.1374129451049	8.69529849976411	11.5376644516991	9.48494470200011	12.6644426644049	15.1314722020033	13.3760530052778	12.3514267192094	10.9423784434647	8.7122629666465	11.2691036023279	11.8116922157665	8.55474868128807	4.7959269177084	11.3382112345819	12.7556093151209	8.48082360387244	11.0288315337573	14.6174336324815	13.2927862391599	10.7682438679666	16.2943078711555
17	23.8600570200492	24.9822652295583	22.1486984719193	23.593078434151	19.7874548388619	16.9773020824865	13.372784452013	9.89749695630163	7.49972119481784	4.10035461881043	1.30681444742549	0	1.30140270477666	4.75566987920734	7.37174857140421	9.02973737159614	5.29279831469139	7.79931105931799	3.38802420298321	8.25754358147748	10.6596798263362	7.51337560621057	9.54518297362602	12.1701701302817	13.9903073232864	12.9215194926913	13.5669947298582	15.6945156344501	18.1480684647155	16.2248326031426	14.9176883933135	16.423473445042	18.0652077485979	16.3614501496658	14.4647530915671	13.3725049635437	12.9480469955897	10.0913088348341	13.0968789030059	10.6588897639482	9.93568170786484	9.95265954406158	11.6547627174473	12.4969428261475	14.8722918543175	16.0457017609078	18.7650682386183	18.0479002933859	21.9810111004931	20.2553467015502	24.8339373036174	27.1115936824083	24.088872721653	22.3274479732906	17.7375634741641	16.5057038928971	13.9847816214627	10.9374754399724	8.06658843625978	5.6395092871632	6.13749916496939	5.76245173515579	6.88286234062545	6.23557583547823	8.61279855796012	7.21434605491031	13.2609036645321	15.5078335366356	11.7541737693468	10.2085423543227	5.12139336509119	8.64211930026426	10.4269492182517	10.5008061119135	4.04433999559879	3.43383459124053	10.138628753436	12.3257483748452	8.78063192486737	10.9961746530328	7.83951095413483	4.6836455886414	3.07173664235722	3.55552049635493	2.91469672521859	5.73854929402894	8.77031590080996	11.7577969450063	14.1048661815701	12.2952301727133	13.2057718820219	11.4807220156225	8.19471268562846	10.2045721615362	11.8798441908975	8.4000208333075	7.15858617326075	8.92857581028464	7.27239231615017	3.76993965468945	5.7857810190155	7.73671008892023	5.16959118306274	3.74207068345856	7.95173421336503	9.81169511348574	8.91225100633953	7.47198480994173	10.4506721793385	12.4686478817873	12.3844151254712	7.44782740132987	8.70133167969133	6.4061005299636	7.0612337448919	7.89099442402541	7.15187038473153	9.32649205221342	9.06023068138996	11.7656601174775	14.5464580568604	16.2801996302257	16.3166174803481	19.1485388737627	21.5334685780067	18.8588394658844	16.4615342237593	17.0793599411688	13.8140217894717	17.1056012463754	17.0767611097655	19.0691535732449	16.8228856026545	13.7149673349957	15.7332708296781	17.3606954353793	11.2968313256417	13.4728741551311	15.6235691824884	15.8498518920525	12.1089371127279	12.2835943436764	9.31748496108258	11.5517674405261	12.2637497528285	11.2314964719756	13.1097069379906	10.5877913655304	13.8851334167159	12.6880051229498	15.4492932524436	18.0251713168003	17.2200973284125	15.2869589519957	14.3848291613074	13.3506455649156	15.7359283488455	15.4315895163136	11.8021915337788	9.32926846006695	15.0081931290879	15.2285025199459	9.70131171543312	13.7849862531669	16.9882545601365	13.9903929179991	12.951761308795	18.342582969691
18	27.335056264804	28.5414025233519	25.7348183207109	27.1786986075493	23.3922257384799	20.5408243262046	16.9760217365554	13.9663757646714	11.0833836891087	7.59889215609749	4.6631742407935	1.30140270477666	0	1.33185434639077	3.65321023211093	6.00412283352031	4.37250111492267	7.38517501485239	2.91990513544533	8.47389455917408	10.9699456242955	9.00491410286628	11.6754037617549	14.1250389379994	15.8224548348226	15.5518147494111	16.5021052596328	17.5728396680787	20.2879596559141	17.3269051477752	15.1287838572702	15.5233180087248	16.3563266352809	14.5219205685749	11.700541867794	11.0980922234409	10.2679878262491	9.02400249335072	11.9919862408193	11.084453978433	12.3528346139661	12.4520750881128	14.4786969026912	15.4799437337479	18.0503836247322	19.38146173538	22.1418846081358	21.2728145998596	25.2760812429459	23.496411002534	28.0324004680298	30.3902924961245	27.5271653644177	25.8745315899631	21.2568724416364	20.114773202798	17.5162997804902	14.4989090968942	11.4078742542158	8.767978729445	7.49344306710874	5.72196731902586	5.13857042376574	3.22288659434365	5.39104637338615	7.25069058779921	10.8665925201969	13.5199843934821	11.2135285258477	11.7185709879661	6.79046758331118	12.2972096835014	14.23956393293	14.5626158707837	7.42437647213556	6.78589050898996	14.5033351681605	16.5261688542747	12.8789544994926	14.8259630041357	11.1028000972728	8.55923746603633	5.32944368578935	5.1281224634363	3.41043824163406	5.65075030416316	7.87012896971835	11.1511349198187	13.0344861041776	10.287510534624	11.255378492081	8.91262868069797	6.46637788874111	8.58681698884983	10.1279366605444	7.12040827481121	7.37099559082761	9.42586919069006	8.57617309760012	3.39408956864724	8.46709147228256	10.7352012091064	7.2476320960711	8.4164826976594	12.3099672217273	13.8256638538625	12.3098675866152	12.1055621513418	15.148991616606	17.306641326381	17.0899887068424	11.8860958687031	12.4457358561075	9.92670227215464	9.0715368598711	8.49660602829153	7.96272070337771	10.2144235764922	9.59159981442095	10.635362993335	14.8498416489874	16.4861487012583	15.2584292114228	18.9192201213475	21.0912473078289	17.5159589517674	16.3970784592866	15.5174751167837	12.8190990713076	16.9376860580187	17.4316276061646	19.2652635850123	16.8361832669997	13.8546797148112	16.2205568338451	18.0357274319613	12.088052531322	14.6739188358121	17.2921264742079	18.3746597519519	14.9359690345153	15.9269881019608	11.7062107447286	13.2776821772477	13.1663125437611	12.5674462799727	14.2121143747157	11.8694824234252	14.9251425788835	13.6337725153385	16.1447455538946	18.7865378928636	18.7764943213583	16.7235791922662	16.3517132129939	15.276676110987	17.8435672722693	17.6522591188777	14.0113122154922	12.1273716031133	17.8116923676556	17.8584669834787	12.4983786948548	17.2204044667946	20.0067120986933	16.7078389087278	16.1455805408167	21.5652623911697
