6	7	8	9	10	11	12	13	14	15	16	17	18	19	20	21	22	23	24	25	26	27	28	29	30	31	32	33	34	35	36	37	38	39	40	41	42	43	44	45	46	47	48	49	50	51	52	53	54	55	56	57	58	59	60	61	62	63	64	65	66	67	68	69	70	71	72	73	74	75	76	77	78	79	80	81	82	83	84	85	86	87	88	89	90	91	92	93	94	95	96	97	98	99	100	101	102	103	104	105	106	107	108	109	110	111	112	113	114	115	116	117	118	119	120	121	122	123	124	125	126	127	128	129	130	131	132	133	134	135	136	137	138	139	140	141	142	143	144	145	146	147	148	149	150	151	152	153	154	155	156	157	158	159	160	161	162	163	164	165	166	167	168	169	170	171	172
6	0	1.33420425722601	4.54323431048851	7.02413254430752	11.1176603653826	12.4061177650383	17.3149757724347	20.2698165013894	23.4414375199133	27.0128632506811	30.5098091439458	32.454878662537	32.7216980152314	29.4853989798341	26.5922457306637	23.9377673770968	24.4125151100824	24.5361932255189	21.4480856255284	18.3107997367674	21.8989620530289	20.9658688825434	14.2235543729407	16.0267454587636	20.115293410736	18.165778155642	24.2898546928548	27.4132711291447	26.3514478919091	31.0269280948018	33.5739353665906	30.037065435891	31.4471422231019	31.8810646309059	27.549277939721	29.2074643370492	27.1951993189975	23.0616122159748	21.4134829955334	15.211299155562	15.2197928041087	12.7315482954745	9.87492956936909	6.5231773699632	7.14569464782816	7.701497646562	7.21975075747079	8.06174577867598	4.71210897581964	3.50430620808171	2.68814062132173	4.84671940594873	5.65778172078068	9.03357349004257	11.4641783395061	14.8030968043852	16.6911677542346	20.9749986889153	23.3553259664686	27.0809586425592	29.652374171388	32.3263208082825	34.5225580454288	34.4256670233127	30.0757612704982	29.5939817192618	29.4364884114937	26.5726391989956	24.5567341476834	23.8329510342299	20.84600726758	18.9177358846137	19.2842469648156	17.6284509812973	14.0941819556865	15.1946328024076	12.2185788453486	14.8483581920696	17.7216388350513	19.2876572190611	22.9706903901472	24.8986526944733	29.0398217969739	32.2895020865916	33.1160188730469	36.520229161384	36.6819520881864	37.8126194411337	36.6244005138651	33.1925018490622	33.9102235468892	35.855552833557	32.4947083999841	29.6610449748487	31.2488043931284	30.4477773408832	27.1641514500269	26.0979068509335	28.080992023075	26.1443918651783	23.138785750337	24.4904862752866	25.4234860119536	22.4286356473148	20.1126449280049	18.5447008333917	21.8582163270474	17.9917876821621	18.3759197048746	16.2422433795335	19.6731490870171	19.8463385540003	23.6814669309146	23.0707958250252	28.0490231202443	27.8956913160438	30.8065403120831	29.9679318939429	32.4098318878701	35.8349636388821	37.9873927639158	40.807197147072	40.6083012941935	35.4665120360038	39.7671693108775	35.8033150560112	35.8709172032163	30.8359874335167	35.4405752916061	34.8535703479572	31.343183533266	31.1429213465917	32.9856471817668	30.6445107156241	28.1476676476045	29.2301170883731	30.8770550733065	26.8252923190037	23.9962543952176	24.3932759997504	18.4711843962427	24.5689516259852	22.9787159127746	27.1232213610404	24.8136442305438	26.9154655542125	26.9167575498982	28.9720379676681	27.5767135279025	23.969877972155	25.3424663756312	21.9567221825117	19.3557378056224	16.0857191321992	18.0936796976182	17.7160532004169	14.3116232831919	13.6525257736435	15.8206570027923	13.9408020214047	10.9940690374401	12.3388901851017	14.1601995395545	10.9201941832552	7.22905429499599	11.0279104548414	12.5775834324404
7	1.33420425722601	0	1.32867829063321	3.6730239585388	7.61179243017044	9.21088969644084	13.6326515029175	16.3940098206632	19.7288397530113	23.3330534221306	26.8044518130851	28.6045948406895	28.8284277233428	25.704531818339	23.0692329521378	20.269218460513	21.0517622065232	21.5265078914347	18.4034673091784	14.8566638583499	19.0954032950341	18.8124196476689	11.7178563312579	13.3254578908194	18.0791627295071	17.2665166724502	22.3582130099881	25.1659468329725	23.1050085479318	28.3362115498879	30.4199837278063	26.6026558448588	27.7583778344485	27.9931688809967	23.5488252360919	25.315187022813	23.3183540799946	19.1934060291549	17.4423143246531	11.630140755812	11.6134312328441	9.70973686564161	7.34369416574519	6.66651550661963	7.25032799258075	9.42535564315746	7.02239460583069	8.70985384492759	7.86730023578609	4.18028539695557	3.26198559162974	3.54449404005706	2.84544724076901	5.44793722430792	7.45666252421282	10.7913822098932	13.0345635139808	16.982800505217	19.5600286809606	23.1549019432171	25.744578555494	28.4409847930763	30.8451550976811	30.6806901649881	26.3974785348904	26.0692860278144	25.9848831823428	23.03808023686	21.0294130208144	20.5138982643475	17.5954333279974	15.4346952998755	16.19816625424	14.6930153814661	11.2874763344159	12.1579192709937	9.02924564955456	11.5837892763983	14.4577227114093	15.8736543051687	19.6260667480777	21.2709471580369	25.5609317709664	28.757358710424	29.9007061120636	33.0958881433933	33.1847636423706	34.4331722326015	33.1333064755089	29.7464733035699	30.6384272768692	32.5868980726917	29.210408230629	26.4013742824119	27.9304703325956	27.2221356436265	23.9462219149493	22.7201752854154	24.9499377754735	23.0544323937936	20.1177124445102	20.784714094738	22.61347211288	19.7448450487716	17.2595773412908	15.5415951240534	18.2511059116975	14.2242459905613	14.9136866669513	12.4817092178916	16.2734723399771	16.6943653667937	20.4323513331188	19.8250662798388	24.8928014695012	24.7455841313152	27.6619758874886	27.7583943699919	29.6624911462271	33.038732436339	35.2467129956823	37.9942425243615	37.3024504020848	32.6940035174648	36.5357336042401	32.6414143382299	32.7477701836324	28.1796993773887	32.2522078314028	31.5710286655345	28.0780982440051	27.906073622063	29.5580683570493	27.2733065468784	24.6573211237555	25.620395996159	27.1355254417526	23.1283857845722	20.3097507124041	21.0814222243187	15.2406243966578	21.4165362512242	20.5745833736676	24.5639527967304	21.9352552298805	24.390210003196	23.9839249915438	26.299234399503	25.7396609340527	21.9443433713565	23.1983620111421	19.5339025542773	16.7566498441663	14.7107361474537	15.8920930339587	14.8284167057714	11.4832353454939	11.2682877137567	12.9482796540699	10.6860263896361	8.01117744155002	9.70917802906096	10.4991189154138	7.12582423302737	3.68764830210258	7.68488470961015	7.9577974967952
8	4.54323431048851	1.32867829063321	0	1.33711106494561	4.32487942028445	7.37686288336716	10.9434584113067	14.2778840519175	17.143141952396	20.8435005457337	24.4319699574144	26.2751393335982	26.7606108674671	23.8276622646872	21.7225556047165	18.5870874533909	19.1079194314818	20.3112260831295	17.5446563374721	13.0186022291181	17.4603766855128	18.2509324693288	11.7221439591911	11.8829045691699	17.0398535791831	17.9863491292702	21.6264153756465	24.1935155155261	20.461689886224	26.4310854866008	27.8440176878266	24.2751284033679	24.918393788525	24.9162172289455	20.2645507968965	21.4844099057898	19.846163609121	15.597834913859	13.9922832304095	7.48887368033404	8.67820845566641	6.80284683055557	7.4065925363827	7.30901402379281	9.37367051906562	11.5968688015343	10.5130379053821	13.4795478039881	12.5415685223181	9.363595783672	5.96760328775296	5.23671461891901	3.48682692429665	5.21092055207139	3.74591323978546	8.01275701615867	9.28273068660294	14.0860706373353	16.6533598111612	20.1470313694102	23.0905316959138	25.7042122812585	27.6287488135094	27.2966908983488	23.0066133752884	22.4954070645543	22.1278117535377	19.0912152834753	17.4792224369392	16.6569955574227	13.729468489348	11.7986593306189	12.3151430767166	10.6460866988767	7.26783110700847	8.56153140507	6.41255370347882	9.04234958404064	12.1712755699639	14.331095422193	17.640465555081	19.6120626656148	23.8293652873928	27.1602368362281	28.8823910886893	31.8388904486322	31.3614821556635	32.354874918627	30.7995618637668	27.5344388902334	28.7198916084306	30.1124357201472	26.4398991110027	24.2151123268095	25.1725651652747	23.9485060494387	20.7727336910672	20.5519391055929	21.6800690727682	19.4026631161807	16.6254198743972	18.3673597449388	19.0201405094705	15.772798451765	13.5730978777875	13.1215771536809	16.4705468336665	13.3823676903603	12.3906070069226	12.3961638017574	15.0369787523957	15.6882621727201	19.3603913700111	18.7579628424837	23.8010461954932	24.0488370820711	26.8978313438091	27.8237378689492	29.3789584907294	32.6206091604679	34.7990635218823	37.4634470117206	36.1674989320522	32.0637487671046	35.1608181503218	31.2698100250065	31.9381367177235	28.2473392906305	31.9235152982876	30.787419021412	27.3761638291416	27.740821184673	29.2045530183223	25.709674949326	24.3432096692281	26.1086587361358	26.7397027844365	22.3139424799832	19.9807314680919	20.4166687782312	15.4761302979782	21.342158044584	20.2751336370442	24.4002729902762	21.5382894631863	24.4118352648874	23.212353499807	25.7812011163173	25.962273494438	22.5896904139919	23.5977770139477	19.726634431651	16.9481482469325	15.5431331783524	16.4137343100222	14.5183813491725	11.4839562433858	12.6173485725013	13.9187811607195	11.1075704364186	9.02329252545876	11.4480872201429	12.5282157548471	7.83329528359554	7.75305114132494	12.6591766714901	13.8537895898559
9	7.02413254430752	3.6730239585388	1.33711106494561	0	1.32653420611758	3.82398156376309	7.3749037281852	10.516443980738	13.6771986897902	17.2417195778147	20.7841176141784	22.4848544135825	23.0033750784532	20.0709922525021	18.211810536023	15.1939812096764	16.4768799837833	17.6382008152759	14.6976116767317	10.5336368363448	15.211972423062	16.2708220136538	9.53428287811936	10.7995969369232	16.1325364093809	17.3385547840643	20.1529530590432	22.3909997543656	18.602070906219	24.6359154284959	25.8198674667396	21.6806251293638	22.3495336416669	22.2392583959088	17.6572813875749	19.4608182253471	17.0231338184249	13.0297028745862	11.738493813092	7.29467641503035	7.35130267367628	7.42609278153727	7.24574702842985	9.09760259628876	6.84187788549313	9.81948965068959	6.77436904811068	10.2725629226596	11.542989820666	8.23653501176314	7.49855226026998	3.46779050693666	2.89786317827464	3.62224419386656	2.81421285619976	5.36379399306126	7.05468241666483	10.9431408197098	13.0483008089176	16.8181804604422	19.4210582873334	22.0576264815596	24.3027233247634	24.201582820138	19.9126849269505	19.6399501781445	19.8255654396035	16.7915879832731	14.6049984936665	14.3385556106604	11.7175729995592	9.04392448000314	10.3201242725076	9.30364197505472	6.4029750116645	6.65110599825322	4.54673718176012	6.21706860184122	8.87968693141825	11.008265485534	14.2789227184686	16.0506003314518	20.3990414235571	23.6421666942774	25.0784153805618	28.3751024315332	27.8676115589406	29.0044084580258	27.3627585232191	24.1460891657428	25.2590525950599	26.8520873304106	23.214173278409	20.9085739829382	22.4258026612204	21.0848796534389	17.8635885812454	17.5741920155665	19.4422624969421	17.0539814706127	14.4719396764912	16.2573851833559	17.3886851716856	14.3221183838146	11.7523266632612	12.8342917217897	15.0666838753589	10.8943964954466	10.0352812616289	8.26903537300452	11.1245502380995	11.4310599246089	15.1164860003904	14.9532691074561	19.8717982326713	20.6395004784515	23.4910264994955	23.8103068018873	26.0601510548193	29.1070463462028	30.8476458907321	33.8421750630777	32.7081462941574	27.9004725766428	31.4009460685502	27.3221232337459	27.5978170151191	23.5160412484755	27.2716197905442	26.4003791450047	22.9223542639058	22.938999629452	24.6806590268574	21.9429395022636	19.8433652891842	21.3727614266383	22.6614845497818	18.5951607952177	15.7755810352583	16.0814013692837	10.3078832453613	16.5044484306504	15.8152741677152	20.2023191985475	17.7009092986773	21.3639985489608	20.0737010538665	22.8651160941728	23.4986795373698	19.3782433156362	19.9426805871227	15.7664580993957	13.473873162532	11.7778689074043	11.8756564871168	10.0853453089123	7.14884508154988	7.50409041789876	8.41153261897022	5.74451399162714	3.85058969509866	5.71221857074815	6.90384450867775	3.64461506883786	3.73189402314695	7.28329767344435	9.60493399248532
10	11.1176603653826	7.61179243017044	4.32487942028445	1.32653420611758	0	1.32876371112399	4.46739062540987	7.99596848418001	10.2625510473761	14.1531349530767	17.8022262091009	19.6213921524442	20.7885868928121	17.7456363086816	16.8746048546329	13.9597685152727	15.4773993293447	17.0591104691892	14.4577676700105	10.6308007694623	15.2013274091442	16.8251796127114	10.6960387994809	12.1923225022963	17.3437361891837	19.0870536752009	20.5008139594505	22.6145726026383	18.2590218796079	24.5111981959267	25.1286992500607	20.6955320298851	20.7069988168252	19.6608086303692	14.8342203704812	15.4819631184162	12.4723310170954	9.07653430555958	10.0085438001739	7.11295170797609	8.27696719819524	9.20449569503946	9.4340829443036	11.4637467260926	10.7555779017215	14.3461386442485	12.3138353895121	16.5484651554155	17.3482632271937	14.1137372088331	11.3586289225417	7.49603561891217	5.50623746309583	5.76042203315	3.5328812603879	5.77901072848978	3.92509936179965	9.18679601384509	8.81363296263238	13.0350877250596	15.8389368645752	17.5614389786259	18.3958870946742	18.2396185815384	13.8623293136471	12.7574343815675	12.1272276304191	10.0239841380561	8.0278486532819	6.81393938922266	3.47368593859606	3.32946932708503	4.75863741001561	2.60324048063178	3.9763121104863	3.44730445420767	2.85000298245458	3.56899943961889	5.94946123611205	8.33592166469911	11.4604734195407	13.8562074897859	17.7506920991831	21.1916537108363	23.5975203146432	26.1973441974564	25.0443094734113	25.7566702234586	24.0135507786749	20.8650531990695	22.0506205354861	23.2302922280371	19.4862105602911	17.5240285893398	18.5551123413468	17.1872763694542	13.9729047087569	14.2208836926543	15.4561084364726	12.2419225205847	10.6731819529136	12.4291807453267	12.30663865562	8.59366115226799	8.18918683386818	9.78602677290431	12.4711928058225	10.0146754815121	6.274121532135	7.68460350310932	9.86072963831784	10.9171160111084	14.0070053187682	13.8824641184481	18.5925730871227	19.206298706414	22.0493834380919	23.9865459997891	25.1091765894463	27.6730529757741	30.2076708304364	32.7180898892341	30.6128229505219	27.0023422132229	29.2594943394448	25.3732006061514	26.5189119497765	23.9763860704652	26.7520522764142	25.125356833287	21.9148627647996	22.7776282786422	23.8841887867267	19.4336106012238	19.270448100654	21.1613981107109	21.5972226455162	17.0824943728953	15.278254383273	14.7160740348776	12.0612192998884	16.9966316074686	16.3176840881297	20.4765530302344	17.5553960365467	20.9290230063422	19.3249870892583	22.3361548615692	23.5699072123757	20.0899833250304	20.4043160385248	16.8345654235564	14.2368556219412	14.0605494913961	14.4398380184821	11.4942720082657	8.88185402942426	11.9543115652889	12.0281235028578	7.47509698933732	9.03421374553425	11.3886305146844	11.6251429668628	6.24482593832686	10.833725213425	13.8144129082636	15.8181980326458
11	12.4061177650383	9.21088969644084	7.37686288336716	3.82398156376309	1.32876371112399	0	1.3228866164566	4.57328087919384	7.59176086293556	11.133063639448	14.7085540077874	16.4993725335238	17.2928489555654	14.3742844691484	13.6581679957453	10.6785992058884	11.9843959380521	13.684003873136	10.5659001036353	7.87584979541891	12.2135513262933	12.8473846754894	6.77104585717746	9.85555153200469	14.2617110123575	14.9151368079545	16.9328267279861	18.9952174507164	14.8834901820776	21.3319929917483	21.5625272637509	17.1253764338189	17.3233103072132	16.8898337469615	12.3865697430725	14.5440563117722	11.4718253560626	7.98301916570416	7.40166123245315	6.73743912773986	6.82326937765174	8.70840312571714	8.25374242389475	10.3724850445783	6.41346466428248	11.2497578196155	8.18316827396333	12.7001611800796	14.8290858113371	11.9403971876986	10.9948453831784	6.38736009631522	6.8494208514297	3.68533024300401	2.71364736102538	3.51398491744059	2.91738478778511	5.69152114992117	7.06227314679912	10.9094685480091	13.3689260974844	15.9788396324639	18.3132930408488	18.4372494966033	14.2819954138069	14.261035130733	15.0628609832263	11.9806694721121	9.45644230141547	10.4404808797296	8.85761802066447	5.28022556336375	7.34677677624685	8.34808678680331	6.63030165226289	5.12338696567026	4.65793194454363	3.30462917738133	5.11764066733881	5.35874136341735	9.07483134829513	10.7421661223424	14.9207966610366	18.1913035266855	19.7027074789228	22.7182370794919	22.1768100952324	23.2091696103071	21.3646565617143	18.2753720618761	19.9508073771464	21.101154612959	17.4778307864563	15.4854626666432	17.5125683724575	15.8729884394842	12.4925189213385	13.8512898316366	15.4445226860528	12.9408317352479	10.4370367442105	12.6455341128795	14.4707916162178	12.0052159080959	9.48519741491973	11.6790695691052	13.6018633282356	10.0223235329937	6.99713162660243	6.37573282062541	8.43263766564175	6.72876415101615	10.7215085225914	9.60864678297626	14.6718525415164	15.1299350296027	17.8672889381685	18.8510139249856	20.6862419254924	23.6917813808924	25.7702194208742	28.3866554740075	27.0290471530167	22.8871311876347	26.090730346236	22.3444299546889	22.942218724439	19.229610656485	23.3156938991744	22.3475413189013	18.8802660203716	19.5930694124223	21.4045634620284	18.007127311151	16.4004905414442	18.5265950730295	20.1972970716381	16.1139423171364	13.5953260350754	13.2249317200506	7.98535572156933	12.8548728892977	11.1835273952363	15.3684491410162	12.5258798493359	16.2066886192091	15.3036988339421	18.0692870362945	18.8188660125949	14.8956266736247	15.1075210739552	11.1397975295784	8.78899186482728	8.16590252207311	8.33930170937591	5.66964602069653	3.74022111645822	5.86263464664139	6.64488389665312	3.60127005374493	3.64340692209915	6.27775644637477	7.73010692034721	3.40347660488507	8.20959877216908	10.7265823541331	13.0555216670955
12	17.3149757724347	13.6326515029175	10.9434584113067	7.3749037281852	4.46739062540987	1.3228866164566	0	1.32303779235515	3.50196530536783	7.64601183624509	11.1800360464535	13.1038753428137	14.0300918742537	10.8673818834161	10.8860135954352	7.25280400948489	9.63713333932867	11.8464309393167	9.33156219504537	8.29578386893005	11.574809976842	13.5834084824097	10.2916873737983	11.688440913997	15.7158864847008	17.2437818067847	16.9229455473922	17.7289893959018	14.1580946811356	20.0085880061538	20.0109941032424	15.2353759717311	15.5768811063062	15.1707359412785	11.2569318199943	13.4690370108631	9.32242870715566	7.26183069205004	7.76243086925739	8.74251983126147	8.59004458661304	10.6427032750143	11.4472313246479	13.8750183423302	12.3557308970372	16.9496076060775	14.7704642445659	19.4591705116123	21.4511197609822	18.1280250992765	16.3632454604825	11.8728230846754	10.4105971490592	8.24564648769276	5.1151916875128	4.91876651204344	3.15952733806815	5.31344379851712	4.08165064649095	8.45624112712026	10.1807642640423	12.3089925257919	13.7365290011706	14.3685593223538	10.2307404912841	9.51871866376983	11.0836191291473	9.14364418599061	5.19407537488628	6.41426698851864	6.60532618422436	3.65571511472106	3.76365646678865	6.14850315117427	7.10667988585387	3.47862860909295	6.17059567626983	3.19725976423562	3.12014919515077	2.96614295002786	5.51164703151426	7.09621039710633	11.060452522388	14.3821691340354	16.9360990195499	19.4559109013174	18.3060100240331	19.3288409119637	17.6306214014141	14.4324336478641	16.1195199060022	17.4123716075668	13.4112800656761	11.6239107446676	13.4981588003698	11.1467456237235	7.64460842685876	10.2057734150823	11.1444035730944	8.35699072633206	6.687805394896	8.82798040324059	10.5511221678076	7.28884311808122	6.19438996189294	8.97545107501567	11.4844170074062	10.5881343021327	4.37360023321748	7.16397215237468	7.89085255216444	7.31902985374428	9.5401336468626	8.4760267814584	12.6677927043349	12.7737406032845	15.7672710067405	18.0277791754836	19.3201119561974	21.2598794446253	23.9415378369895	26.3045894474709	23.8686447667227	21.0122330322124	22.7992186927535	19.2694527945139	20.8769221151012	19.1861014539171	22.0284349194399	20.2102241946991	17.1981115823802	18.7939363359569	20.0280628618946	14.6968667749286	15.4663782767654	17.8792082039446	18.903411491051	14.8672587251315	13.7159850174896	11.7001909813473	11.1907860760538	13.5396884011413	12.0575762075137	15.2807281894548	12.3909305945922	15.7476428077348	14.0709914718189	17.2421287838828	19.3511881030597	16.4387394589731	15.8852237000302	13.0526038015409	11.153215365983	12.4898785022113	12.4873853948695	9.23887357852677	6.42753343048482	11.2464405035549	11.8065307774977	7.0947322007247	10.2059826082548	13.0021644736559	13.35217465434	8.75619706265226	14.22662943216	16.8080588409251	18.5778607218377
13	20.2698165013894	16.3940098206632	14.2778840519175	10.516443980738	7.99596848418001	4.57328087919384	1.32303779235515	0	1.33096994706868	4.59584040192869	7.95342127640678	9.32278525978154	10.2827012987833	6.95169108922426	6.18257470638245	3.61616786114804	5.58720117769174	7.68472055445089	5.17718098968927	5.31816566120312	8.19138626851402	10.1113467451176	7.99100750844348	9.35117522025975	12.6371972762951	14.001583624719	13.4067753020628	13.2114715683	11.3225347427155	16.125420180572	16.1694963125015	11.3567686865587	12.3625982301456	11.6930770543942	8.36706734764338	11.3270703626313	7.91111281679133	7.23701734141904	7.54224296877262	8.89677093107382	8.38691045618111	10.0463857182571	11.1695542435676	13.8541737754368	12.7318819111709	17.1163602731422	15.6879779767821	20.4046525576889	22.5016742043787	19.4634016297255	18.1073826104161	14.1556057094001	12.7361754856001	9.17712356896212	7.60759153740525	3.68989620450224	2.87723843294225	4.25176304607865	2.68476367675071	5.69649602826159	6.77858584071929	9.4334729023833	12.0992158836844	13.5756012758183	10.37711279692	11.0904865537992	12.8513530026998	10.8097473606001	7.55057368681347	9.05382184494482	10.6067260735818	7.23004432904806	6.37978973007731	10.6994690522474	11.6157929561438	8.10038480567435	9.96734919625072	6.01474729311216	5.3352291422206	3.46242949386699	5.6997805220903	3.80690556751806	8.29472760251957	10.9529598282839	13.4242923835858	15.7557252133947	15.2413939323147	16.9554174528379	14.9370204860273	12.0525541276528	13.97191053507	15.3483590328087	12.0997718160303	10.2144491285629	13.6350666298335	12.0293423344753	6.93340673839347	10.554385154996	12.8662906076305	11.3919260443526	9.13179330690308	12.1552152593033	14.3070584328156	11.293164879696	11.054006965802	13.8164576502083	15.4883765772918	14.4174937142348	8.48835048758002	9.40769557330593	9.26894314363833	7.96674500658833	9.61853944213985	7.04502349179902	10.3762880646212	8.69753005168709	11.6889050385398	14.2045779944355	15.0400543881995	16.7171785298836	19.986650144534	22.3422823364132	20.0557385553362	18.2331068937798	19.6900321228788	16.9357051521335	18.9963787338535	17.6309267765481	21.05852485337	19.5404803932759	16.2171354128897	18.0870032067228	20.1032685899582	14.3986948366857	15.9434790745308	18.7744652919863	19.845001536911	16.2251287205988	15.4571904950415	12.9662723633279	12.788861716353	13.4886674656913	11.1680036712028	12.7680670424305	9.28226507917114	11.8598994093542	9.64744085237117	12.9012822230971	15.297255342054	13.6279433884941	12.982309270696	11.361046342657	8.9404600552768	11.2296994616953	11.8842731792904	8.96470267214702	4.45765969988738	10.907045475288	12.6947158298246	9.19832886996328	11.6803078726547	14.5082400724554	15.5366520524854	11.6521026428709	17.089003657323	19.5307526992689	21.1986494381128
14	23.4414375199133	19.7288397530113	17.143141952396	13.6771986897902	10.2625510473761	7.59176086293556	3.50196530536783	1.33096994706868	0	1.32518149700334	4.78586972242246	7.44114359490529	9.14029042208179	5.41126454721999	8.06255747266337	3.39331268821487	8.20177297905764	10.7408852987079	7.43917240020689	9.49212526255316	12.1183416769787	13.9884398343775	12.6824099050614	14.0699491825664	17.1611091424768	18.334448778188	16.9780492695716	15.7414527283857	13.9558427190908	19.1545103043643	18.4454642121037	13.6692287273277	13.7097451471572	12.1665583465498	10.1550139832498	13.0260203439116	9.28915281390074	8.92189161557122	9.83310332499359	11.8968433208141	12.2336909802398	14.4465610440686	15.7543760904709	18.4062414142595	16.4825062718022	21.188419785345	19.0498293168207	23.6055208372957	25.9164958665326	23.0919952147925	21.8394660420075	17.4528255878525	16.3835989330794	13.1369142876096	10.9488189774057	8.03867787636748	5.60906774785258	6.40801232832771	3.60723578381009	6.66910496243686	6.57346377490589	9.00866493993422	11.2547281619771	13.3447727968669	10.0177120142276	9.4342215365127	11.7239360284846	10.504648780421	6.87794838596511	6.91748118898779	9.63173520192494	7.21198128117371	3.3167964966214	9.56005779271235	11.9593654095859	8.44331753518722	10.6931942374578	7.59901717329288	4.60147432895153	2.92751532873869	3.51827258750654	2.84534514602359	5.65908163927682	8.7103839180601	11.7298045593266	14.0226605178903	12.1483505876312	13.174370649105	11.3708596860572	8.26430553646221	10.1557295651273	11.6937117289593	8.54399022705434	6.42529501268229	8.76328631279385	7.21015131602659	4.14599397008727	5.40217835692232	7.45094685258189	6.49201178372313	4.04030196891272	7.08727458195321	9.38509978636349	8.30332818814239	8.61266195783859	10.5527099836961	11.4828572663776	11.8976367821513	6.81711507897586	8.62170574770445	6.03891422360014	7.0890740580135	7.58446946068082	7.1388808646734	9.32341509319412	9.01957083236226	11.8120161276558	14.4122913167893	16.1759028496094	16.7657969986517	19.7144413311663	21.7209039636936	18.3834876451668	16.7139006219374	17.0238577884098	13.9597982793449	16.5454510969027	16.7113870758833	18.5797549499448	16.3433108946749	13.5893481079852	15.6326988712762	17.1427891837939	10.7116733520025	13.5147765797293	15.716306786265	15.6021832126148	11.8974371610024	12.1176399517398	9.05320838156286	11.3671569444606	11.8611251152663	11.3437603112901	13.0798389516079	10.3683069977697	13.8229829269952	12.3368703486743	15.3477365757951	17.8173540123106	16.6544428306683	15.0910523489914	13.6571235990599	12.5139506951242	14.7547569956269	14.5433521926686	11.0527727742861	8.83932497422738	14.1422629377338	14.7363460192817	10.4542013563926	13.9711638742089	16.7945328604281	15.4266745930547	13.1841038375765	18.3823322241766	20.2042952116623	21.0769523413609
15	27.0128632506811	23.3330534221306	20.8435005457337	17.2417195778147	14.1531349530767	11.133063639448	7.64601183624509	4.59584040192869	1.32518149700334	0	1.33196809271093	3.69916058045606	6.072265969142	4.12282888318203	7.37747185694395	3.01203585636028	8.59109370220114	11.1195973847977	9.03100354334999	11.7578789328688	14.1678234390467	15.8973219442773	15.4702845804465	16.9503751580902	19.6157157656814	20.566398858332	18.3753713976072	15.6820106172646	14.394296127286	18.557539007099	16.6818349410369	12.3206268103534	11.6308488512232	8.89817301472612	9.16930460831136	11.6289926046928	9.57296871404059	11.1346479513274	11.9138610030502	14.2602205102165	15.1806615468497	17.6792222679619	19.1816860051456	21.8816740904347	19.8417844207622	24.5487962026654	22.3403701625555	26.7739312391737	29.1830583387006	26.5359649720902	25.4082574176192	21.0022856137136	20.0051026990616	16.6341519471237	14.4736885070807	11.4556222877677	8.62446259195319	7.93607591949573	5.07834707360575	5.15471880901374	3.43061321049167	5.67390456387839	8.04624055071683	10.4784261222762	9.59691773435617	9.84218644407837	12.3287435693991	12.6181842592348	8.87545063644658	8.70450073237977	13.3871958975732	11.153552842032	5.97780729030303	13.9075932497323	16.324735403675	12.7337364508615	14.7029927905852	11.0551832639717	8.26133015924191	5.35085712760115	4.58262261156207	3.47829742834048	5.71597253317403	7.90578484402403	11.2280065906643	12.9500170656258	10.1530584554606	11.1156412320657	8.6293772660604	6.47153930684192	8.48847129935656	9.8284367526072	6.66530464420045	6.012308292162	9.32672879417001	8.56914517323636	3.43539502823183	8.00687635723195	10.6465984708732	9.50280432293541	8.8254909211896	11.7228059354405	13.7906267442782	11.4130616400684	13.309203056532	15.4925817732229	16.309381012166	16.6855933367681	11.4109853211719	12.3982601198717	9.54585318345092	9.21550546633228	8.42572999804765	8.16267229527194	10.3853923373169	9.67350241639501	10.6538447989447	14.8181154672246	16.5663422939404	15.8070002530524	19.4795809246503	20.9350001910676	16.9757908799561	16.7420752895213	14.8171055877995	12.9974820253771	16.4911686365764	17.3843485353924	18.8697837030529	16.3610664689072	13.8374545708378	16.197584542147	17.5519368162035	11.1008090245711	14.6075738231919	17.1283240861446	17.8591962305138	14.5101203647661	15.6190936356755	11.4291105515696	13.163388393571	13.0058164295826	12.8512071417435	14.315892846763	11.7563909853322	15.0536572964845	13.3614801949485	16.2089000552166	18.8221160075056	18.479867775501	16.7352814735815	15.7989515158443	14.6414677542929	17.0805792056359	16.9213875022115	13.2799195780697	11.8757897421603	17.111572546087	17.4117205927502	13.402810675377	17.0821886770987	19.8200627143307	18.8533458834234	16.6294688429907	21.8915425678503	23.7504621639243	24.9141680575531
16	30.5098091439458	26.8044518130851	24.4319699574144	20.7841176141784	17.8022262091009	14.7085540077874	11.1800360464535	7.95342127640678	4.78586972242246	1.33196809271093	0	1.33019021196219	3.4139790567606	2.7293827140949	5.22781311831247	2.78922014190347	7.91038747470692	9.95810448830499	9.14255894156554	11.9749839665863	13.9344633552929	15.3679847410127	16.4749359331076	17.9404064613932	19.6726848447282	20.2838221743339	17.1431743559937	13.5939946299828	13.6199877386142	16.6051672981635	14.6992224284144	10.646414983458	10.2839333914607	7.14911330166196	8.98049246979251	11.6944519324336	11.0279975063472	12.4089217098022	12.9230872859391	15.4795778689214	16.883496586904	19.5934686566723	21.347592393523	24.2491080454519	22.7880571791454	27.2204989116658	25.310591458913	29.6342539808243	32.1051738665281	29.6387195067533	28.6676457701012	24.3617156620793	23.4311025988962	19.7006952415391	17.9169519729222	14.1162015429081	11.6994278919954	8.46757615850014	6.7979771255867	6.36056011684506	4.15248190844945	5.46870843984208	7.80962137366467	10.4477885219792	10.0494268493283	9.3898425971898	13.596951606886	13.9975656812176	10.7277223118423	10.4863527501224	16.0640777201805	14.3602234662278	8.74550690354767	17.2182628914766	19.9100743594794	16.3541494123051	18.2309242223207	14.6422773501939	11.7226987933666	8.42038164218225	6.44572943893862	4.09793643191302	5.88527229616438	6.884589457622	10.0134163500775	10.6770848549592	6.61871384787105	7.28604927241094	4.10977541965495	3.88159039570122	6.08296580624945	6.85652054616626	3.31216243563023	6.07765653850232	8.4702883658114	7.54755814816951	2.86833296533021	9.18481153862179	11.4626585485218	9.54762986295552	11.6103771256579	14.2334133643339	16.1102847274653	13.8572636187669	16.5741071856073	18.5238538376872	18.995077309661	19.7496323510085	14.8449430110055	15.5527991371328	12.013047989582	11.4108996139656	9.57937826792532	8.97156000927375	10.9663582834047	8.84044173104489	8.12382083751236	13.7058321527735	14.7554687827937	13.4545391968659	17.7923296675843	18.7822773113379	14.5664571533369	15.237295626193	10.9233222968106	11.030477324214	15.7711900945997	17.6208157018908	19.0663198336753	14.9761755465139	14.1061880392968	16.7475806909535	18.2185278768621	11.7728067596474	15.7317535259106	18.2763039480087	18.9402426858792	15.3112630439164	17.6259861851756	12.8775512423752	14.7982119865881	13.765480703557	13.864929390372	14.9787594279366	11.9449600250482	14.2548616619033	11.925314419335	14.4600928074477	17.2638287178714	17.7987786659647	16.7536602866359	16.9092582037179	14.9987020105074	18.167513203518	18.9376318477258	15.2064568851524	13.9356723555055	19.7037273631158	20.0675830383233	16.5297138813713	20.1395598015448	22.7961511883037	21.6675855600018	20.0114004757288	25.1325727095337	26.6282018544249	27.6582257746226
17	32.454878662537	28.6045948406895	26.2751393335982	22.4848544135825	19.6213921524442	16.4993725335238	13.1038753428137	9.32278525978154	7.44114359490529	3.69916058045606	1.33019021196219	0	1.32692463990989	3.29056849191747	5.72216182923902	4.08996246926546	8.73352826754457	10.3295938448711	10.8994813638081	13.2344554478074	14.7678051517482	16.1080175378598	17.6453520792304	19.1066826529359	20.4776536497715	20.9988618739207	17.3786158539741	13.1433856368898	13.4399332587629	15.2994183876381	13.1107256092102	9.68275621917644	8.74890130244936	3.93130232874553	7.44539622854285	9.8758787457117	10.4268372002252	11.8599397553276	12.8512528183053	15.7765858473879	17.6787767393561	20.658401341827	22.8341441267239	25.8394364296128	24.8225363933664	29.2150108505884	27.5881201063066	32.0463771119295	34.4007393815889	31.7316587810975	30.549858281177	26.4332114772307	25.0538653704374	21.5542917072216	19.2903576690532	15.662255073903	12.7906945472089	9.27499660377296	7.22120467789135	6.00767683884545	3.76858779916297	3.68411101895695	6.22618751725324	8.21069923940708	7.87462640383657	10.3575847088016	13.2119707084144	12.9667473947787	10.814349032651	11.3213745190237	16.7625553541219	14.9269577945407	10.6849801122885	18.9400219112862	21.9129878610837	18.5269172826998	20.9178973369696	17.1244920800589	14.550955020204	11.1519216281321	10.0213066513305	7.22370237482138	8.11332810873565	6.68564290102306	10.2665259460053	9.59819305911275	6.93156915856721	10.2181053038222	6.85047217350746	4.78163570339691	9.10038081620764	11.165982267584	7.88093661946346	10.1722116572553	12.7842419798751	11.8250874838202	5.44245220465922	12.6266444077593	15.0961749791131	12.4017741472743	14.6006653957962	17.1907978581566	18.8559714149126	15.5469100466942	19.063809561575	21.4719289771553	22.2644911237603	22.9288927992609	17.6276458439577	18.661811005366	15.4891856790472	14.6032429617534	13.0323583053874	11.5369075579204	12.564088705513	9.67365184405558	6.77599476091887	13.9866269343255	14.6994315876499	12.2209842893279	17.0570381074793	17.6804039829411	13.8618684887716	15.2505324497212	11.96680383394	12.710821531278	17.284388129176	19.0196481040002	21.029570751682	17.5195182867566	16.6461542105076	19.6659788975784	21.5521727210971	15.3674822270924	19.202120664135	21.8021701901439	22.5807225083698	19.1622917731674	21.2432573302684	16.5224180131118	18.1984609514102	16.5071619002177	16.3048549211577	16.5634156803481	13.5232963437174	15.0320243813001	12.5154249628209	14.6724417190868	17.5084052386275	18.4403355717839	18.0523202109867	18.7806222207892	16.3135617815362	19.8790083756711	21.2168395620083	17.5400981753239	15.9036615280884	21.9603805750265	22.9065696689836	19.3515104836806	22.7880800858695	25.5212330814951	24.8358332052702	22.7374322648799	27.9893286807669	29.8111026464973	30.9982614673791
18	32.7216980152314	28.8284277233428	26.7606108674671	23.0033750784532	20.7885868928121	17.2928489555654	14.0300918742537	10.2827012987833	9.14029042208179	6.072265969142	3.4139790567606	1.32692463990989	0	1.33217566409239	3.30248164264391	4.49872804245823	7.70908846751677	8.19102423387942	8.94867370061061	11.7000284615038	13.200629227427	13.7401095337701	15.6648104042149	17.6154387399236	18.6793931914289	18.3762478487857	14.7740008799242	9.67495999991732	11.5574925048645	13.2052313118703	11.2311145039128	7.88051337160213	7.85198777380607	4.35595270865054	7.44856717765236	10.607277926028	11.6034481082134	12.7111941610535	12.6034367931926	15.7671257367981	17.4491193474055	20.242239871121	21.4274684692336	24.9497528244269	23.567671437798	27.8420276201285	26.7222295102785	30.9667036185642	33.2879869472457	30.9226355603787	30.0900959453439	26.1854714297833	25.0349186737245	20.9973568336588	19.7032310040765	15.5346207227599	13.4101743463685	9.09346507113763	8.00034986734955	7.55533546574869	6.0701364894045	6.54745538358224	9.44419128353508	11.0642444839221	10.1500014285713	13.0434662187626	15.8267137460687	15.0130779655606	12.6352557947989	14.1957304144591	18.9402126967994	16.4116288649238	13.3323892457429	21.0655451626584	23.706803685862	20.1890917824453	22.3056112671229	18.3538847659017	15.7681182136614	12.0692376312674	11.0563407147211	7.1049646023045	6.93101248015036	4.07897119381836	8.12050897419614	7.09207452019506	6.93705297658883	10.3328246380165	9.06552745293951	5.85803132460044	9.96380489572131	12.5077401236195	10.7136477914854	11.5333774324783	15.4925130304931	15.121538645257	8.72029431842756	15.4556492584427	18.0888264959339	15.774634353924	17.1569424140783	19.9445750017392	21.796672704796	18.4198267907166	21.451950330914	23.8564477028748	24.6497672605645	24.9590197323533	19.5429706288476	19.8844295618456	16.8671513303225	14.7046987048358	13.3387740816014	10.1109015918463	10.1937988012321	6.39583966340621	2.80239968598342	10.4382384529191	10.5998614141884	8.40808622696033	13.5998918378052	14.8987915617341	11.5492371176628	12.9855746503572	11.6749333616942	12.0715167646821	16.0590712682895	17.3143614667131	19.6155207170241	17.0127770807708	15.7770526081395	18.8047488417155	21.2372487389492	16.7187139756621	19.3066577376821	22.1259289070538	23.7994364849254	20.8192458316818	22.4515909013148	17.7374935095126	18.024264478752	15.1221113274569	14.3225219497126	13.882759307861	10.7355315192123	11.4339845635719	9.34105052978519	10.9206309799388	13.6292829231768	14.8848003345695	14.8094438788227	16.2773408761997	13.5408033365824	17.5812584589386	19.3539026555369	15.8453431960308	14.7533759187516	20.68204588526	21.9556561049767	19.7274347800215	22.6129775350351	25.1833961371377	25.0728313119998	23.5339525579534	28.4430828322107	30.0915996916083	31.372325336194
19	29.4853989798341	25.704531818339	23.8276622646872	20.0709922525021	17.7456363086816	14.3742844691484	10.8673818834161	6.95169108922426	5.41126454721999	4.12282888318203	2.7293827140949	3.29056849191747	1.33217566409239	0	1.33029808689632	3.5495708191273	6.42435778891556	6.98871440252068	5.40749794267183	9.45895242614107	11.3286381352747	11.0551957467971	12.8553083199121	15.1675399125897	16.498744467383	16.1702625210601	12.9834254725015	8.83019569432071	11.479347760217	13.5422814178409	12.5833739911043	8.72894959316412	9.46915513654729	6.97562570670187	9.33802420215326	12.575080556402	12.351219413483	13.2438914975924	13.3040147699858	15.3237508789461	16.1795958231348	18.5165950973714	18.661944378869	22.4074726151791	20.4074151719418	24.5446626988435	23.34412155126	27.3732330205988	29.7534300879747	27.6933961261525	27.0592538145456	23.1026082293753	22.1005970507586	17.9379348030926	17.1224387573733	12.9384291163959	11.3322499531205	8.08018601271035	7.52865851264354	8.28347517651861	6.82897312924864	8.64789286473879	11.4844386018647	13.7375524020839	12.442983042663	14.0899491127541	16.5419711340578	16.1347473794913	12.7021234445269	13.3841080763718	17.984626101201	15.2725965375898	11.2318202442881	18.8436252881445	20.8496299727357	17.1795533702131	18.5391928896595	14.7295964982073	11.7157945953315	8.00024437126767	6.98835238092642	3.8053684447107	3.81268973298379	3.84140885613599	6.56373316032881	7.89048604333092	6.47518810537578	8.76998711515587	7.21465605555801	3.60955315794074	6.45522555763933	8.99051956229449	7.79630810063327	7.47004243629178	11.6428828474738	12.4807789019756	6.98756538430947	12.2469157341757	15.0383000701542	14.2603704720459	13.8539681680015	16.7595310495252	18.9541629728142	16.6695107906621	18.349852478971	20.3618701007545	20.8225867029051	20.9942339941232	15.9739755227057	15.7612783745482	12.7186955699081	10.7603588694801	9.54380243927964	6.68681493687391	6.81358327167138	2.91205048033169	3.62259313199812	7.92851543480871	8.69946463870048	8.58300069905624	12.5826374421264	14.609550609105	12.0852139410107	12.5004621514566	11.0417700573776	9.77361744698451	14.0496810284077	14.7261725169849	17.1975368585155	14.4929900641655	12.608670588131	15.5499931189695	17.7355420272401	12.6464063670277	15.5972335367526	18.3130941951381	19.8461040509214	16.7375852499696	18.4811305390119	13.8263437321658	14.3714858313259	11.931096177636	10.6235280392156	10.2234546509485	6.85869914779764	8.32656207567085	6.66160235979303	8.73129028265583	11.3799086991065	12.1001364455117	11.2359570575897	12.4500090361413	10.0475855806258	13.9083763969775	15.433661231218	12.0190931438274	11.8192230709129	17.121445820958	18.2196607268083	15.8411204149202	18.9762885201506	21.5880963959308	21.1698773024314	19.6387423222568	24.5931790950255	26.1974509256149	27.4464643624639
