10	11	12	13	14	15	16	17	18	19	20	21	22	23	24	25	26	27	28	29	30	31	32	33	34	35	36	37	38	39	40	41	42	43	44	45	46	47	48	49	50	51	52	53	54	55	56	57	58	59	60	61	62	63	64	65	66	67	68	69	70	71	72	73	74	75	76	77	78	79	80	81	82	83	84	85	86	87	88	89	90	91	92	93	94	95	96	97	98	99	100	101	102	103	104	105	106	107	108	109	110	111	112	113	114	115	116	117	118	119	120	121	122	123	124	125	126	127	128	129	130	131	132	133	134	135	136	137	138	139	140	141	142	143	144	145	146	147	148	149	150	151	152	153	154	155
10	0	1.32898495100584	4.06349652393108	6.51418659542387	8.50648288072103	8.02961972947661	10.8662449815932	11.1648811458072	7.56469384707669	11.4750904571598	14.0244733947482	12.6811052357435	14.2556536854681	17.5425372737241	19.1342292763518	15.2440220742427	15.525538895639	21.0782273922643	21.7766721286794	17.4881961905738	23.3317547132658	21.5845948074084	26.0990186405543	20.3052073616597	29.0144146761571	28.6749550827896	25.2708786352988	29.9091018086468	32.7352908953014	32.8609066369143	28.7965220990313	33.8837721188182	36.5163352350698	33.1140965300278	34.0584897052115	38.3902323514719	37.5423355293727	37.5971934457879	39.8163203473149	42.7486816287941	42.2956913290231	38.7772143145946	37.8683230814358	34.664126759519	29.6145942062355	27.5072425553708	23.9851636225397	21.8052434978379	18.8794869104009	20.1495769930785	17.9998503327111	17.6705333252848	21.4971004789018	22.5884095278973	24.0423105586797	25.6354922129457	27.1263695691112	28.8059017737685	29.1010332118982	32.4466285921974	34.6663281730269	36.068974063591	34.4642742270891	37.3425686850811	34.2333834436504	30.9753776409586	27.690160075377	24.6633466098987	21.0942784896758	15.5681051833548	13.9746209250913	12.9490206965623	15.1691954302132	12.6278354439706	14.117541216515	17.7680709982823	19.4110965429571	17.2412473446674	21.2122097151617	23.2581362107973	20.5196934187624	22.2352706077529	25.9491374230436	29.6741979841073	31.8154867949557	29.5004445220746	27.9953407552042	24.2047792388198	22.0562380291835	17.2014221795757	18.963374752401	17.7620386217348	18.8547118248994	16.4368260318104	22.45688689467	24.6840366836545	27.5693778856179	27.7563593614148	32.6858228900543	33.4005635880594	35.1736524972884	31.6405708229166	35.5676107153686	31.7013471795758	28.3090066409968	25.4008429387688	21.8685202974504	20.3345282217218	18.1522761382698	17.4715863904798	16.9723660401253	18.7551238332355	15.8327154335572	11.7542687990364	16.4791845975461	16.8519670365213	19.8485152341428	23.4174795825682	24.0150415156835	17.7434999365965	22.723937642935	25.5014761533524	24.9099135686979	23.1552861783222	26.1999690457832	28.651903217762	26.357155176536	24.0399352120591	30.8868217529742	31.9958938146757	29.4551439650191	33.587627409509	36.6426130209078	39.904090040997	40.2612533461143	37.0960691987709	33.1550923087239	29.8068134157276	27.3032998005736	24.7726455793482	22.3664274304145	21.8822374313049	15.3586833094507	18.8382485650869	22.9991958772475	23.6555720497307
11	1.32898495100584	0	1.33064721094661	3.16973563566427	3.18085680281273	2.94432878598841	4.67935059596949	5.08510265383109	3.05935107498306	5.30292240184598	7.91022591333522	8.39912828810228	8.84439986658224	11.8938572801257	13.9018698382628	11.304536478777	11.350746583375	16.4958268055893	17.9457893390065	15.2724799557898	20.1077062839102	17.0562648900631	21.5182799033752	15.0697558374381	23.5894812575436	24.5958926855685	20.678636125238	24.6967387725586	27.4460037346059	28.4223008568976	23.8350825884871	28.7920267435275	31.5194375267072	29.0058148997748	29.2489258948085	33.5348056353395	33.2788307787398	33.5631627532329	35.1312560976689	37.9357889597673	37.0379341891526	33.6427130148566	32.1820801378655	29.2687171396356	24.1979534878469	22.5787366785655	18.5029802194133	17.176648654496	14.3110357766306	14.4049024988023	12.0994225068802	11.3211512223802	15.2727266066017	16.5894916136692	18.8269907048365	19.6613762488794	20.8505741167959	22.9191280375149	23.550470802088	26.3890451892447	28.5375607577102	30.3045873920105	28.8786298324557	31.2580295764144	28.3556668939385	24.9175338466711	22.1124730864732	19.3219911241052	16.094750634912	10.3352441674108	11.072447516245	7.24592478569851	10.1507773593947	6.95322011732694	7.78609895904233	11.5674153552122	13.1776493351432	10.789242559142	14.7250474362564	17.0294637320146	14.1730466731751	15.8821557101043	19.5633224683334	23.2002196756841	25.4023229843257	23.3646781274641	22.2455157503709	18.0397879422126	17.090266791364	13.1344300980286	15.2268959739009	15.9268223447115	15.7367163347377	14.8709746150009	20.6293537707801	21.4408514056695	24.4138268610228	23.5656005652307	28.8711397246454	28.8833524889338	30.7529382173476	26.7035600810079	30.7904493471596	26.8442555121203	24.1893467046963	20.8445738023112	18.1981496586878	16.1020330082881	14.1403767983742	14.0554317614223	13.8311250446231	15.7705962157428	13.2044008194238	8.45408812350569	14.1421998995913	15.6869903741922	18.3465340050921	21.8376180248671	22.4293478505283	16.1674599736631	20.7621289129993	23.4541340705642	23.0412238390238	20.717408670005	23.4563582211732	26.2757617967586	23.9844018895615	20.8601287148474	27.8402933353799	29.0852807103524	25.9802088713698	29.7057372236408	32.4534086653467	35.9076384770706	35.9753558147796	32.9045832825763	28.8786651526694	26.3467735595841	23.3426730474468	21.4720788467256	18.8938428330501	18.6209779818354	13.099123672979	16.796890099063	20.8245193221836	21.9674499885626
12	4.06349652393108	1.33064721094661	0	1.33426046932374	3.65994699415169	6.10519500098072	9.37494778652127	10.7571846223815	7.0600615436411	9.37705977372438	12.1750177412602	12.826678447673	10.393339068846	14.7476112302976	17.0470983161358	13.8924955641526	12.3717502803767	18.6545468452064	20.3834360449852	16.2112585569412	21.7017817010493	17.0363570342958	22.2297081627267	15.5656408798353	24.2307002994136	24.6894258337451	19.8836470749206	24.2115711386106	26.9780438134421	27.2625995275579	22.2054840748856	27.4155698281105	30.0850321754855	26.4519221796829	26.9784348137545	31.4445918720533	31.2130128151705	30.597383368517	32.4233090538273	35.5049411350026	35.017606357374	31.5131337381734	30.7854518401143	27.3987586215142	22.5187900207804	20.2681050668285	16.9353495682847	14.3843725619159	11.4519806147234	13.454411135386	11.844920177021	13.3131282950327	15.9123630866066	17.885173580371	17.9962615562233	19.093119938868	22.1626804561181	23.8183160823766	22.5154302201846	26.2860274860999	28.7923925021871	29.8734446289677	27.6547762601689	30.6747740496976	27.2563447292552	24.1562560426901	20.6475402166941	17.7373442769768	13.9522298217883	8.8621517138898	7.32090691103227	7.62387460547457	10.3973569718463	10.2748572252854	8.9711853174483	12.5636339090249	14.8847257616659	13.942788135807	16.289088709931	18.3625576105291	17.6800659783837	18.0761200759455	20.4207495210142	24.5925122750808	26.4072545714241	23.5684464698036	21.4656028566635	18.1036855916137	15.60204890391	12.0921407120493	12.2156206555377	11.5966803008447	11.4009663625502	10.6981201152352	16.4411875787608	17.5661734592369	20.8726345486141	20.9411577760161	25.8385559581026	26.1786365191161	27.8210630638011	24.3805230050547	28.1131945178772	24.2698847339661	20.8002698299806	17.9770685596957	14.4716193288795	13.6740734969504	12.2278885748931	11.0695069899251	9.8521296682494	12.0323803546929	10.093942589494	5.36111117213587	10.1427909867058	12.0809472310742	15.0099992338441	18.3610589563892	18.3318569981331	12.1240325799628	16.5705970320927	19.1920902978284	18.5789006671547	16.096825401302	19.1942105854864	21.6454633122047	19.3867213060899	16.6163167097886	23.5366371854605	24.8484913626562	22.305161958614	26.1269101311273	29.1500046140648	32.4157418239966	32.7691354936318	29.6271264553281	25.7043530165612	22.4206669392326	20.0289004690722	17.7746572681444	15.8975347145399	16.1211161524257	12.6157526133006	16.1996837623455	19.3106292491985	20.4091038999756
13	6.51418659542387	3.16973563566427	1.33426046932374	0	1.33350553054721	2.57166716353419	5.95590874678248	8.24106752793593	6.29089588214588	6.49901792581002	9.38038879791238	11.201457226629	8.94016386874424	12.7448759899812	15.2314676902786	13.0589369398891	11.8827500604868	17.4233656048423	19.3493750286669	16.3623855534577	21.1063593497315	16.648777883076	21.4631032472008	14.4764069437136	22.8405130196325	24.3354822841052	19.5874576451361	23.1724084635154	25.926438050762	27.0737810251911	21.619457833165	26.6547373838123	29.4464985184996	26.8672878608914	26.4931761214091	30.9316653932503	31.4410918544506	31.0199386685403	31.9618934670648	34.9554526933925	33.7448819823096	30.494642053974	28.8145369041392	25.7849816366039	21.0458639642092	18.5337752495275	15.2898939499265	13.5934309870614	11.1100058505835	11.543728730354	9.46990031626521	10.3034062328921	13.1014381271676	15.4105422357554	17.0251089276985	16.5445217821489	19.5614177655915	21.75658164786	21.0378520291402	23.9476140565193	26.4085180576268	27.9695930967899	26.1079896200378	28.0899156994107	24.9801463166251	21.6228348742712	18.4435477606669	15.3368364404136	12.0936894701328	6.35811929740234	6.43383144012959	3.50566299007763	6.13285724601511	6.2105956236097	5.46345275444018	8.41423811167713	10.4106457532662	10.2071511206605	12.5057873402677	14.1719077755961	13.4756475911178	14.9140332237795	17.1551992410464	20.7003513496752	22.596876421311	19.9413445133471	18.4289677952945	14.7469528377899	12.7360380809732	8.72150038697471	10.6209928914391	11.6627840158343	12.2245886638365	11.2180991705369	16.1265065032697	16.9021130335825	19.797127998778	19.0295156795963	24.297700426172	24.5891886405388	26.6096512942203	22.5842511055824	27.2902159390504	23.294914402075	20.4669525088617	17.5587117408994	15.130884111644	13.9860462604698	13.108343182874	12.8589751924483	11.4527950300352	13.5991179861048	12.2640742414583	7.2825845000247	12.2155542649525	14.2240155019601	17.2265920889769	20.5534939365549	20.053561628798	13.8614366138579	18.3784570353444	20.9031408883928	19.799298851222	17.3164257570666	20.4468671683464	22.773564257709	19.7519911148218	17.2760194778774	23.9513771211594	24.7927464593982	21.5492037903956	25.6827206697421	28.539735019793	31.9941975989397	32.4565372305796	29.5023027236858	25.5708730003494	23.0523927174599	20.5223410945243	19.2141400796393	17.2995319589866	17.9278586562924	14.1032813912224	17.7806709659675	21.2419799924583	22.6641476786576
14	8.50648288072103	3.18085680281273	3.65994699415169	1.33350553054721	0	1.32473695502164	4.63078708212762	6.97137468509619	4.44540493093711	3.49684357671315	6.54300489072108	8.58675776996184	4.13277412883888	9.02452148315909	11.5558184478643	9.02516941669241	6.43318101719515	12.6318791951158	14.7200599523236	10.9700846851791	15.7602292496017	10.9258179556498	15.9672591887274	9.31769601350033	18.0683604679561	18.5067038934544	13.812580497503	18.4428924521074	21.2543840889356	21.2841444742325	16.8836753700135	22.0130174215168	24.5948520223237	21.0768955493925	22.1487823141589	26.4091506300373	25.5388740158998	25.6477714041591	28.0980465335226	30.8888271062532	30.7847680192656	27.180316168139	26.9445373684537	23.7754411736144	18.4544826261806	17.1222257314871	12.7151592597183	10.9135307302449	8.16360612719649	9.15321631996098	7.07659762880439	7.67290173272146	10.6472802630531	12.0025724326079	12.4350570565639	14.8131905071122	16.8345940550998	17.8955336886051	17.6080644308226	21.2559847807623	23.588255552287	24.5572988131838	22.923388602037	26.4849731923595	23.4271683734932	20.0979670613722	17.1345544149826	14.4910839139106	10.9597791948561	5.57231908634098	7.31038890894322	2.70955531406908	5.9204683091796	4.06917153730339	3.41154818227737	6.59059678633127	8.362918509707	7.18052498080746	10.067362017927	12.196895137698	10.7023815573918	12.2034415637557	15.0040549852365	18.4648340637007	20.5616460673751	18.393145027428	17.3222080290014	13.1586937421615	12.4996356346895	9.30324104815091	10.8244211392573	12.0260825292362	9.20435119929699	12.0295857368406	16.1127744972739	16.1225857417475	19.7291943069148	18.9857904233666	24.1109283728354	23.9504330858546	25.2642020851639	21.6319522235049	24.3601842973324	20.6843429192227	17.7767954930015	14.1385476269665	10.8366926227516	8.29474502320596	6.28744415482157	6.55001908394166	6.25367172147691	8.3643836593021	8.1414491339073	2.77648590848216	9.66763745700055	12.6755094966632	15.4614034938617	18.3091789275216	18.521254007221	12.9773567801768	14.7711018884848	18.3417254640887	17.9894422926338	14.7185730626308	16.7150114866847	20.1900898710234	18.2571255678434	14.1315099688604	21.3818881532946	23.0229736350455	20.6000138592186	23.5865483273836	26.2755909924021	29.5420223579903	29.0570155040052	25.7899527917366	21.7520278824757	18.9062048280452	15.6045562897508	13.7302165314317	10.8819770722052	11.1851353590379	7.86649369160111	11.7591073215614	15.4523089860383	17.6772347667841
15	8.02961972947661	2.94432878598841	6.10519500098072	2.57166716353419	1.32473695502164	0	1.3381281702438	3.334694738653	3.05841037141846	3.2922398150803	5.33436500438431	7.09419960249217	8.16454756860415	10.6930874867832	12.5743087285147	11.248226260171	11.5404183633004	16.0263936367481	17.4407369683738	16.0071805137569	20.1800861494692	16.6296481021097	20.9596800070993	14.1531900644342	22.3719360360251	24.1595854476024	19.9096006991602	23.3430488796986	26.1041869630142	27.5019755290415	22.5013927124523	27.378446194041	30.1627129747972	28.0760138552466	27.7758410493724	31.8749801097977	32.3445251317746	32.5029603267149	33.5358694385579	36.3409068131218	35.0540911307083	31.8317371659167	29.9483239263903	27.1672488669722	22.2633066950981	20.3985948045447	16.7009735344979	15.5348368192267	12.7672813472564	12.4291650564308	10.1023383926693	9.35065778434865	13.1052994624312	14.9842674829302	17.3457988285348	17.3491414196784	18.8208279573456	21.2900622357005	21.773401273113	24.2638272743605	26.5573038729461	28.3006400104309	26.9648655290547	28.8082468227416	25.9819215032299	22.5446620954939	19.7576567689592	16.9396447719543	13.998634433401	8.25757494667775	8.86488065345496	4.57206933455738	6.98644659322606	3.47410117872235	5.5661887319781	8.60653728278685	9.75025979141069	7.98964310842481	11.9321775883533	13.9823321731391	10.6368587938357	13.8674155486882	17.1148210040304	20.212009721945	22.3746920202268	20.3508898576942	19.4706337082284	15.3984185226925	14.5719383405229	10.0302731268894	13.2856876750886	15.0591721552016	14.7790273360597	15.2122201206793	19.0337039485225	19.6021111618111	22.4807280576053	21.2857808407397	26.6789810337651	26.4446149338575	28.6494649339215	24.4160093586155	28.9936630835084	25.0034430829036	22.6024327451715	19.345460475264	17.2150655822161	15.3179858662946	14.01149813546	15.0534148285364	13.196005494088	15.9574122588846	15.6526636071948	10.3768364157868	15.8987466801632	18.320702906821	21.4000918222329	24.5710280004724	23.9829683734103	17.9808857679481	21.9729674600405	24.4454265047677	23.2007481344891	20.3216609803431	23.3594812656446	25.651294255846	22.6583647688883	19.7440079517812	26.5113911555014	27.5106698209985	24.1287580492656	27.9784741542494	30.65535773727	34.1698890399135	34.3580935734217	31.4045368856157	27.4182226448032	25.2241342566995	22.2947807569395	21.3721267542563	19.156096496938	19.9194057391279	16.3264128025724	20.1264820075442	24.157920047057	26.0733274631375
16	10.8662449815932	4.67935059596949	9.37494778652127	5.95590874678248	4.63078708212762	1.3381281702438	0	1.32840129479009	3.19971420598778	3.18658594737377	3.13628107796479	5.34444992492211	7.16907881111653	9.46917530727993	11.06853075164	11.0274865223223	12.2913594854271	15.1462085024603	16.4736332665262	16.2511500516117	19.6433295039308	17.4062230825645	20.8469170382577	14.8124508100449	22.0357816743586	24.4470196752079	21.1438574058756	23.7675799567394	26.5712571588173	28.3617231140846	24.1781933981842	28.5905056618452	31.3312971643371	30.3331788640756	29.7476948686785	32.6636536076416	34.0595568086257	34.9614187641177	35.7092654783041	37.7976915829525	36.515481771435	33.5301911268039	31.0454728744788	28.804011335229	23.9619079999903	22.2704595596948	18.507210567776	18.1662793659021	15.4273544718464	14.2823509969472	11.5292444245059	9.01134401740384	13.4984492442651	14.3812087809057	17.7696377847158	18.4074258385033	16.7873967904497	20.6358316285048	22.9262244820206	24.189618041631	25.7366586797898	28.4005135693001	27.9941487636256	29.1160472076826	26.8704833413915	23.0490407826443	21.1837553328016	18.5205239666701	16.1399892812852	10.7381658117204	10.9026920070229	6.39001541469189	7.55738188792918	2.75904403734337	6.67307934914609	9.3642479142748	9.27641358500148	6.27388627566678	11.3948441849812	13.6704310466057	8.65463165016282	12.4395230615969	16.7534024007066	19.3155227472621	21.7701609778155	20.6823084301535	20.221470025693	16.0839254847814	15.9014992374933	11.6924348619096	15.468237973344	17.4691434821516	18.0046311820043	18.0528385579664	21.3957329390699	21.7436810361079	24.4344497994123	22.8790191004772	28.3208337800991	27.7552610148058	30.5398442366689	26.04717992413	31.1173899451737	27.1946970014376	25.196141391094	21.9846561492328	20.3531189256094	18.2328949155092	15.6877819337215	18.6021608153462	16.3849512663297	19.4386897449391	19.3356732750634	14.0404420514455	19.498425449251	21.8380051744659	24.9474651818577	28.1200630155766	27.3209628856671	21.3182349175536	25.5157816654713	27.8517245067518	26.3031945778455	23.539555178465	26.5538649917484	28.7286804430694	25.3752846880582	22.8007809734667	29.3277835166587	30.0144975137016	26.2802764254869	30.3835219979515	32.9411101664774	36.5086161885109	36.7608885229941	33.940486826208	30.0057169552737	28.1923155132742	25.2363769982936	24.7089832449658	21.7651001605782	23.3035943364967	19.6313014596588	23.0831157775548	27.7180092719517	29.6792139720714
17	11.1648811458072	5.08510265383109	10.7571846223815	8.24106752793593	6.97137468509619	3.334694738653	1.32840129479009	0	1.32850818589876	3.30574666300973	3.11480368562771	2.91539328393272	5.02684493494677	7.74827632444791	8.67743746736328	7.92546869276512	10.3462619819914	12.7306619230895	13.6435976193964	13.3901783781994	16.9343424732111	15.7703936222277	18.9722215093541	13.6899622351561	20.8676728218553	22.5741052092879	19.8949185974711	23.2559287064611	25.82132060914	27.3029498406308	23.9371619245056	28.2358331734695	30.8754261670993	29.8713547232127	29.8438820698648	32.7014234246768	33.3165373500909	34.7707791831014	36.1076241810507	38.0333651942607	37.1675507129539	34.0057139316321	31.9800332864117	29.7525214393671	24.6278982862931	24.2084747557544	18.9989463392052	19.6411574506188	16.2505206685817	14.8897624225506	12.4465113987816	9.25571315458728	14.098780975673	13.7699793391276	17.5980754061346	19.455186043829	16.4346919046266	19.8485459920872	23.0865250741639	24.7215515087545	25.5307002841677	28.5154932273668	28.3152343094667	30.1636760027686	27.9938274267739	24.0149412241629	22.7809958957022	20.7690073426729	18.4366607876806	13.2302948190885	14.2543963744523	9.50494281939666	10.6833203640067	6.07690208905821	8.08656354702045	11.8930140839066	11.3365434767393	7.48341339229632	12.908957548927	15.4964313311162	10.4914487560108	12.4260639383515	17.6766377176204	20.7385926475255	23.3388838207829	22.6425601688502	22.5533537195691	17.7475634947449	18.9299336765875	15.1830969831586	18.7000395988886	20.7625098916292	19.9215659525048	21.1501743491632	24.7625246491548	24.9689840001551	27.7255886501982	25.9944267103547	31.4731765317707	30.4653173297112	32.5852093134293	28.2610956263199	32.0623710289804	28.2419050525987	26.6132427937672	22.8979707834559	21.4102630530314	18.0148016919421	14.2302748743656	18.6482641819554	16.8286064188334	20.2501296045235	20.2101482676402	14.6846311836559	21.1148588676316	23.7542986846592	26.6604458514857	29.8548881424801	29.7263334604186	23.7972082816451	26.8444863240107	29.8794861736276	28.8792896553915	25.732212963521	28.3332969842904	31.0177939576624	28.2355182173092	24.6126112592711	31.4472815041301	32.7468227619108	29.2955901630262	32.4061288493396	34.6291279849782	38.1875882715837	37.652930656192	34.741775573508	30.7324264905978	29.254200826548	25.5713458777593	25.1834503791677	20.8949686766934	22.4364371948846	18.2918391639551	21.3959848803461	26.8095070077762	29.0546313347803
18	7.56469384707669	3.05935107498306	7.0600615436411	6.29089588214588	4.44540493093711	3.05841037141846	3.19971420598778	1.32850818589876	0	1.33801457391166	3.25895228562801	3.27473311889687	3.17169528801239	5.88789512474535	7.66301618163501	6.28445216387236	7.49146674557126	10.8926275985182	12.301356063459	11.3619080263836	15.0741575552334	12.9408612541824	16.6118551041116	10.8275472291743	18.6143223889563	20.0799287598338	17.0386733345058	20.6187902166931	23.2589972913709	24.5403075979092	20.9715389039527	25.4388460037007	28.0919573187772	26.7342139588954	26.8862079512898	30.1825208191761	30.321676833579	31.6332982472584	33.1823472497049	35.3330859252344	34.5686310402943	31.2560073745832	29.6241619965865	27.1898579069476	21.9213370714471	21.4692242291146	16.1716671682297	16.6240958551134	13.2299452379819	12.1859644673698	9.95252455410184	7.0693143231858	11.8097158306201	11.6112327510906	15.0786103802705	17.02672161633	15.3898975630119	17.9608397910565	20.4030258785309	22.5698850240758	23.7424455353698	26.3202149497302	25.7564284985322	28.2055518116558	25.7983931863983	21.9067283956322	20.391249348679	18.4632760094193	15.8673777921873	10.8058002017435	12.634796318105	8.14193889684761	10.4760265845405	7.29013003999243	5.51728384261676	10.3097825874264	11.4591236575927	6.79353229181992	11.5689137778791	14.3096254667968	10.9403827172545	10.9007097934034	15.9345748609745	19.7371469822768	22.2341738996528	21.2330778268248	20.7638668123257	15.8924981988358	17.2008788728948	14.7095554317593	16.5618493230678	18.233815535976	16.156195994107	18.054560338042	22.4450560480476	22.3772776494372	25.7005709664202	24.0829867956614	29.5326602255875	28.3273900845101	30.0194292583986	25.877984832672	29.2265688885986	25.4235816123535	23.5925268888265	19.8632174886145	17.8179247108074	14.7400943348406	11.1057310430246	14.2729867231775	13.2046670916006	16.0054303909642	15.5088984779706	10.0625845586509	16.6264768968053	19.2916681756659	22.0763068016369	25.2702077751648	25.4988498956326	19.6366402676222	22.4049240346849	25.6090037877306	25.0800273923295	21.8403208080834	24.2278234061585	27.2602141774418	24.9867666975941	21.0019126748018	28.1023378920687	29.6492548810253	26.7463751749653	29.5758104876265	31.8092222790813	35.333053434426	34.7047206299086	31.7247985809209	27.6895486962139	25.9176351351739	22.3637196593053	21.2695546732883	17.6662489793391	18.3592272985548	13.8630649208608	17.2801792814774	22.2597193827775	24.2944805460006
19	11.4750904571598	5.30292240184598	9.37705977372438	6.49901792581002	3.49684357671315	3.2922398150803	3.18658594737377	3.30574666300973	1.33801457391166	0	1.33800971595874	3.21823523068156	3.35209203334276	4.71220595899627	6.86356503575219	7.81852294234659	8.23406546002641	10.6576656918858	12.4260128359824	12.9054753496336	15.3971636349037	12.7559971777984	15.9515977256198	10.0161917413756	16.98507739164	19.5765731934882	16.4014939563443	18.8831453682907	21.6193921514921	23.4302944070278	19.6560354598785	23.8721839805243	26.5611774211913	25.9341383122709	25.4329154050416	28.0754020630159	29.366161104237	30.6902558151606	31.6120591388793	33.400719917391	32.4395741186595	29.3644256031001	27.1970339926985	25.0454376484022	19.9880231388699	19.4090944920158	14.4945675685755	15.1521581301147	12.0590391822898	10.3560806292728	7.94037310206517	4.50105332116828	9.32704465519491	9.41110259215146	13.0326456638704	14.7332607049492	12.473416733197	15.7190463133105	18.4703683504147	19.9892964858696	21.1115332934394	23.8558728408751	23.6159541200435	25.3951985422442	23.2174572466496	19.2250378673229	17.9824483872469	15.6950475628461	13.4282110871106	8.44504795723506	10.0375923906084	5.35451557099239	6.8953506799872	3.94321670720746	3.74555977124915	6.80118879314492	7.78748027284821	3.50247612411562	8.44267955094826	11.1483137738404	8.10453027633311	7.91853180835943	12.9440003862794	16.4216685205858	18.9677976844967	18.030828350356	17.5871873817276	12.9926935621525	13.9596206252176	11.5503589987498	14.1424936273629	16.3532673799458	15.8395742998352	17.9430195340695	20.6445338528144	20.2183175610633	23.0310941338009	21.0055489097524	26.4946920344434	25.3142585117558	27.6676433040474	23.2488348525254	27.5277290563533	23.7454352244805	22.2072731554327	18.6636032426753	17.4705203128012	14.5474127940332	11.6192152919205	15.6666234715717	13.2671288529207	16.8993643371578	17.6002012772582	12.0453043132999	18.2334572969582	21.0859559897103	24.1745434083045	27.1134408366035	26.3587276437995	20.7533315397793	23.5225662715614	26.293247003746	24.7466507834899	21.6714041538614	24.4741419870033	26.722465642227	23.5910723156028	20.2873032461192	26.8424582704342	27.8046729345986	24.2144202697484	27.6149767155433	29.9326899726703	33.5184672382256	33.1982123615113	30.4090903020791	26.4595877707874	25.1657071031195	21.7138726393981	21.7512156212015	17.6022065378179	19.8852279343235	16.5130958030286	19.9440567588442	24.8239452746738	27.0885303588068
20	14.0244733947482	7.91022591333522	12.1750177412602	9.38038879791238	6.54300489072108	5.33436500438431	3.13628107796479	3.11480368562771	3.25895228562801	1.33800971595874	0	1.32989774042969	3.41255476146538	4.72931252932178	5.23199741972414	6.72296259100108	8.73563609590052	9.9149357032711	11.0041288160399	12.7741898373243	14.6284748350606	13.7092396579825	15.9759946795184	11.4164126151782	17.1948882520358	19.7681784947425	17.5946871810783	19.8959821823402	22.4518991847015	24.3659463185816	21.5276888216083	25.2994309026903	27.8542577355779	27.8428381096468	27.4560566360138	29.263699236426	30.7849586324231	32.7434518949973	33.7178471139544	35.028278219176	34.2939825188035	31.2964401330247	28.6753043750193	26.908224133153	22.0646523652651	21.5730514067899	16.5993070939723	17.5601565482771	14.2218990293139	12.4130978003075	9.8523336321909	6.61987114678224	11.3588775413771	10.2265744020175	14.519861741766	16.4122401578822	11.9084383946847	15.7346521092778	19.8212900437888	20.8969660238036	21.3494076264425	24.8177591454184	25.2526426537897	26.1527370078162	24.3624909235488	20.4542787210891	19.4392021955635	17.6297508207008	16.0389428891059	11.3976115480394	13.2191107492146	8.55693701040273	7.91383408974436	5.00243680619756	5.98722590186808	8.52598223080485	6.42117629410687	3.83778295373775	8.55694460657541	10.5284734885927	4.28316541823918	8.22614745795382	13.4166816314616	15.3984025794886	18.0778693987981	17.5981852757607	18.0748837340659	13.7427383006445	15.9062863673455	13.7508994251285	17.0004407001701	19.4728024690849	18.5292497959308	21.0369168368371	23.8026025887927	23.1073064419027	25.6246412072442	22.9985106691716	28.4248964466012	26.5646461674158	29.6019903722706	24.9096080659652	29.5784318380809	25.7565217566348	24.4089336514318	20.7601216277747	19.7581708667579	16.5388786197856	13.2059097755512	17.7934740003182	15.3918285463424	19.1563287975541	19.9433183046353	14.399306823594	20.7790539967536	23.7085001212645	26.7058591511301	29.675755323159	29.1932653363751	23.5892341121962	25.9428163081806	28.9982423260445	27.6354613314126	24.4357061694562	26.9388984555791	29.4706833649985	26.4697044373374	22.8459519609055	29.4308544558258	30.4790314314612	26.742326207718	30.0405548717063	32.1651349911671	35.74932466495	35.2910028335835	32.4837115798057	28.5319109770096	27.368824929105	23.7625366911868	23.8437674246332	19.6072285394953	21.7940073873531	18.4602797920292	21.6555798583183	26.7908289158809	29.244577275112
21	12.6811052357435	8.39912828810228	12.826678447673	11.201457226629	8.58675776996184	7.09419960249217	5.34444992492211	2.91539328393272	3.27473311889687	3.21823523068156	1.32989774042969	0	1.3226250413477	3.30951673209247	3.24571979690176	2.99195688471609	4.94694228791887	6.79345979600969	7.71958269597522	8.5814142191133	11.0684942968771	10.7426182097289	13.3247957582846	9.35324088217555	15.7610365775859	16.955270419548	14.8795127944432	18.6136960864843	21.0988965351271	22.1210147371227	20.1678838751119	24.0354611771857	26.484580079737	25.896568189627	26.3573165933105	28.5266198663634	28.7587404105256	31.0335579977546	32.9098431020265	34.3856492886204	34.0450114407383	30.8227549871844	29.292599509091	27.1919370953965	21.8963302176415	22.0734317449734	16.3632146291613	17.7958789892492	14.3997132263111	12.6381016770716	10.8488250515897	7.17994157357844	11.7231051347329	9.84673925723638	14.0073356138846	16.3152891178796	13.0669970153819	15.28236091054	19.6637749427723	21.4706579778078	21.5535914408713	24.5878195251226	24.9494001731505	27.6446504951681	25.6122795744541	21.5324709450634	20.9203165846026	19.407505403838	17.4886659868613	13.1793956234723	15.4177718558811	10.8606876854092	12.2453736570184	8.81121773649931	7.43253388825103	11.5289451815853	11.589287726172	6.22071812574722	11.4337358286782	14.138581329115	9.68434241443372	9.48926414428432	15.4481000126229	18.8149760297482	21.5914618773255	21.2611858794377	21.3591286807304	16.3631608804656	18.807072339947	17.1321901985706	19.2684695292595	21.5026601610126	19.1437522184132	22.8000429385561	25.831507853782	24.8866867220207	28.0165216077942	25.6599699727026	31.1659797214848	29.3717358356635	30.8280109802757	26.5921387819784	29.4155118772392	25.8183026165548	24.172728828165	20.5818821782654	18.9061784874681	15.3492888108863	10.2682887571396	16.3207826405476	14.9096476484188	18.6372238812544	19.4787327103177	14.2145277093543	21.0409797775674	24.1957739078542	26.9079299463931	29.7606708425734	29.912767307623	24.6108050457518	25.6152567623282	29.2929833407251	28.5352730843775	25.036918600339	26.7531340407063	30.0283836561344	27.664458751257	23.1554040776662	29.9023156461168	31.5213055091314	28.4525236490544	30.5289589897854	32.5379992316676	36.027298275058	34.7981770786919	32.0121773861136	28.0450185416234	26.8328718366112	22.8801068397855	22.3515890710258	17.0869291857841	19.5083387555168	15.9665505667317	18.3743381377398	24.2947623367672	26.9916408356365
22	14.2556536854681	8.84439986658224	10.393339068846	8.94016386874424	4.13277412883888	8.16454756860415	7.16907881111653	5.02684493494677	3.17169528801239	3.35209203334276	3.41255476146538	1.3226250413477	0	1.33457034284447	3.3124241878117	3.33394496055349	3.04003190772729	4.81372433776593	6.77489490693398	7.27510632224712	9.2807377939472	5.88923101941162	10.5754441987086	3.70655648817066	12.1721887103347	13.5821198271846	9.05158516504153	13.2595996168813	16.0796961103125	16.7941008095105	12.8359068242178	17.5937786163178	20.2085697168305	18.1293699835378	18.7955370766573	22.7226584932309	21.9240719301867	23.0764067826861	25.2293843959776	27.5861316969234	27.2427630023094	23.7385957672311	23.3763705052773	20.5495031813424	14.9787258136331	14.8530999121396	9.27069765443788	9.77729262117075	6.74065360332364	6.60945640730008	5.78435138974112	3.93651952872077	6.89439584010086	6.05194381996396	7.56287075124255	10.7107737815715	11.5776368054971	11.8912987516083	13.2780666137808	16.4600071081394	17.9967771003588	19.5522146827412	18.6889900476189	22.6976371898046	20.1454183624962	16.3967309241812	14.8626081829536	13.7506110409683	11.2368334507547	7.87373265992693	11.5951439404606	9.10209091363078	11.4409555982007	8.33791856520559	3.75180036782343	9.62691876978299	11.0565024306966	6.24066166363792	9.31346664781702	12.0352473177746	10.6037599935117	7.10931283599196	11.593961100504	16.6443442646444	18.9666240011237	17.0084173866942	16.815736528621	12.275803884064	14.8031925272895	15.0712498154599	14.3565353410912	15.9333650243757	11.4573571559937	17.1235124025417	19.5897639087356	17.5991507181455	21.9951102293214	19.4865764566278	25.0846615484443	23.6234771572688	23.7926836863772	20.2878767001379	21.7988709111275	18.2552138853534	15.944696202813	12.4069364873042	10.1001751965003	6.44706917909216	3.41595213666702	7.76395607921632	6.41226052184407	10.2664596624153	11.6007121333132	8.11584462640827	14.0762085093963	17.5969832925988	20.096028712161	22.4075224199375	22.505318971301	18.1870961123539	17.3020745865922	21.2350019778666	20.7074899492913	17.0353975885507	18.1149007449668	21.7431696171464	20.0166514182567	14.8173747337374	21.5836114911291	23.4941605723635	20.9589464906994	22.3807301266067	24.7375519807438	28.0948841784407	26.8419643468953	23.8048481826707	19.7681439442351	18.1528905962659	14.1284507643266	13.558264859487	9.07219471792796	11.5544339973882	10.0756729303804	12.9661331938246	17.4317325874395	20.4235263115849
23	17.5425372737241	11.8938572801257	14.7476112302976	12.7448759899812	9.02452148315909	10.6930874867832	9.46917530727993	7.74827632444791	5.88789512474535	4.71220595899627	4.72931252932178	3.30951673209247	1.33457034284447	0	1.3237503541076	3.332430044277	3.41850157232668	2.88946932844078	4.78737757023613	6.78716501935823	7.82889436638405	6.86834208524881	8.92696236129625	5.22560436696082	10.9156675471544	12.7097055040626	11.2339594088638	13.0858960335164	15.7091339353893	17.6064608595822	14.657886273266	18.3749052786674	20.9525206598156	21.0914209573466	20.6145571381002	22.5650150675775	23.9678586027204	25.9392487555056	26.9048035488089	28.2493918341617	27.7441140063978	24.6292735378046	22.911414578764	21.0099723702817	15.8414120898359	16.5125405979819	10.7422521381692	13.4722182657497	10.3829063850157	7.4770500867655	6.62422350166418	2.59109918760359	6.01150413790093	3.53290984883566	7.70580359209862	9.90793999779974	6.96611613454729	9.82775467744286	13.3102007122357	14.9866350459334	15.5697566133835	18.4982607020228	18.6051022303023	21.1608118936869	19.3430265729022	15.2438973035113	15.2206164789735	14.1762945087918	13.384502157346	10.5117123248308	14.0595523755204	11.7132116005816	11.732425580416	8.5724840040679	6.39909376396377	9.59262190435962	8.87527678441636	4.00679934611156	6.89517896794565	9.43091246910923	7.54849375703524	2.84540664932097	9.04427072792494	12.6836875158607	15.5234935501001	15.0892733092088	16.1243695690715	11.1795524955161	15.5934797591814	16.3518499259258	17.0225923113961	19.2077238891025	16.4356583378945	21.4617073179186	23.5371065766377	20.8910050500209	24.4919801159482	20.8985317666098	26.7145469922288	24.0775994442968	25.2080212829171	20.9282263223619	23.5078185078922	20.0714450401559	18.912727434191	15.0292543394541	14.6487999849817	11.7077288574685	8.67521965139788	13.7933420895735	11.9548514419879	16.2408276266944	17.9056903804349	13.9194130264175	20.0373754269365	23.5205951242735	26.2266320750492	28.4476266496873	28.0628758504897	23.7004463460079	23.2265311013074	26.8611738574471	25.6001680853857	22.0997031880521	23.4213376432688	26.4370449369819	23.9396943589512	19.3822179845342	25.4535299909462	26.8254303600147	23.5404382711962	25.1114108126166	26.9811165447244	30.443529181092	28.9542794073691	26.4135397287073	22.5918928157868	21.9025811036051	18.2187180943117	18.5624211244115	13.6350153281909	17.5416317656027	15.7360825493513	18.0104859734545	23.6261222590589	26.6458459426606
24	19.1342292763518	13.9018698382628	17.0470983161358	15.2314676902786	11.5558184478643	12.5743087285147	11.06853075164	8.67743746736328	7.66301618163501	6.86356503575219	5.23199741972414	3.24571979690176	3.3124241878117	1.3237503541076	0	1.34343142735311	3.3654322159271	3.46977074170615	2.91363861863478	5.01795944583055	6.88995943384284	7.81224954798552	10.1786075177305	8.01110810063127	13.1369120039681	13.6712797498991	12.9306928662002	16.4713630583507	18.7630496988096	19.487731627873	18.6924180618774	22.0744140805594	24.4186388031766	24.5846302595748	24.8518886807422	26.1591344275762	26.861321430637	29.7017168022322	31.1864405952331	32.3877097986258	32.2077085338277	29.1200952264927	27.6629098071768	25.9209172291414	20.7311206161172	21.5549724657676	15.6710454660817	18.0822342093006	14.8824451620021	12.5036956536858	11.3923614760066	7.70186431976051	11.1676293366139	7.5706324042315	12.2408230932401	14.6831603546376	10.4033622449668	12.4678504161704	17.4354150509817	19.2900729132888	18.7984560270252	22.1712697426196	23.0228955607239	25.8837998369637	24.2279576935407	20.0835762751558	20.3814244104773	19.3322592833843	18.22830159395	14.8436901409319	18.2015797666027	14.5519674614809	15.6474264976705	12.1596214579238	9.73599743221001	13.8625214517417	13.6017133479573	8.83725805892303	12.1167732915987	14.7657297144435	11.288387130144	7.37187472763883	14.2625581506264	17.7456787697738	20.7692609882971	20.368396377722	21.3497681017851	16.4188794380128	20.3281679941897	20.3335444524559	21.3262817668716	23.5402731080164	20.3993629802501	25.5045481042107	27.8451144906966	25.7243462307597	29.3164937023512	26.0032163202939	31.7977386617351	29.2367759850501	30.3229519671156	26.0862205004865	28.2968094667932	24.9819364141373	23.6047689673083	19.7202895262722	18.7197482354865	15.3614365864655	10.2787957465843	16.6006200787802	15.6431327425168	19.5761692115695	20.7127752124142	16.2764871824359	22.9157781670185	26.2820823756414	28.8709841363262	31.4458883480814	31.6095459790235	26.789302379868	26.6019639500545	30.5227941709143	29.7512288317642	26.1556067794269	27.335175360696	30.7746797546295	28.5567352650824	23.7397774842141	30.1222323873912	31.7783044701885	28.5585547778595	29.896969578872	31.9248872981566	35.3352769056647	33.5224453314492	30.9858867228292	27.1637535329711	26.1561119817147	22.3796861014626	22.0739055674341	16.4938323624317	19.6814702956868	16.6500926423849	18.1772007470897	24.4483127025159	27.3913312199316
25	15.2440220742427	11.304536478777	13.8924955641526	13.0589369398891	9.02516941669241	11.248226260171	11.0274865223223	7.92546869276512	6.28445216387236	7.81852294234659	6.72296259100108	2.99195688471609	3.33394496055349	3.332430044277	1.34343142735311	0	1.3364168511359	3.32682821919016	3.34764588927802	3.14831161100676	5.38488235711793	6.45603670993281	9.4610381037178	8.01681258356462	13.4931984347671	12.530741199147	11.4075365000512	16.3470217470951	18.808372417623	18.3852203957418	18.4766738889877	21.9937596149453	24.1723666197582	23.3743734033663	24.7505185804257	26.73337485242	25.6270107893995	28.680890816012	31.3932166558319	32.822934192421	32.9534271662296	29.6777269513688	29.2533114364853	27.1601752755758	21.7230661049494	22.4043476584345	16.5487552401986	17.6494822586953	14.4563114244264	13.4500782525605	12.2877232227944	9.39571977019323	13.0725032797854	9.50735578381287	13.0557462444703	16.3429848253004	13.0154287290123	14.2039653970291	18.9066075486852	21.201182231187	20.8437472158919	23.1486430919827	23.9576265310235	28.0545968782301	26.2300126000732	22.1730828032549	21.890836827312	20.6599425701041	18.4226143910141	14.4941845234563	17.688741306266	13.9740028266778	16.5393584821177	13.4488873145699	9.27282686131904	14.9365159592189	15.8298635812189	10.7852282776027	14.3841481499601	17.1224005618371	13.7663334624729	10.0872614717772	16.6113836268988	20.432944134412	23.3683533651817	22.6761153198691	23.3731291443829	18.5002367822685	21.0690293559053	20.4168104022151	20.7947749206381	22.5762617366118	18.7479765841544	23.3592710074608	26.6214822464866	25.2261052285128	29.2286274224432	26.8002076297927	32.4523534739778	30.7324142559611	31.3740737233787	27.5370119294015	28.8101500343195	25.6163699418946	23.6582100971312	19.9997383482885	17.790633603107	14.0435714118596	8.04563198263505	14.0494664311496	14.0149375310773	17.2452135098409	17.7413403383172	13.0658748271978	19.8843626249372	23.0464904486562	25.432072841198	28.1859499396419	28.953979294736	23.9355181686129	24.044918756361	28.1257308882809	28.0230425721405	24.3863081256676	25.4966608401963	29.363278052697	27.67404583721	22.5789312634589	29.4633953576298	31.3802800816054	28.7723215782112	30.0440876546451	32.450372817581	35.7185923994773	33.5843357832189	30.8785473265826	27.0294880639645	25.4314296294959	21.4325868480685	20.4827242816965	14.3219672880509	17.0194998163871	13.0557963372596	14.9063321444277	21.3180057463169	23.9893817344258
