24	25	26	27	28	29	30	31	32	33	34	35	36	37	38	39	40	41	42	43	44	45	46	47	48	49	50	51	52	53	54	55	56	57	58	59	60	61	62	63	64	65	66	67	68	69	70	71	72	73	74	75	76	77	78	79	80	81	82	83	84	85	86	87	88	89	90	91	92	93	94	95	96	97	98	99	100	101	102	103	104	105	106	107	108	109	110	111	112	113	114	115	116	117	118	119	120	121	122	123	124	125	126	127	128	129	130	131	132	133	134	135	136	137	138	139	140	141	142	143	144	145	146	147	148	149	150	151	152	153	154	155	156	157	158	159	160	161	162	163	164	165	166	167	168	169	170	171	172	173	174	175	176	177	178	179	180	181	182	183	184	185	186	187	188	189	190	191	192	193	194	195	196
24	0	1.35305727890581	3.68388327719541	6.92446741634329	6.75048264941108	5.87668052560287	9.91673434150577	13.0598476254511	15.193526154254	18.9014211899529	21.0943339548799	24.8624753996862	28.4655934419081	31.741693559103	33.2282408803114	33.0299845292122	30.3259576765516	26.6897586725695	24.0537945863018	23.8482761221854	24.4168738375739	21.6399330174564	19.3253830492438	20.4985822192658	20.0605637009532	15.0563980420285	14.9019002144022	18.3009895907298	19.3888645619077	22.9411737711914	26.2669132750691	26.0652762118494	30.2900241003536	31.2639802168566	24.4336282610668	29.1506608672942	30.607985330629	29.527404643822	25.4698858654687	23.7890525031999	20.3221684128441	16.3785504547869	13.8324488793561	9.23825903512128	9.1857405798335	5.18519469258387	8.51201116070697	10.5922512243621	12.5162402102229	15.3761400227755	12.0152946697116	10.0879626287968	6.52377720343054	7.31481982006392	6.03059615626846	9.34783921556206	10.3731456174104	14.7223678802019	18.0235366673691	20.9378535910441	24.0867898027114	27.140483857146	29.2711995825248	31.0509925284201	33.5315427023571	34.0350681503651	30.0438334604624	28.9112431763146	26.3891573378158	27.2833460191378	26.0741536967166	25.7784931483592	23.0521128749622	21.4605071235514	23.055319928381	21.1746472461763	17.68806982121	18.5154363707691	13.6255027063224	18.1614041582693	20.6707156383131	22.1202828643759	25.2079328981969	26.2207987292531	30.7961632350525	33.6064136884613	34.8594730453574	37.3894724354329	38.1244680880927	39.4739347291349	38.0313115997858	34.7018899485316	35.8901926436736	36.7885851589865	33.6066814487834	31.5339645461842	34.1919782112705	33.309437476487	29.9117648259009	28.6478926799163	32.3981959065624	29.9903409283723	26.0135910823554	28.3722436546707	30.7302326219637	26.8175836532675	21.9938893559097	28.9984095081092	24.5404331257621	29.0851251501519	24.6889361658213	20.5534795351055	20.0424930834465	22.9916253666417	22.596693607694	26.5342611919006	25.5428054254031	30.252879416677	29.1599594821392	32.0399241884247	33.1189536519498	33.574131023751	37.1761308503185	38.8620259250595	42.1829927340391	41.2608533600555	37.6032440355882	41.5725576432338	38.7445159216114	39.1279642583153	36.1634139566496	39.0661296393692	37.9167877595136	34.5472528719723	34.8071213690532	36.3319026889592	32.9732534184906	31.7285574995145	33.340750276501	34.3344211397251	29.9233803070442	27.8847793249292	27.4669108565197	26.0822957195106	28.6215412757594	24.7808913076185	29.6489946203914	27.4769104158382	27.943278637268	27.1972107761072	29.3524640703298	28.5517002996319	19.6007093238995	26.6833196210666	24.0668869819094	20.8486914217655	18.4075212073761	21.1824708190522	20.7633955315599	17.3139624003288	17.0479760968861	19.5106265660537	17.7311769772906	13.3964792389642	16.9472682459445	18.9735075829431	15.0031246078942	10.93525207757	18.1810450194701	19.5024332840802	12.6373250729733	18.1768772895676	20.4120273613377
25	1.35305727890581	0	1.35329449862179	4.46698880679144	3.51636587971161	3.65933067650356	7.30539204971232	10.8590738555367	12.125098638774	16.3275058107477	18.3272743472672	22.1309046810111	25.7496555899297	29.083776044386	30.8586714231187	30.7511421901691	27.6027571267799	24.3597135861652	21.8581261319446	22.1889020458426	22.6214228995437	19.5227337481204	17.6365354023969	19.349832531575	18.6124475016049	12.4419016633311	13.4741914043107	17.5223393986077	18.4474813728053	22.1120058791599	25.251037582642	25.3201832141871	29.1596983866432	30.219577644302	23.7547338019183	27.9657350520239	29.049762408667	28.3934332725016	24.6868145778268	22.6274396695693	19.0276271247888	15.080479766904	12.4482486318357	8.54219725831709	7.17728820655824	4.43527158131269	6.30908701794483	8.32592937755299	9.3573105644731	12.3295319051455	10.316106096779	7.15458049084641	4.31625265710894	3.76164405546298	3.47027794275905	6.55196130940957	9.06382948868744	12.5689432332237	15.8791808667828	18.9414701382971	21.9120666528742	25.2010861869087	27.2644373864564	29.1967876315186	31.4500086009527	32.6851040230867	28.9655304802104	27.514414894742	24.7643087123384	25.3428244084987	23.9748229607645	23.4412161373936	20.7972120006505	19.3102733538394	20.6421917925399	18.5893760250311	15.2409895019976	16.1518931088588	11.0217165178569	15.3891368828794	17.7760847207702	18.9549845950874	22.066824284432	23.1678959338132	27.6158333388656	30.5813040107841	31.6802563910079	34.6615901683694	35.0344133246156	36.3579369326699	35.0877954137902	31.6703502506682	32.5716360350536	33.8739777557936	30.8043988254924	28.4625876019732	31.267486707441	30.7027044085696	27.2683798932023	25.4450525249998	29.579389919334	27.5336083723147	23.2578954335942	25.3576450996539	28.1303139335486	24.2628010336812	19.4053695146472	26.3357990005999	21.9045279337401	25.891032115387	21.4143324434828	17.8206684498646	16.7938419070801	19.7179906177075	19.130313353419	23.1271402036655	22.1424366545329	26.8966341574555	26.5488001423793	29.3378513869029	30.2795463803539	31.2452401174963	34.6350522303634	35.8269020848859	39.4274370711564	38.7820532463149	34.384616124075	38.433536826579	35.337239747892	35.6051771235589	32.6686188719389	35.5293197795849	34.4716358039476	31.0820773758769	31.3142887034018	32.893943880295	29.7620969355319	28.269974885026	29.856875690534	30.9026375896945	26.5200509426358	24.3633982235648	24.0776654391575	22.5310572099935	25.0566411555899	21.1305049868667	26.5373573288675	24.5391499852786	25.6668764168919	25.0610055265147	27.367635210226	26.6735848734286	17.9600784519445	24.0710967344656	21.0537593080191	17.9634061358084	16.0443930704779	17.8532162648639	17.1876820135817	13.7388398709644	13.8298870928146	15.8652074679154	14.2793080364561	9.85831045362236	13.3531236794991	15.3688807985487	11.580091752659	7.38945593396429	14.6435710467085	16.2644758292421	9.81813801084503	15.1394769064192	17.6634958601065
26	3.68388327719541	1.35329449862179	0	1.34064536697816	2.96269657575662	3.15952116625289	6.31949760661399	9.19947878958368	12.1956499211809	15.7423960374525	18.9290098526045	21.8964703319964	25.5926470299576	29.1511038899044	31.1747392130231	31.7013512172589	28.5102460529544	26.2650446220828	23.5907968708138	24.5712043050397	25.4987641073053	22.3206847117198	19.6719959841395	22.5480023505409	22.5106773776357	15.617517376331	16.609681905443	21.4706078861312	22.9388773482924	26.2617214401493	29.0651948901087	28.5435975833461	32.1533897901916	32.5592104941136	25.5483481462109	29.3177273675843	29.7368527083819	28.7808852191867	25.8358223790148	22.9755764236722	19.6807868491074	15.1960150368444	13.8461655702942	11.0401985942283	10.8475665934808	8.99871685297409	9.99079966769427	11.5843355441734	11.5899338220716	13.2032602791886	10.9023767133593	7.19993562471221	5.98359657731034	7.19101863437997	6.20513110256342	8.82803126410413	9.51253110375992	13.3930209810931	16.1152831188285	19.4872464447905	21.5984087608324	25.1734980088187	26.8680182559116	27.8800786763596	30.7123534428738	32.039093027113	28.3836870931174	26.5434335759336	23.5329831725602	23.6564291895459	22.0009641834171	21.2429267522157	18.7861691145374	17.2866131442802	18.1942722030863	16.0447371433751	12.9216094972724	13.7400175400179	8.47708758949677	13.6979351363627	16.7349668956948	18.9480417457847	22.1353429835636	24.0925693316425	28.3253023637877	31.619542027044	33.2497479388942	36.2411165114984	35.6731561541729	36.4739033968124	34.9583213269745	31.7087064069161	32.5221079421368	33.0653728846357	29.9336529344482	28.2202755656283	29.8893438870779	28.9395889915527	25.5315095715079	24.2379149474537	27.4006609044381	25.0132607030751	21.1792144566318	23.2431478935191	25.3311026408248	21.6356730655647	16.6884972061597	23.3618324195685	18.834705944081	23.8381391261986	19.5174554950178	15.2434699789779	15.1655463798704	18.7556447769731	19.5033206916156	23.413916396024	23.4489185678146	28.1776618973257	28.8570539383354	31.5229928306308	32.8128701579121	34.0744587778001	37.2358269681231	38.0483217501114	41.7756158901338	40.7628483916421	36.0817928185394	39.6191100480564	35.9440566436233	36.4721826739229	34.4629449409072	35.9582797280404	34.5708783515837	31.3099483391461	31.4237996747688	32.4882622034482	29.1740779631508	27.784221223565	29.4833151969042	29.9259523657978	25.4062604292722	23.6397964035226	23.3319315531312	23.1270255329128	25.7743952208388	22.7345904515564	28.6665247457727	26.9020479703684	28.8528618684525	27.852107586321	30.5137379552227	30.4470418595961	22.1921527797553	27.2013937510562	23.739397675594	20.8341702258573	19.0931936040045	20.1798415751958	18.7901337940952	15.4998359346156	15.6785573634821	16.9287830041028	14.2906661496237	11.1631297582712	14.140765785487	14.7826429977863	10.3819624830761	8.50625029022777	13.846035569794	14.2085157915948	7.29282990340512	12.9674300075227	15.0443688468476
27	6.92446741634329	4.46698880679144	1.34064536697816	0	1.33230214290903	3.15624793069239	3.65241454383261	8.30160327888535	10.1501969439021	14.3168403637115	17.6510123505707	20.2384819094714	23.8785284513096	27.4277171306691	29.8589711812045	30.6177236253775	26.9418749347554	25.2031630951355	22.8497196481707	24.3394338060687	24.9923938429275	21.6305224393679	19.5621862019561	22.4709950602994	22.2866897721488	15.0290883622394	17.1300276123537	22.0317893508448	23.2381161241612	26.5152073723741	29.0855484562351	28.9812271306789	32.1114869478198	32.7101899260766	26.3981173571147	29.5547298583492	29.615482741296	29.2029553470192	26.1053912631088	23.1522922623225	20.1540393469895	16.0870632497047	14.8317114993516	12.6826797641508	11.5330893519473	10.9146176295828	10.8410310856486	12.6522301986646	11.2959087726486	13.0286246779927	12.7274036236775	8.07025984711769	7.0823434680902	7.3024594487063	7.14419127683463	8.79672467455928	10.6658301599079	13.6622187802714	15.9586985371615	19.3359666166447	20.8346995658685	24.8062337931416	26.2572963573937	26.8286717897103	29.7435080815966	31.9630214779517	28.7417118140169	26.5476984124801	23.6063893893158	23.0737392938379	20.8369200699144	20.1008625685566	18.101885233312	16.1068292037881	16.2969092161673	14.5511749697404	11.8241627610584	11.7898373610496	7.16936280292747	11.1113823622446	14.0806315909479	16.6507555083846	19.6793465338664	22.2285777322797	26.0950893656259	29.5180919606942	30.805963757039	34.1911512529192	33.3821143278852	33.9629176308514	32.686893841416	29.3754428562362	29.6307141662161	30.4293975129315	27.5284386952838	25.4098208179436	26.954109797951	26.3450416966836	22.9173745005836	20.7331035303449	24.4919911195476	22.4691701226369	18.2747408736759	19.755773864873	22.6428946912713	19.5459676148304	14.3842470084464	20.3633329541114	15.1610687288199	19.949346004318	15.4629995796417	12.2023251063066	11.353351927955	15.2413868791524	16.2560995014179	20.3245910167954	21.0471793122024	25.6500469590213	27.2223395945315	29.7266813822196	30.7125459218216	32.5833390861035	35.42179759696	35.5812403521856	39.6184290703203	38.5680110972811	33.3404234226262	36.9487842560483	33.0144214700182	33.3509893406478	31.2846476886028	32.4249173013595	31.1398858218844	27.9174771066441	27.7378753872751	28.7129776581949	25.9341629515973	23.9615232821288	25.4382190807454	25.9850291899009	21.4801014895182	19.5809910627629	19.5993577700903	19.5682995939862	22.3688552232786	19.7180834261345	25.9925960611863	24.9182006172195	27.5208176477371	26.8391974172105	29.5156534232261	29.4168652476772	21.8060282949463	25.4720494071443	21.7558254037855	19.2296814846216	17.2938910890522	17.6809153891986	16.2335752377595	13.2143450461988	12.8724923771584	13.5271541352939	10.9151479147101	8.52525219568313	10.6723036875831	10.7059436295919	6.64965156981928	6.63010633398892	9.58833264963205	9.9384297049383	3.06205388587464	9.01139728344057	11.2616783829055
28	6.75048264941108	3.51636587971161	2.96269657575662	1.33230214290903	0	1.34027086814569	2.80897240997486	7.45015905870472	9.1925283246776	13.3519815383336	16.0226052812893	19.3615186129601	22.9590602159583	26.397922910714	28.4614258427086	28.6899954165211	25.2739874178967	22.64639280327	20.185496303039	21.1021157943937	21.6486705596441	18.3678764150895	16.3683649763805	18.9491331200137	18.4230531942998	11.4293890475388	13.0826759877328	17.7721010856905	18.9408872548252	22.3257499090176	25.1374302982624	25.1092293987689	28.5672363556575	29.42279405495	23.1045394024638	26.7716917657439	27.3937955201538	26.9614636843032	23.5903127575706	21.2416876212791	17.5837890399083	13.6240658028358	11.5129793276979	8.92726940335061	7.18072329225963	6.80535737489223	6.94750012594458	8.47681042609778	6.74136929710871	8.71398542573948	8.58931644544547	4.07452745726422	3.44969911731444	3.34267452797906	2.68781174936044	5.27564308876178	7.62164011220682	10.8356456660413	13.8011190126018	17.0625555530231	19.6791481777032	23.1139620575963	24.9533468897461	26.6629006111488	28.8916999153736	30.6892287618962	27.1919403684253	25.4621180187352	22.8325548504761	22.8674537279514	20.9491656397099	20.6864407039974	18.3812435379111	16.1732142136311	17.1464772766886	15.6888894444444	12.3598160989555	12.4074193126532	7.72001541449238	11.5304735809072	13.9090066144207	15.6856174886423	18.5971142653907	20.6734965837906	24.628931077089	27.8656964384528	28.4494679739358	32.1462559406224	31.9929674459872	32.9061773683909	31.9833682716502	28.4739863032909	28.2418546310259	30.1075163705012	27.3861929081061	24.9717521611921	27.0557000279054	26.9086136580835	23.4720739816489	20.3937635810559	25.2842533803156	23.6160189066659	19.1992244895464	20.5370357646862	24.2784300975166	20.8570345687013	15.795420253985	22.4844979041116	16.8966093936032	20.5529181626357	15.9231389807412	13.7902178010356	11.6270221037031	14.6354252756796	14.2011988226347	18.5973407507633	18.8231306110328	23.4415921387605	24.7791838848659	27.2429287889537	27.6986851312477	29.7559323328979	32.6000454294162	32.6451799504919	36.8205020742521	36.3809990379594	30.8238110719619	35.0433404372357	31.2393430468696	31.2000118749977	28.2375536121669	30.3812038767393	29.4801449453696	26.1319435748664	25.8431029870641	27.3325790404052	25.0261217730594	22.6491692783643	24.2099826311379	25.2123704756217	20.8913268846189	18.4782897477012	18.6272969053483	17.0986474903719	19.9823943260061	16.6880078499502	23.1052715413604	22.0660587554733	24.472826440769	23.8295944363306	26.3681628104804	26.0231205853564	17.8689846102122	22.1462700019665	18.5149779367948	16.0539212966801	13.6711477938028	14.1718209839103	13.4065729401663	10.2642770812172	9.32538143991976	10.8020037030173	9.02858931395154	4.96254632220194	7.69142464046811	9.41516510742111	6.3547250137201	2.78409716066089	7.88222386132239	9.81142833638406	5.23821906758394	8.01376821476639	11.2219412759112
29	5.87668052560287	3.65933067650356	3.15952116625289	3.15624793069239	1.34027086814569	0	1.32923248530872	4.17425933549893	7.15041404395578	10.6356077400401	13.8348471982888	16.7952536747737	20.4786408972861	24.0330424416053	26.101742355636	26.6962208186852	23.4456652496789	21.4678596045344	18.817149996745	20.1308011763069	21.1737460549616	17.9903828475105	15.2213790111146	18.3287326621346	18.7591605622427	11.777699775423	12.8174566119804	18.0051708128526	20.0201952288183	22.8939300689069	25.3427566180161	24.3883436911981	27.9509718256808	27.9792974000421	20.7607982987167	24.4515301157208	24.8430001811375	23.7852517539756	20.9008547432874	18.0069187258676	14.7401917219553	10.2044246285619	9.17807768544154	7.29501651814442	7.8485704430807	6.74510348326844	9.16344989619085	11.3932894723166	10.7328817192774	13.3806049937961	12.847392809438	8.756069609134	6.48654684712906	5.55585609964837	3.19555065677263	5.37402521393415	4.7939205249983	8.7370516766241	11.3637159855392	14.6946265348936	16.7208465694773	20.340536104046	22.0639658719823	23.0281335761281	25.8015784982237	27.1642067618401	23.4599875959046	21.7531714699259	18.8880068297319	19.0399833245725	17.1404599121494	16.661283804077	14.3320258512187	12.3701235644597	13.3488117074143	11.6634734534786	8.29462108839216	8.742593951454	3.81930320870182	8.69212793279068	11.7827691991314	13.9233009376369	17.1447043135774	19.075080969684	23.3043556658407	26.6117507315847	28.5162721441636	31.300025223632	30.6197680428837	31.4298677693687	29.8699136423258	26.6321153684795	27.5494640601228	27.979223631116	24.8103877639992	23.1868240602287	24.8710056290452	23.852247441279	20.4488705311565	19.5512169442211	22.5571356559294	20.145726891825	16.2698793480468	18.7149592305193	20.8044046778561	17.0423523611032	12.1012462168159	19.2027337897498	15.8073801434646	19.7690781272168	15.7466864450906	10.6951730233783	11.07921775217	14.299333411037	15.2494190381142	18.8162605743012	18.7512722501701	23.4410522588044	24.2147236820906	26.8337443902263	28.4316195282647	29.6210290165619	32.6645464992245	33.6188452062233	37.1968796271945	35.8899914460842	31.488888040069	34.7407223010691	31.1442674179374	31.8896412021208	30.1917992011076	31.6613505397354	30.070963419884	26.8402100960481	27.2869042765939	28.2395748197454	24.4115006912725	23.6305717662523	25.5312511640147	25.7354091865663	21.2328274612686	19.8446549226738	19.0499102622558	19.3044896591441	21.6588083236359	18.7946053430233	24.3482400185311	22.4669383762007	24.67397728377	23.4047414854341	26.228212996695	26.6253745701352	18.9428119348739	23.1172239466593	19.6591443608312	16.8070314452017	15.5428075649157	16.5372969072941	14.6104946185952	11.5046843068378	12.4591308685638	13.3840028765687	10.3963944711616	8.2507309979177	11.1480817183944	11.5540047169802	6.68140988115532	7.52163426390834	11.9222390514534	11.0577769917827	6.1644913821012	12.1712620956087	14.2583461172746
30	9.91673434150577	7.30539204971232	6.31949760661399	3.65241454383261	2.80897240997486	1.32923248530872	0	1.32645768873342	3.43148276988243	6.9355288911517	9.89245621673404	13.1172512745621	16.6924445783115	20.1923756898489	22.1329993222789	22.6157666020854	19.4630749369158	17.4593410242197	14.7518151764452	16.1929754214598	17.379684088038	14.3054089770268	11.3019001057344	14.5651047370076	15.493227100898	8.86483259853225	9.85782962928453	15.2235058051685	17.3872361518443	19.7378385341455	21.9187485500427	21.0643076553681	24.112773150345	24.2903229702695	17.9405414355309	20.9594070049703	21.1356069465724	20.8048233349865	17.5485261489391	14.9693789450331	11.6467242175644	8.01323024753439	6.95460329565964	7.46036982997492	6.94953099136913	8.28321441229188	7.92005928008118	9.5563232469397	7.58150123656259	10.2660166569123	11.0867689612438	7.34139666548539	6.07610598985896	4.14892407739645	2.68175036123797	3.48086009486162	2.83345478171084	5.17149929904278	7.43065138463648	10.7973836645736	13.0074263788038	16.5738958606599	18.313253206353	19.9904467433822	22.2213793001245	24.1646970599675	20.8544700484093	18.9655533533825	16.6034891212661	16.6582814239645	14.7469391061332	14.9638629036756	12.6853114270009	10.0478834587191	11.6185243038864	10.8597867382375	7.23006984751876	6.99623112825755	3.77091301941586	6.43939197440255	8.87078034898847	10.5387061824495	13.7618479500393	15.2577246993121	19.6313551748217	22.844235903177	25.0662578778724	27.4361815491879	26.9192314526251	27.8913550226589	26.2573404974685	23.0340275245125	24.2589802547428	24.8796505200535	21.6323743957985	19.8616941372079	22.2043896110656	21.202055395645	17.8203829644595	16.8494772025722	20.4466066377773	18.2207745444589	14.2150585999496	16.7696329715352	19.4867054680877	15.7008894970954	11.0834911918583	18.3273872114931	14.2715950755338	17.3871937068637	13.0589945631354	9.48061205830088	8.28818309402006	11.3246577873241	11.7984195975563	15.3860199531913	15.4138578234003	20.0917009981734	20.4565882297122	23.1398704620402	24.9408322234844	25.983181887521	28.8195168071916	30.3004775044883	33.6738079967205	32.154076024666	28.090745379929	31.2755765574354	27.7843584953837	28.4493896243839	26.7265486174328	28.2244425985705	26.679012931516	23.4216908441726	23.8923078207192	25.019096866194	21.2724904512847	20.4627171216337	22.2487150640211	22.7749571459531	18.2942710978055	16.53191301695	15.9958753746083	15.890758509272	18.211610307713	15.3697579031031	20.9667963694981	19.1247018538852	21.2601134992267	19.6518391251302	22.5887697318823	23.4201063618422	16.2497836600984	19.9858187222841	16.5690199167	13.8502147636779	12.3707062449967	13.0246404556901	11.2713099948498	8.28063047116583	8.59023550317452	9.72106974566071	6.97391260340994	4.33142528505341	7.11449991215124	7.83170128388462	3.39963130353866	4.23423794796655	7.76276361871209	8.7858643285678	4.0016863945092	8.92555101940491	11.371858071573
31	13.0598476254511	10.8590738555367	9.19947878958368	8.30160327888535	7.45015905870472	4.17425933549893	1.32645768873342	0	1.32479470107636	4.27216795081841	7.64998045749138	9.9775775116007	13.8615418334325	17.4764783065697	19.7340230313031	20.6961273188971	17.539434968094	16.4483353565034	13.8105020183917	15.437283018718	17.0689771808389	14.4155103621065	11.1958761604441	14.7246660063989	16.3707378269887	10.3573560332741	11.3190921897474	16.577442082541	18.7087322927023	20.3480004668763	22.3050864378509	21.3074929074258	23.8752700089444	23.6331632457443	17.5566700145557	19.8067740684847	19.4085288983993	19.2296008018887	16.2300426062287	13.0995688860359	10.7375990798688	7.372334026616	7.69398992720942	8.54107897165224	9.16124156432959	10.6745435968008	11.3717456003905	14.2490750927911	12.2209327794567	16.1028219266065	17.3159499306275	13.417343291427	11.6114660573073	9.07836576703098	5.35427390035288	5.71908113248973	3.41247373616267	5.64018909257483	6.22991083403286	9.42903287723614	10.4214938468532	14.4329316841728	15.8436962227884	16.9265811373709	19.3137717704233	21.7033757282133	18.6083442573486	16.3516768864848	13.4893266696303	13.3006746821355	11.2538883502548	11.5734987795394	9.1197114537687	6.6245707785486	8.04492318173393	7.88392662319989	4.12868611061679	3.68749345762132	2.68655336816524	3.39122057672456	5.85931608637049	7.99628951451859	11.2043033250622	13.5173919451942	17.4126014713483	20.8317831689944	23.4159774726574	25.8164779937156	24.4423528327369	24.9744870417793	23.1924110432702	20.1268388476681	21.077148977032	21.3356069986303	18.0687361483863	16.7277413597891	18.5374425960001	17.383545351855	14.019528201762	14.173672389328	16.7276599977403	14.4306616965405	10.559635457723	13.8926791512652	15.8664020496142	12.2109942674624	7.94142663505746	15.3341810997523	14.0928866099178	15.9363673715185	12.9209274047957	6.78797797580399	7.78317139731614	9.78489350989575	10.8381184252618	13.8970827514266	14.2217946828099	18.4958012532575	19.2928555947532	22.1614592931061	24.1333789801594	25.4223181476434	27.7104091994326	29.3409515523952	32.6215472502455	30.4804727817664	26.6591537937722	29.0181471669023	25.4570190320862	26.7374406217199	25.496608872554	26.8271983069422	24.7259175360592	21.7240231310869	22.7375481088001	23.3458739181038	18.5249921187568	19.0916766419296	21.037439031403	21.154582931365	16.904810114284	16.3155891710965	14.5157492400496	15.7120967410464	17.7916111974155	15.951429058238	20.4883142059077	18.6067176041343	21.1190696054537	19.3111961307424	22.4172830869399	23.8160924376775	17.6245571859267	20.0199741008823	16.799098100791	14.3099627532709	14.2238431867059	14.8709203817383	11.954657084166	9.01602517742713	12.0338402016979	11.7795167982392	6.88708182033581	8.53704603478276	11.2081592155001	10.3887034802231	6.14985316897891	10.0272998359479	12.8412518860117	10.1942961012519	7.92700681215804	13.9223855714457	15.2040582082548
32	15.193526154254	12.125098638774	12.1956499211809	10.1501969439021	9.1925283246776	7.15041404395578	3.43148276988243	1.32479470107636	0	1.32642790983905	4.31349440709038	7.46706602354633	10.9914824295907	14.5268023322409	16.4859391300587	17.170275390919	14.2097593223812	13.0915674004299	10.3031778107533	11.7964983787563	13.6392264809996	10.6623651222419	7.97819164974119	11.6046932747057	12.3063679450925	5.79200215814877	8.58187794133662	13.2779345908918	14.9063023248558	16.8595438253827	18.8769309475879	17.9986007511695	20.4030200460618	19.970432844583	14.0389746776608	16.1430547914575	15.797067607629	15.8796373384281	12.6730611140324	10.0067860974441	7.50973841089022	5.91735422296147	6.69749662187298	8.81330636027138	7.68501899802467	9.84137973050527	7.81598298360482	11.2521728123949	8.37010752619105	12.7899480843356	14.9344627623494	11.6834601467202	11.1959520363389	8.01250609984167	6.5691288615767	3.97267793811681	2.77207557617031	3.31085140107495	2.91050201855281	5.79590734915595	7.36227281483103	11.026277431663	12.6625636029992	14.5083980163214	16.5452080675947	18.8021526693089	15.9790692156959	13.8833596078183	12.2364544292863	12.3968400005808	10.688671152206	12.1624090130204	10.3715540783433	6.90166863881482	8.72075466917858	9.98353930227152	6.73368442979028	5.53350106171491	4.91400234025178	3.32175405471266	5.35025485374295	5.95028419489355	9.01322744637014	10.4059739092504	14.6038329900064	17.8350566581662	20.4335256380293	22.5960645246025	21.6487595949514	22.5120270744329	20.6737248216184	17.5847035232329	19.0253057005663	19.4759662661445	16.1271257823581	14.5830670299495	17.2989409502432	16.3789813175301	12.5263188527197	13.753433825776	16.2315245433077	14.429750413642	9.96244814290142	14.4348469337226	16.6014887886599	13.3624097003497	10.0010861910095	16.9956312033416	15.2823707584916	16.0720594822194	12.6306637196942	8.17502379201431	7.04846515207389	8.516351683673	8.74627286334013	11.7637052836256	10.7326305256447	15.4589432368451	16.0418671606518	18.6532733052406	20.2875714170031	21.5585549840429	24.5047959591587	25.5418437079237	29.00305809738	27.472686745202	23.5413037234559	26.4601385672865	23.1996612475269	24.3609537785367	22.8712251967401	24.7803034888599	23.1024311058382	19.8806161373334	20.6988592197734	21.8292887653263	17.2479802005916	17.4780165922796	19.2206782918814	20.1100334659095	15.9113171673498	14.6723494028734	13.090367489112	13.221755443208	14.938647094031	11.866074793292	16.5228361064316	14.3419530399454	16.8530433156745	15.6410577967093	18.5052220737823	19.2139690329718	12.9057415517281	15.2894522465653	11.9090423628435	9.24375080797833	8.89635082491692	9.83989339373146	7.29474166780428	4.36725153843925	6.81469434384258	7.95973981986849	4.06622589141331	4.44180154892134	7.85144419836249	8.28696210924124	4.44443685971575	8.27864680971474	11.0153996296094	10.4502668386984	8.8446055875884	13.5970492754862	14.9400469544108
33	18.9014211899529	16.3275058107477	15.7423960374525	14.3168403637115	13.3519815383336	10.6356077400401	6.9355288911517	4.27216795081841	1.32642790983905	0	1.33267625475957	3.56054841281508	7.30765448006404	10.8503081983877	13.0196021828626	14.2037218713969	10.8193725326379	10.8339838009848	7.5009123445085	10.0218735773307	12.193028868989	9.95296553796907	7.18772829202662	11.4906713467926	13.5411503942612	10.063115024683	11.0033371301619	15.4263692747192	17.1361962231996	17.2584829576646	17.6578183533527	17.0357682538828	19.2733050876076	18.8042160698073	13.7158169279121	15.0222608152035	13.565958167413	14.0467107893628	11.5710511190643	7.75590188179299	8.21843087213125	7.85895769170442	8.88554275213394	10.9394679029649	11.4158350110712	14.0127262872005	13.2236676077403	16.9187182138601	14.0317933636439	18.0293155998779	20.5090676774933	17.1415803822168	16.3247330452905	13.1631677418469	10.4005871949616	8.51280042054317	5.19118618429353	5.31696266678637	3.67426033372705	5.8774318371207	3.77650274725175	8.24741474645237	9.0348578848812	10.2998971354087	12.2569025450968	14.9990357356731	13.1316114395759	10.8761600760563	9.0359948539162	8.68836428794281	6.73282548414854	8.82586924897486	7.31560585324278	3.63721046957693	5.34104811811315	7.13170877139554	5.67373466069748	3.99157625506516	5.48178383375339	2.95318150475043	3.33206377489987	2.87018605668692	5.29091627225379	7.04582110190147	10.7864766258496	14.1310831148925	16.9170723530994	19.1418415519511	17.7236002550272	18.467099961824	16.6971906020145	13.5545767916228	14.9645205402646	15.5151883649539	12.2428317802704	10.5154209616163	13.3606594148642	12.7113582673135	8.32415208895176	10.7952546056126	13.0405830007711	11.1140305020276	7.00210604032815	12.100931451752	14.1210076835897	10.4828703130393	8.15490980943382	14.9594913349352	14.9827277890243	15.4273570646433	13.8325302457649	8.10778058410562	7.39147623956135	7.812802954126	7.24193199360502	9.5079004517296	9.12594093778828	12.685614293364	13.2195630033674	16.237055675214	18.41578952964	19.9955670337202	21.5068008081165	23.6016629498855	26.4578302398364	23.8811822781034	20.7863403464872	22.5852320997593	19.2634236832397	21.0785995028133	20.3822419277174	21.9869362349555	19.6072393263305	16.8079617741117	18.563294589054	19.30922396162	13.506983193889	15.3991790040898	17.5134497743877	18.2193936507228	14.6900915585983	14.8974733428189	12.0251711838127	12.1537558803853	13.9977241364445	12.7619752781456	15.6580145931724	13.7098252724096	16.3091597269755	14.5452954937327	17.7625562912549	19.8769399304823	16.2772180976972	15.9773509068306	13.3322289209269	11.8648339642829	13.1357162728189	13.149198226508	9.81941535937858	6.6586651064609	11.5325011164101	11.4296732236753	5.3679875186144	9.77623511378486	12.3677123996316	11.6461533992988	8.25671774980833	12.7712009223878	15.3023414221484	12.9664822523304	12.6206425351485	17.5384180301417	17.6104755472418
34	21.0943339548799	18.3272743472672	18.9290098526045	17.6510123505707	16.0226052812893	13.8348471982888	9.89245621673404	7.64998045749138	4.31349440709038	1.33267625475957	0	1.33816478805863	4.61313407565833	7.95491118743635	9.5764207301058	10.3658281868841	6.86902329301626	5.91341136739192	3.63270615381977	5.71189119294127	7.70297526933587	5.59233797261932	3.65523925345524	7.88735684497665	9.80071283121794	7.69378119002614	8.64544145778572	12.0990209934523	13.5890683639461	13.4605376192781	12.8877888716412	12.5707839453234	14.8134032551605	14.7859545177171	10.8510932628929	11.869636093832	10.5348351671965	12.0119084661847	9.11608232740359	7.13662840562685	7.69429775873016	8.77206070430432	7.6888404197252	10.669462451314	11.0367325327744	14.0049668689362	12.9181692975437	16.6193122902243	14.2284334345001	18.4834335825355	21.0003449971661	18.2524469866372	17.8104463166985	14.7707774338388	12.8216543784334	9.63263328482923	7.43808382582504	3.70098946229248	2.89468443876012	4.32663807129739	2.74134948519885	6.09731654090552	7.19570413510728	9.62556055510535	10.6179985402146	13.7349321075861	12.2117056138772	10.4219811456364	9.91016397442545	10.8646727976502	8.82791900733123	11.4286418265689	11.2762561606235	6.11042502613362	8.44247487411126	11.2671569173417	10.3829499661705	8.41102811789379	9.17658645684766	5.72595616469424	5.58606650515369	3.42716092414698	5.65976139073018	3.77342099427032	8.22163979994259	10.819203898624	13.5110464435587	15.1157530080377	14.6342208197088	16.5266033110255	14.4793999185049	11.5819338627019	13.6560252269831	14.1127467560358	10.6250611762945	9.25837188710845	12.6734268451749	12.3421972517052	7.49794651888102	10.9913321303653	13.572444916079	11.613025273373	8.33430722975821	13.893478398155	16.0776052943217	13.9598061232956	12.0277171982052	17.9269104979079	17.0908141994464	17.6278725886024	16.0789057152531	10.8876567267709	9.63092378746712	9.69684742583898	8.03272873935128	9.77431598629797	7.55495129037904	10.384839189896	9.05976980943777	12.0212467739415	14.4406922617996	15.4541127859221	16.9548030952884	20.0916133000812	22.5981367373507	19.9698827237418	18.197909055713	19.709967579882	17.0643072229728	19.475735518845	19.224809101783	21.2646992454631	19.2518423274241	16.1806528298459	18.0191558903296	19.8842398144862	13.7139754630085	16.296728690139	18.5500163611788	19.4628843956902	16.1206583612457	16.806018683793	13.7716627173337	12.9725031123527	13.2261895117226	11.7321798059866	13.1831347561951	10.4373317471469	12.1617125027687	9.86374300151824	13.0749330782226	15.3756477587125	12.8885854538037	12.658136079218	11.065727314551	9.29669774704976	11.2337382469061	11.8493366480998	9.15734011599438	4.02016927504303	10.4913303732177	11.998059843158	6.6488356875471	10.9545155529581	13.8442729314327	13.6259627549762	11.0950957183794	15.6074117649276	18.0033070850886	15.9142432116642	16.0005233351913	20.62827433403	20.2645370043335
35	24.8624753996862	22.1309046810111	21.8964703319964	20.2384819094714	19.3615186129601	16.7952536747737	13.1172512745621	9.9775775116007	7.46706602354633	3.56054841281508	1.33816478805863	0	1.3337927125307	4.75939964701432	7.54906762454808	9.23077342371699	5.40195205458175	7.79280187095758	3.48159920151645	8.30231744755643	10.7393307985181	7.6917720325033	7.39168458472086	11.6371056968647	13.6019534994059	12.3998029823058	13.2471456925634	16.5381895623433	17.8660179111071	16.9700332056246	15.3286157561601	15.3639637463774	16.6270917180366	16.8882366456655	12.8963043931198	13.5527473967458	11.6724630220018	13.6429716704243	11.1718916482393	8.25791069217874	9.88040738026525	11.6457426985143	11.2597779729442	14.761469235818	15.7050950013045	18.5374473431484	17.3095661701846	20.7018365851921	17.9915402620231	21.4577715059137	24.5985881098896	22.0042712671881	21.6506948849223	18.4786133949493	16.3300336190713	13.7854820372739	10.8249972748264	8.04753676599243	5.52120086575375	6.50453580203845	3.73712857686219	7.56349072849303	7.71254633697588	9.09319459815966	9.88325457529047	13.8289851037594	13.1721215451422	11.1095282978171	9.14890015247735	9.2960212456728	6.36453187595129	8.82783631474893	9.71209483067376	4.3463817135636	4.93107077621078	9.3896622942468	10.5751132854452	8.82267561457408	10.2335999530957	7.35591795767191	4.49915647649645	2.95144185102807	3.48603169807734	2.92442421683312	5.55751725143521	8.59227013076288	11.7872953216588	13.6519271167114	11.8280754985754	12.7287297480935	10.9019481745237	7.78622154835065	9.8299360628643	10.5411548228835	7.20313542840894	5.4695537295103	9.07901938537417	8.52952108854887	4.347922377412	6.88620279980193	9.46825485504061	8.21438427394287	4.67310581947381	10.2310736973203	12.4610300136064	10.7032502072968	10.5831752324149	15.1795100382061	13.9652597899216	14.3810143244487	13.9822356581485	10.2064168541168	8.76744808938154	7.1170497398852	7.13111225546198	7.89457446604945	7.05677178318812	9.25535012843923	9.25611009009724	11.8871973568205	14.622999760651	16.3660935167804	16.6672818119812	19.54647395312	21.7419959295369	18.4089839209012	16.5024495454463	16.7910524982801	13.940711387874	16.8927928123209	17.0281565062105	18.7609071475768	16.058622917299	13.5733696995256	15.5408748788477	16.8123159023378	10.2934964905031	13.5277747246175	15.828091040931	15.8700776935716	12.3913996788095	14.6111816770582	11.2740563684949	11.8936622618939	11.486807650518	11.289125918334	13.3268439249509	11.7001191874271	13.8908265052876	12.4216709423491	15.3261800850701	17.6825707124275	17.1260625655753	14.6725442238216	13.2158293723852	12.7549702469273	14.7859831935519	14.5995436914994	11.0690209142453	8.37009999940264	13.8205990463511	13.9760410345706	8.45704552429511	13.5208010487545	16.1369959410046	13.674327113244	12.5368260736121	17.0371168042014	18.8543348066168	15.8565782563578	17.7469343831547	21.4111259629194	19.4604654877523
36	28.4655934419081	25.7496555899297	25.5926470299576	23.8785284513096	22.9590602159583	20.4786408972861	16.6924445783115	13.8615418334325	10.9914824295907	7.30765448006404	4.61313407565833	1.3337927125307	0	1.32506792278736	3.90508706689108	6.34864875386881	4.45589800152562	7.46771055946868	3.26977873869166	8.68718895846061	11.1794825014399	9.23878660864077	9.81756507490529	13.6236270500921	15.4775452188	15.1659777792268	16.1186730843454	18.9702137310047	20.0519389835497	18.3992343862455	15.5793694994374	14.9960512802537	15.2185801243086	15.2542510140616	12.2480144513305	11.9004821751053	9.30380787634827	11.5705276024907	10.7058662423925	9.00742860088272	12.1330354404823	14.2647920419472	13.5714046804301	17.9526003408977	19.064271111165	21.9935733567786	20.7129192051724	23.9435911466931	21.2763136374702	24.380097723348	27.7998228051907	25.4470622469471	25.2061975315596	22.0332175589495	19.9442366863212	17.2901849035804	14.3217195545786	11.4247698007443	8.5232600570439	7.93133715082142	4.72086792867583	6.60437461081668	6.19833856771313	8.08117151160647	6.89019999709733	11.2251648094805	11.5172827524551	10.9626592576801	10.7045341327869	11.8558691794402	7.97263902356052	11.862806961255	13.5292017133311	7.3086970795074	7.5515630170184	13.5869135936017	14.9634417832262	13.1784231985469	14.3788882393598	10.8817556487912	8.4152210903814	5.37528920152209	5.08648267469771	3.40612551148662	5.6426661251575	7.85135281336917	11.3179036928223	12.2451245399955	9.06038724337983	10.7548816822874	8.21701460385705	6.0658441292206	8.22601264283006	8.74284015637939	4.67964464462847	4.96411613482199	8.42348508635232	8.94919281276249	3.57283570850942	8.6329648441309	11.3620781109795	8.89427782340983	8.10708165741532	13.2391692337548	15.1848629233194	13.8220009405296	14.5687699206213	18.4159996741963	17.3576551987877	17.6569172847357	17.6565400064679	14.0641309009835	12.5253350054999	10.2492639735739	9.31349585279341	8.79729555033818	8.05507212878941	10.2632050062347	9.82418307036265	10.8255707470784	15.0145904040037	16.6490876026286	15.7423711682834	19.4534613115507	21.0089061828549	17.100798051553	16.510879019604	14.6518126182394	12.9746633482337	16.7762982210022	17.4299856855937	18.9398472538719	16.0773906153953	13.797114553413	16.0644204066004	17.2449032760407	10.7596190453008	14.713261161279	17.1600598483805	17.0098449728385	14.1175909418002	17.4217262347909	13.609720202855	13.7741224402863	12.3935107616849	12.6944820689936	14.49426458983	13.1958433606951	15.0287533082422	13.4009070588524	16.0870264188258	18.5784806698503	18.5924488973346	16.26626512141	15.3031088671551	15.1251611892237	17.1751320518941	16.9083790175167	13.3040681748103	11.3554228014636	16.7433642079482	16.6653917445705	11.6419578250396	16.6549248572307	19.1495767838352	17.0172966419464	16.0469460334358	20.5272025858372	22.3978676217179	19.7207937720569	21.4497340542954	25.1619271519492	23.2700454662212
