450	451	452	453	454	455	456	457	458	459	460	461	462	463	464	465	466	467	468	469	470	471	472	473	474	475	476	477	478	479	480	481	482	483	484	485	486	487	488	489	490	491	492	493	494	495	496	497	498	499	500	501	502	503	504	505	506	507	508	509	510	511	512	513	514	515	516	517	518	519	520	521	522	523	524	525	526	527	528	529	530	531	532	533	534	535	536	537	538	539	540	541	542	543	544	545	546	547	548	549	550	551	552	553	554	555	556	557	558	559	560	561	562	563	564	565	566	567
450	0	1.33915831775037	3.14172961917476	6.41590102791494	8.92692007357521	13.3356128093163	14.3303115458109	18.8290274576251	19.1898335844791	21.1621050701484	19.7974505681919	22.9287129381481	23.8237053583191	18.5513594650096	19.5106330240718	11.6596322411987	17.4035099333439	19.399872216074	16.8372113486765	12.8375687729414	17.3486484776192	18.2506514130318	12.4842975373066	14.6967329022474	12.5360731890014	14.1183940658986	16.2426703777427	15.971365783802	19.1467107619037	20.808985246763	23.8643517406193	26.0238778048161	27.8246377514605	23.455112406467	30.5483286940546	32.4439929262722	30.9790743083134	26.3670644934168	28.1066105747385	29.5000319491352	26.3563411155646	24.1846871180919	27.0258754899818	26.4144696899256	21.7085063742304	21.8059451985003	25.6458548307519	22.5131306130445	21.7391716953521	16.0695624395937	21.2204190580676	19.5223308290788	18.5958419814753	18.1555444424011	20.3662182547472	17.3979522070846	22.6165481451083	23.19264200129	27.2641514997258	29.2570282154562	25.279738072219	30.5613050277635	34.0114054252393	35.9277805882857	38.3765466659	34.9393171942441	39.3334586834161	37.794612856861	41.1680151816917	42.0951346476051	38.7621290823917	36.3210805180683	36.2514528536444	32.3464879855604	31.1145147479436	25.454503825453	28.4381083231638	32.0673307900736	27.3239705204057	26.115674258958	26.8978310835651	28.7641494572671	25.5829830551482	28.9235366094812	25.1496283471546	27.6192754068603	25.6829377213745	24.2207257529579	26.9078717107095	24.8825880687681	22.5975495352925	24.1394924138848	24.3859948741076	24.3969765954718	28.9754761824547	30.5190974637193	32.130779308943	30.8439726364812	30.8292287610313	27.9703814954319	23.2032688645372	23.554595220466	21.519227913659	22.833083650703	23.0998495882549	23.4794651557483	26.4995866571537	28.0084271961137	30.939053960973	33.7455727614749	34.4083173084648	37.4601947805934	37.973942355252	35.054439219591	40.1159954880843	43.9618078563655	46.8555215636322	48.885713669742
451	1.33915831775037	0	1.32524526031976	4.19983404434033	7.7571042277386	11.113884334471	13.0197743836059	17.061584598155	16.8804574878763	18.4448466786797	16.9438570284336	20.0206012646973	20.8009690880016	15.6113591336565	16.3089163649827	8.09203608494179	14.1705713716843	16.0950938487478	13.2702722654812	9.51241578149316	14.060635476393	15.6979097016131	9.49857910426607	11.6691827048856	11.7175039577548	11.7750061995737	13.9610822288245	14.1589912423167	16.7975087140921	18.6994279324262	21.7066484285345	24.0312782431564	25.8987023999273	21.1253158082903	28.1676700846911	29.6513160078942	28.1101192633543	23.6848898245274	25.5143249567767	26.400291608238	23.2316150321066	21.2723049291796	23.9573065264023	23.0963873581996	18.4691973566801	18.7079232412366	22.3477999364591	19.5515010421195	19.0539892411012	15.0132132803075	20.1884673266695	18.8535434600502	16.464213646573	16.3576222599741	18.3158485197929	16.0542643867603	20.4467968151493	21.4759681737518	25.0594042626715	26.7428524656589	22.6104620253545	27.8514550607325	31.2617687439467	33.571695831459	35.8665318367974	32.1062753056159	36.7395384837643	35.5715668617507	38.3590342162052	38.9672763867325	35.485657285726	33.4354480454502	33.6118050988042	29.4868469151925	28.0839285001226	22.8818971459973	25.4325992576457	29.6022556572975	25.3348875860936	23.8829534605752	25.6362193975633	27.3663463034436	25.6223471602428	28.3773879876214	25.0943225849992	27.6304492544005	24.7483233775543	25.960274266656	27.2855713519069	24.7866506208483	22.0320928420339	23.1405878490586	23.7731777009301	23.2105708891445	28.4486998296934	30.1519666356939	31.5999105220252	29.8500604019489	29.6043320816397	26.3937263947325	22.8097307743866	21.9002997239764	21.2881501310001	21.1377651846168	22.4790123226088	21.4224564417809	25.0634222124593	26.8617679611749	29.683557064476	32.1751380572019	32.8711429676548	36.0501354921171	36.6776911759723	32.9506185829644	38.2445928988661	41.8086621885944	44.8597241297804	46.8431733873784
452	3.14172961917476	1.32524526031976	0	1.32520904011405	3.45042968338727	8.0632379352218	9.1171068876042	13.6035109438703	13.7814035206869	16.089499992231	15.2235472870156	18.1513697554758	18.9039079557641	13.575155431891	15.0318839138679	8.46854326315925	12.8369784606815	15.225131493685	13.1025817684913	9.13639759423811	14.4071738033523	16.7694981737678	11.6397748260007	12.6695546093776	13.9144933792072	12.8629077194855	14.6735798290669	13.0417125409204	15.9522590876653	17.0070422472575	19.9696496964769	22.012865442736	23.4833880647576	18.964758500967	26.0215606180721	28.3592311249794	26.791586515173	21.8701708040884	24.1751178073655	25.682397201196	22.3758907308737	20.7530097576231	23.5269432566154	22.8255261932776	17.9433903150993	19.0191887050946	22.6007827519314	19.9149780316223	20.1865944874315	17.108500518748	22.1836210074009	20.6969789341343	17.8088235153252	17.5160985952923	19.1674842115495	16.3681374627659	20.0992328460566	20.0679894857457	24.053311497588	26.3452949309739	22.5192995672601	27.9016264758885	31.1508724436411	33.342315306529	35.804894455926	32.5954781833309	37.2814171538583	36.645448571412	38.6266887656708	39.2543538222195	35.5348176018957	33.9974160929915	34.4652761631181	30.1954614801629	28.5257059334208	23.9637010914425	25.805522858489	30.5584350875499	26.8231620246383	24.8822872340949	26.8173671526494	28.178478117173	26.5855069163633	28.4512599545257	25.4036555440354	26.825571848518	23.4287065584082	24.9845923921124	25.3493200895014	22.6419981008744	19.9185010982252	20.9795459674417	20.3718190400367	20.4654782011073	25.6745422744009	27.8941611273757	29.2965596956366	28.1031379920464	28.2535717211117	25.2081386857499	22.526462616221	21.9890915001052	21.7880241187676	22.2805763166037	23.9170500062194	22.7409481772419	26.6450480389884	28.7367153481396	31.434039447707	33.7272463299333	34.1818050430342	37.4457623904228	37.8861896474164	33.9568057537808	39.5492012308719	42.7799191443836	45.8507772780353	47.9469167830425
453	6.41590102791494	4.19983404434033	1.32520904011405	0	1.32447197025834	4.5122953139173	6.89475460041908	10.5338226204925	9.23658833119675	11.7351743915461	11.196323146462	13.9380413258105	13.1917403324959	7.88815371300534	8.55804685661395	2.92665030367484	7.36391044214961	9.86234013812138	6.60238358473665	4.68425501013768	10.3236062013233	12.507529932005	8.3691498970923	10.1812795855924	13.3157711380153	11.4040149070404	12.4569749939542	11.6042944636889	13.7576963187883	14.9474786502607	17.7183357288432	19.9800908156094	21.3930961059871	16.0264826771191	22.9549373556105	24.6907674647833	22.8537412692102	18.1036313760527	21.022026947942	21.8582992476542	18.5454875913253	17.1770072480627	19.821804433502	18.6594892213051	14.3114584861222	15.8286642203314	19.0529231615519	15.6375902875091	16.9193896166499	15.2669290297689	20.3136989738452	19.9935597130676	16.0194624129526	15.9712191457008	16.9302156808471	15.7192084406308	18.369890010558	18.8938079274666	22.0412588796557	23.7622736496321	19.6391462899995	24.9786602923375	28.106556850671	30.6098531522123	32.9948978631545	29.2744761524438	34.0637722367914	33.7287455592407	35.1872583330955	35.1772680860808	31.5068065344617	30.6095646653134	30.8322622102239	26.4231940915552	25.3204548734812	20.9049567806298	22.5268935719064	27.6788497412736	23.3478453181445	22.3824841561432	25.0416712301715	26.1288550265793	25.3290916536697	27.3713734584145	25.0390627021061	27.0035692640806	23.2998450853219	26.5799639014051	26.7068797690782	23.8983502777911	20.5863055451919	20.8749590897803	20.5637009558105	19.8359090036227	25.7555648549978	28.4493590964718	29.7419102614476	27.9529496296902	27.6508131706827	24.2461312790309	21.9635134712095	20.5663992716275	21.2040211988198	20.4498178475995	22.4011876024464	20.6482071618821	24.8679024849302	26.0064709062956	29.0520811474841	31.1749174497704	32.0531532770178	35.3535278861955	35.6764440072157	31.2830456637457	36.6572065902463	39.9012332766796	43.0636303393014	45.1462151902017
454	8.92692007357521	7.7571042277386	3.45042968338727	1.32447197025834	0	1.32909894289327	3.59441608609799	7.26471596141239	6.83480080177908	9.66582174468369	9.91765325064352	12.2933766720133	13.0568007566938	7.56604678811861	10.6679848143874	6.76473724545159	8.09162319933399	11.45668446803	10.5874486539487	7.94972188192769	12.9029142832152	15.5932460058834	12.76902733179	12.268284680427	15.581177169906	12.6419388940146	13.2138895863406	10.5412053864821	12.8872620443599	13.2561136461634	16.0278734085343	17.9259267542853	19.1074275086941	14.3941222031772	21.282684840029	23.8501986784178	21.7457757277132	16.925112614101	20.0086092970001	21.2464890982016	17.8525825582743	16.6846773418008	19.7131591836519	18.9682544268048	14.0843185848659	16.7441836468667	19.8666157409862	17.6786004536558	19.1665426198884	18.74999976	23.243860802371	21.5668967865106	17.7277798666387	16.7529488150594	17.2228438998906	15.1864489924406	17.4526048485606	16.875395847209	20.6194823164889	23.1398510366856	19.4880338669656	24.903468051659	27.8922657917925	30.1012078993518	32.6346223817589	29.7242811687684	34.3332642491214	34.6386612905291	35.3219629833904	35.9254241450258	31.9064652069138	31.2825077479412	32.0883804826607	27.8612421474707	25.8305129836788	22.6168845113557	23.0574209095467	28.7165187479263	25.7726027207188	23.3292898734616	25.4539087960965	25.8678939614341	24.6502773006715	26.3666554192981	24.0287906062706	24.9469872730156	20.8712634500166	23.698251876457	23.5848213900381	20.5801369528971	17.4480807827107	17.8883532500898	16.7368826846579	16.6507417552492	22.2119425084795	24.9087345724346	26.4186514606632	25.1708677244151	25.2979725274576	22.1964573074173	20.4628584024813	19.7779292141518	20.6314856469426	21.0858523422697	23.272605075496	22.2174419319597	26.5739970836154	29.1675619310219	31.5399187855644	33.2530984571363	33.0348446946554	36.483162431456	36.0794288480292	32.0690969782437	37.8678048083065	40.606963269863	43.6691876384253	45.894038719642
455	13.3356128093163	11.113884334471	8.0632379352218	4.5122953139173	1.32909894289327	0	1.32939159016446	4.35304146545838	3.41276632660368	5.41509058095984	6.47233265523335	8.322794963232	8.40683180514515	3.02057444867694	6.97658834961617	5.16162009450521	5.2023303432212	8.49300753561423	9.53074294061066	7.57584622336013	11.2248403997562	13.7623789367972	13.7098332958501	11.8371892356252	16.2538381313461	13.9473284180161	12.9942757782033	12.05768062274	13.2139068409006	14.011610685428	15.9664098970307	17.889597340354	18.3314550977275	12.6517961965881	18.70973770527	20.628385540318	18.3638901652128	13.4258156176822	17.6045887483917	17.9579543935271	14.5441192926901	14.1613299163603	16.9586998027561	15.760486223464	10.8383058639254	14.8723097735355	17.3210254026717	15.321609608654	17.4139559549231	18.885131823739	22.4170375607483	22.220293674927	17.3142013676635	17.9833654803543	17.3537092864897	16.8807318857922	18.6533557570749	18.9232888790506	21.0699768628255	22.4457357642827	18.7766451476295	23.8403141338364	26.4058335600299	29.0639455339429	31.4352863673929	27.2642591316911	32.3566749527822	32.294258096448	32.2155714678477	32.5828631952442	28.5147125884165	28.4674223806793	29.277740110876	25.1798245823914	23.2656428881731	20.6483474641435	20.9868054977407	26.4984417277696	23.7580629681799	22.3182024813828	26.0809678693104	26.3363515696461	26.616055154737	28.3415664528268	26.9568148897454	28.5164686628622	24.2239811137641	27.823955883375	28.3533456755989	25.4260835757299	21.8099801925632	21.1250364496727	19.6991450829725	18.8041557640858	24.94959288245	28.1655128304102	29.5980230083024	28.0587620717665	27.6787077191115	24.2615651185162	23.0645339211526	21.7439327399622	23.246951327002	21.6602311391176	23.7815282309611	21.0395493773037	25.7270474209537	28.1164736231271	30.0737808231689	31.3928791447997	32.0233609416626	35.1949093620086	35.6161956980248	30.5106309833147	35.8915365232529	38.5336533694899	41.8484704021545	43.6790852811732
456	14.3303115458109	13.0197743836059	9.1171068876042	6.89475460041908	3.59441608609799	1.32939159016446	0	1.33062278651765	3.05710205914032	6.37216909694023	8.55606813904611	10.8489681076128	11.2260875642407	6.48171343087613	10.8117877337654	8.58778487154866	8.51957246579897	12.2568693392726	12.7099607395145	10.8275909601351	14.5614218055793	17.3905616355539	16.8370362296932	14.9908460401673	19.1625052120019	16.1064080104783	15.4008033881353	13.1509615237822	14.5505975822301	14.5956395200759	16.758219654844	18.4207822309477	18.7441793098551	13.8964273106436	19.7609117957649	22.2328911975029	19.6919966229938	14.9392863952734	19.412135946361	20.3606351570868	16.7419543064721	16.3661613703397	19.4572016487469	18.9520174387847	13.6519656093912	17.7463535409391	20.5361254865663	18.8722772605746	20.859647024818	22.3107892733538	25.7980860336576	24.9993084104341	20.3250915619094	19.9464810430311	19.3006617503131	17.8339043958411	19.531902877088	19.0267681175758	21.9864788222216	24.0747639863821	20.6462624220463	25.8692330964797	28.5100650472776	30.8827246369228	33.3771000238187	29.8810474548668	34.8239844934493	35.1947705490461	35.1588450606672	35.8580487617494	31.6773987726265	31.5123987820667	32.5981562208662	28.556886472443	26.219232330486	23.9290058506408	23.6488164820145	29.4845131552142	27.1965131956286	25.1494660380693	28.1155056330133	28.0258979873973	27.5035654961316	29.0777003561148	27.3722106889451	28.1632744190018	23.7037346002692	26.727972800046	26.840736055481	23.7368515393259	20.4628614567953	20.2194380238423	17.9650546895911	17.9428709241303	23.6213867924811	26.7253549649018	28.562820046347	27.4096569478715	27.4324205639969	24.3596318732447	23.1952759414498	22.5574123515974	24.0798310625303	23.8257795885046	26.0711490157223	24.1510074324033	28.8457775939564	31.3882357102147	33.2834075929734	34.6508075952062	34.9310341100861	38.1868593759686	38.0136088000074	33.3048420653814	38.8844357680551	41.2974193140443	44.5406215605485	46.5519681216595
457	18.8290274576251	17.061584598155	13.6035109438703	10.5338226204925	7.26471596141239	4.35304146545838	1.33062278651765	0	1.32595248783657	4.63048140045935	7.70689827362474	9.76352344187281	10.5546659823985	7.30081748847346	11.5401047222285	11.5355550364948	10.4987082062509	14.0751901940968	15.793140694618	14.1112546217549	16.5877235930673	19.9624041888746	20.2270745783962	17.6847668913107	21.9133127345	18.9733796146074	17.292010814246	15.3226517287316	15.7390909521484	16.0620838311845	17.7810713681713	19.2263759195538	18.4646769806569	13.9962070933521	17.8557818087027	20.7421157069379	17.5368641438542	13.5870889082246	18.1730324657169	19.1350822052062	14.9504705277125	15.9278730846275	19.1678855641409	18.4984366366458	13.5917973057282	18.9927475105631	21.4476257194124	20.5911984595361	22.8284153852167	24.6920639275051	28.2237668286854	27.5378904783936	22.5335560886426	22.4460826203594	20.9933692626982	19.9228664855236	21.3274629292844	21.0656447325972	23.1723706599044	24.6187445658791	21.5781551806451	26.2655430935665	28.2991005864144	30.9295448398453	33.2329853157973	29.6829839133467	34.5145039222643	35.5011967263077	34.4320151167485	35.246174090247	30.9210877881099	31.1174641318987	32.8743694388197	29.1960962116513	26.4614274369317	25.0586811105453	23.821982327254	30.2231916415193	28.8878093838906	26.4982629430686	29.9730013845794	29.527237544342	29.6262304385826	31.0968316874887	29.9355823895243	30.7975481653978	26.1909393111435	29.4560163803594	29.8426675248712	26.7797819632647	23.3839335869738	22.5850660614487	19.9455173159284	19.6997794911517	25.38076549279	28.7258623717374	30.5616228953896	29.4559746571048	29.2005748059863	26.2311762221979	25.4823704745065	24.7571740915638	26.5389277477444	25.8460920450269	28.0757008461053	26.0214611618948	30.7460946137879	33.4823042217826	35.0132413523798	35.8293648562181	36.1602512850782	39.3482412567576	39.0491435373428	33.9690029880184	39.3092063516932	41.3587634365439	44.4747251593531	46.5216237571304
458	19.1898335844791	16.8804574878763	13.7814035206869	9.23658833119675	6.83480080177908	3.41276632660368	3.05710205914032	1.32595248783657	0	1.32629144610074	3.82356561340328	6.13835067424467	6.69523569413355	3.79923544940294	6.35039345237758	6.69699357921149	7.16885102369968	9.81333302196557	10.1102184447222	11.3295890040195	13.0058002829507	15.8632525353409	16.7002766743548	15.123741369119	19.6034411775076	16.7461274627897	14.1376356226917	12.7028764065467	12.3393809001911	13.5157953521056	14.8909511449068	16.5355935484639	15.9525828316295	10.7615245202527	15.2669418024698	17.4470409238931	14.7788793553503	10.2081506650323	14.6971993930817	15.4974952169697	11.6999713674863	12.055715656899	15.2440409996825	15.1493216679824	9.6843066349636	15.0437317511314	17.5660027325513	16.7721880504602	19.0782402228298	21.2787925879266	24.8669779627521	24.6318845604635	19.4229738454234	19.6448163137251	17.5716608776746	17.0997025705127	18.248057129459	18.8450631466175	19.957604164829	20.8791514434854	17.7539749352082	22.3541599484302	24.4798194642036	27.1929283638228	29.4801789682492	25.7805098669518	30.6465255779509	31.5399175331832	30.7348999998373	31.6494652561461	27.3244441663504	27.3289615426565	29.0730210848477	25.3893887086712	22.5681515858078	21.0783632666296	19.8411609791363	26.219016953349	25.0692658448547	22.6082322617227	26.4875567200903	25.8678832918351	26.6329466826335	28.1555640682264	27.4235109714274	28.9024701539505	24.5016102940195	28.393296920224	29.2885272077652	26.4778173760603	22.7193755415944	21.3894757766524	19.8466722651431	18.5211653251085	24.6646305871383	28.0839616507358	29.2672553376636	27.8460289089845	27.1858456186303	23.8781874312101	23.1853632276917	21.9287129125264	23.6139907046649	22.5277046101018	24.7014898538529	22.3576334615272	27.0864529054655	29.8346408894091	31.0449380575964	31.874816344569	32.1289978990942	35.3185696341174	35.0503531223296	29.9516866469987	35.3211805153792	37.427714918226	40.5718601372922	42.6149908600248
459	21.1621050701484	18.4448466786797	16.089499992231	11.7351743915461	9.66582174468369	5.41509058095984	6.37216909694023	4.63048140045935	1.32629144610074	0	1.33039956404082	2.9491237681725	5.10605894991431	2.96424189296353	6.50865093548579	7.76192431037562	5.39400352243118	8.27652276019344	10.8261602149608	11.4577000746223	10.9461841753188	14.2741153491206	16.5794984544165	13.8620845474265	18.5434584422648	16.1454777569448	12.9461205772231	12.2538598816863	11.3178726799695	13.1570885077208	13.5683113171831	15.5281121196364	13.9942038358743	9.63326652802672	11.4198021874286	13.1889978770186	10.2326317729116	6.57688969042358	10.9072109175536	11.1309420086532	6.87393439014368	9.21126636244985	11.7606285546309	10.9957634114235	6.86771031712899	12.4618537144359	14.8888414928765	14.2287858933923	16.6167032530523	19.1191780419557	22.7695367980993	23.1849095318485	17.9575047264368	18.5818686089424	16.1351121161274	16.3276429713538	17.156806083884	18.2449288844873	18.1670413111216	18.355255405469	15.7464318497874	19.5148203424987	21.1273535730342	24.0082575169461	26.0797692091015	22.0303654304689	26.8766750919826	27.9709568838823	26.3631811054736	27.2723665456447	22.891492327937	23.207291548132	25.1898942038271	22.0968918402566	18.7631955966994	18.4043255241805	16.6764963646445	23.1624120505616	22.4521297208082	20.5572950798494	24.8333039686627	23.7641144164894	25.5266803952257	27.039012075148	26.7001482580153	28.6969454123605	24.599888820887	28.849066414704	30.0623710808047	27.4542868419487	23.528302786219	21.9054912978458	20.8726066412415	19.0685533011815	25.2379388619594	28.6994796120069	29.3556399521455	27.8125303775115	26.6707131138258	23.3078464256138	22.7832655473266	21.034946232401	22.549966696206	21.0148325475127	23.1140034611056	20.3821483411342	25.0737791726736	27.7293685467232	28.7248246295778	29.0003011536087	29.5620908597481	32.5576364160545	32.1220325322044	26.9071457609312	31.9295388785995	33.7166250090367	36.8477522380945	38.783530834621
460	19.7974505681919	16.9438570284336	15.2235472870156	11.196323146462	9.91765325064352	6.47233265523335	8.55606813904611	7.70689827362474	3.82356561340328	1.33039956404082	0	1.33523106614548	3.68300502307559	3.46957720767243	6.32483430613008	7.35600183523631	4.00209520126646	5.85328241245884	8.68810042529436	9.78242561944633	7.45030777887733	11.1441965614395	13.8980709812549	10.9288269269853	15.3498518885363	12.6214593847146	9.00847351108943	7.42497690232098	5.42666988124393	7.51313656204917	7.83412145680676	10.0429649506508	10.0493825680984	4.04200457693952	9.3426768647963	10.510128686177	8.45468727984661	3.94961086690828	7.47330020807408	8.30996353782615	5.65619615996475	4.2748808170521	7.69616125090944	8.33856246603694	3.31486922818985	8.47187476300258	10.7532016162629	10.4760130775023	12.7117962932073	15.4560847241467	19.0686481429597	19.6469361988072	14.4073887988074	14.4837996741187	11.2013182706323	10.8401033666658	11.1577836508869	12.2110586355156	12.3934089337841	13.0599705206405	10.2617921923999	14.6285331458762	16.6785093758405	19.3587142651572	21.6830582944381	18.1300443187544	22.875342401809	24.0808905150952	23.3994156123609	24.9131702920363	20.5741265428207	20.1009889557703	22.186425083821	18.4178749588545	15.3857675466647	14.3871277884086	12.1922600447989	19.0048721647897	18.3884390582779	15.7867927078302	19.7141574002035	18.5117076737939	19.7221789871201	21.0838321232171	21.0500560806854	22.7615164696907	18.7215583218919	23.1536720413847	24.6511072976449	22.2384260908905	18.2546201275184	16.3243988250716	16.535947296723	13.7336022951009	20.2455466955081	23.5429994902943	23.8939714991041	22.0876781260503	20.9317244631206	17.3727647195258	16.8760860687542	15.3934771575496	17.1749005819539	15.6121425499513	18.379662891359	16.4721995495441	20.9809937085925	23.7874379873075	24.5053983644421	25.1245830413163	24.913424694329	28.086437492142	27.496721731872	22.4398306811794	27.7419743529548	29.7809276887071	32.8125357904567	34.9673069880996
461	22.9287129381481	20.0206012646973	18.1513697554758	13.9380413258105	12.2933766720133	8.322794963232	10.8489681076128	9.76352344187281	6.13835067424467	2.9491237681725	1.33523106614548	0	1.33455385803646	3.12832766825983	6.43986870984184	8.70436137806789	5.99250331664489	7.83637282165671	10.4102008145857	11.9665736533061	9.63466065826919	13.3398802843204	16.1467325177573	13.4235297146466	17.9290989455689	15.6617896806208	11.9097542375987	11.9357985070124	9.91461239787013	12.3336250145689	11.6824732826572	14.2354221574213	13.0187412986049	8.24776600056039	9.57537999245983	10.2955501552855	7.41883393802557	4.55713791759696	8.0956566132711	7.64974574740886	4.02459575609775	5.86015272838516	8.40352437968737	6.54883867567373	4.13254171182821	9.53132986523916	11.6862776793982	12.1054553404653	14.4069193792427	17.4501922625512	20.9875540976075	21.7050611148644	16.5460737336687	17.4790314663027	14.4226418523099	15.2577860123938	15.0938537491258	16.5368314377332	15.7996728447142	15.5935463894523	13.0888093423352	16.4032009376219	17.8910083282078	20.9058273455035	22.8690982332054	18.5346053370445	23.4111026224738	24.3428562005365	22.3407069941844	22.9183904321399	18.6000643547274	19.2640535194439	21.075314730746	18.3062510088767	15.0626348956615	15.3021865757806	13.3667710760677	19.8286869459377	19.5874922846188	17.7642794393693	22.335896556888	20.8354578543405	23.3278821370479	24.7345450332122	25.1172859600714	27.3169382069074	23.5251063547011	28.2056559221728	30.0518010109211	27.7690923510294	23.8848076609379	21.6432509110808	21.8374233370148	18.8009456411107	25.1054184191381	28.4561346285823	28.4517137093708	26.6682910588586	25.216980905731	21.6970710696167	21.3664554383735	19.3982093503498	20.8566935298959	18.4755384765911	21.0506776375489	18.2698252865209	22.7770157176044	25.3033096056623	25.7780771393058	25.612510341628	26.3434566828273	29.263479270244	28.7575104624861	23.5481383765256	28.4703431837412	30.2079811639242	33.3622257201165	35.1255344158633
462	23.8237053583191	20.8009690880016	18.9039079557641	13.1917403324959	13.0568007566938	8.40683180514515	11.2260875642407	10.5546659823985	6.69523569413355	5.10605894991431	3.68300502307559	1.33455385803646	0	1.32934946496397	3.79855604144522	6.57065605552444	6.52712838850286	6.32413583029334	8.74309699134123	10.8253316346429	9.6373369765719	12.493199950373	15.7926670008583	14.2470395521315	18.7731986352886	17.2410980508783	13.5928249455365	14.5025891481487	13.0650781857592	16.1538290197711	15.6496014326244	18.4270627881928	17.7282321171627	12.3686918871803	14.0578095733297	14.1371027441976	10.4252852718763	9.24467571091598	11.9441800053415	10.1560989557999	7.12142275110809	8.78568728102702	10.5789190846702	4.73065597988271	5.30971430493204	9.8714993795269	11.5989051638506	11.3329858378099	14.1301548116077	17.2336716053196	20.7943572634501	22.2377210612958	17.3007929876061	18.9146359468006	16.2293974318211	17.7785856861563	18.1578803278356	20.0138299433167	19.2653596125274	19.0214034708273	15.8124060471517	19.119456948355	20.779925890147	24.0705846626126	25.8186875344197	20.0265255598668	24.7175283149428	25.0784516467823	22.7372745948146	22.3688732170398	18.4128208322353	19.4942771345849	20.8012103974745	17.5428903262832	15.7907814562801	15.6227908198247	15.3792018648563	20.6401023495524	19.2024101872656	18.9287107590559	23.807885185375	22.9758935190778	25.8560177521597	27.663897501979	27.7264628288572	30.7059220021155	27.2228055313922	31.5833856481537	33.5056628198876	31.1974996594278	27.147283584182	25.2492472957116	25.5515222442813	22.692296710558	29.2045829451475	32.5139915882378	32.5670586022134	30.5985740027211	29.072973170971	25.3793808829136	24.6254980457249	21.9950641963146	22.8941898524495	20.396302336453	22.0802558182644	18.6249852885848	23.0569347052031	25.1644259421907	25.9365624167892	25.5540173162656	27.1614158320217	30.1568404180544	30.3309780092894	24.9433912289408	28.6972507394001	31.0749328237407	34.5269827960684	35.5279303224942
463	18.5513594650096	15.6113591336565	13.575155431891	7.88815371300534	7.56604678811861	3.02057444867694	6.48171343087613	7.30081748847346	3.79923544940294	2.96424189296353	3.46957720767243	3.12832766825983	1.32934946496397	0	1.32405966632928	3.0523246878404	3.03252106340583	2.89172353450326	4.9958826047056	6.87841297102755	7.19340906663871	9.0744332605403	12.1070875523389	10.9272328610678	15.6008316765485	14.7272432586686	12.0166747480324	12.9253197252524	12.8846936323686	15.2798903791879	16.3511725267639	18.7560480112416	18.7709550636082	12.8797158741954	16.2913751721578	16.5193651815074	13.6016868806777	11.0716506899378	13.963924663217	12.4049852075688	9.22926638471336	10.7187132156803	12.345816700405	9.10745216841681	6.4462139275702	10.2799718871211	11.7588983752731	9.40403030620383	12.5267062310888	14.9332027710066	18.591359659799	20.0676215332062	15.2731181492189	17.313762242794	15.759515569966	17.120007973129	18.3247947873912	20.0106479905075	20.1249848944043	20.5513222445662	16.7178253071385	20.7140787388674	22.6725833552333	25.959624303907	27.7996877860166	22.0896656606659	27.2549426893545	27.0019329122935	25.9706146827525	25.8746409057208	21.8743558533731	22.425519882491	23.0126340083007	18.9330635661533	17.8964476083942	15.862686090319	16.8924253439226	21.5130048342857	18.3113528992262	18.9302366863175	23.6421036500562	23.6825346827573	26.0444576061779	27.9929169791217	27.353585304307	30.2386031919465	26.2707903383206	30.4201565249096	31.4567358923331	28.7841230542117	24.8948109050862	23.723219743534	23.1954905315667	21.4163996507349	27.8507283028649	31.133107570559	31.9469454251889	30.1204054587584	29.1242079548955	25.3785752555182	24.2295718699279	21.713820000175	22.6136441335756	19.7881314933978	21.192710940321	17.5463854112464	22.0629255539695	23.6495104600497	25.4860396295698	25.9271956447279	27.418489929243	30.6170151713063	31.4855472399639	26.0515061752675	30.2489223774997	33.3642074834695	36.822773578317	38.0666326590624
464	19.5106330240718	16.3089163649827	15.0318839138679	8.55804685661395	10.6679848143874	6.97658834961617	10.8117877337654	11.5401047222285	6.35039345237758	6.50865093548579	6.32483430613008	6.43986870984184	3.79855604144522	1.32405966632928	0	1.33195908345565	3.32374201766623	3.40175616410112	2.92070761973875	5.03025655409344	7.13116407047265	7.88751576860547	9.77715802265669	10.6033248559119	14.9775659237407	14.97061922567	12.6911373012823	15.5103888410317	15.9307730195367	18.5875541424901	19.4624280602396	22.0644329634822	22.1385454580919	16.1820464095244	19.5625017827475	19.7002678408188	16.8416240012654	14.2030940291191	16.8077430073166	15.231570470572	11.9950465192929	13.2685093737013	14.6177331689972	10.2040504702789	9.01669712256101	12.0504286230822	13.00109399243	9.34588433482889	12.6194063648018	14.4376634189885	17.9538256647434	19.7809551336633	15.4397965012496	17.9156864507057	16.8989060296813	19.3990051549042	21.0356761716851	22.9772995802379	22.8702907720912	23.1148011672175	19.1153463478954	23.0339727142323	25.2098392101179	28.5337007238809	30.3195261671419	23.6926020943247	29.0229033006693	28.2987485412341	27.2149057319698	26.2127340237527	22.7223224385185	23.3786017759831	23.4926426142314	19.3968420367853	19.447522695706	16.3842052599447	18.7809579627877	22.7009091227642	18.3066720350805	20.0575135298471	24.5201710230577	25.2090623586043	27.38255594352	29.6570112789539	28.6225161193072	32.7206810595379	29.4711228323591	33.4782177691704	35.0668279289701	32.6207559691678	28.6867702260118	27.4905981382727	27.6465911822778	25.3943495486693	31.9745806852881	35.1950628071609	35.6082590840945	33.5262331018562	32.2062847282949	28.3946611002843	26.8082549972951	23.5741123056628	23.8241627974626	20.6825863469731	21.7322679212272	17.9770223062664	22.2823483950862	22.8520530587516	25.5358857101139	26.3759622383715	28.1159872670337	31.3903545376601	32.758599496926	27.3725799660902	31.0289070867796	34.7374712090561	38.30260436315	38.9917240578049
465	11.6596322411987	8.09203608494179	8.46854326315925	2.92665030367484	6.76473724545159	5.16162009450521	8.58778487154866	11.5355550364948	6.69699357921149	7.76192431037562	7.35600183523631	8.70436137806789	6.57065605552444	3.0523246878404	1.33195908345565	0	1.33841921683753	3.2097619849453	3.08828156099796	3.03666609952428	5.07022179002063	6.87554194227626	5.82841736666138	7.74446757369414	12.2051550174506	11.9832379597503	10.4405138762419	13.0447007631452	14.5247133878779	16.8541306806373	18.6775475370831	21.1726582648471	22.2625228803925	15.8654485596847	20.8273898988808	20.9138148361316	18.4669185572472	15.2717257047133	17.2267568915336	16.3068349166845	12.8883598258273	12.9936286694672	14.46497583821	12.1728827317115	8.58950243029246	11.4382623680348	12.6770943437367	9.11373436084243	11.6733632257375	12.9877693619805	16.5110006965053	17.6042492029623	13.1698438866981	15.3417467388821	14.8568466035024	17.0354217441189	19.0503373198482	21.1179513447683	21.4858546257765	22.11515690652	17.5602461827846	21.9858787861664	24.7487175021252	27.9294181464634	29.8488352369066	23.6305680211035	29.3121077201896	28.0103368241083	28.7111655109994	28.4410656270119	24.8791329832854	24.0819374012973	24.2858434072198	19.8947905241548	19.2339246905045	15.4736249792995	17.9678225169329	22.1363211713238	17.7976476254588	18.6197757505293	22.9329466706745	23.6639996830629	25.3712555069709	27.5422278329114	26.1414674607222	30.1426602177047	26.9647459657976	30.8092262317638	32.3905106319737	30.0170303994249	26.1528709705072	25.3807323771399	26.0721320570451	23.8076812184639	30.4639959952728	33.4593267116958	33.8815977929023	31.5539114057196	30.2441635526592	26.3778085139763	24.2503225545558	21.2402527998138	21.4990599561934	18.5892150990837	19.9001338940219	16.3979616721103	20.8131363806611	21.9018729107809	24.5587226662952	25.9652070278671	27.2595431363037	30.5420264881032	31.9114403466844	26.5980449281521	30.8216755384908	34.5092395888406	37.9661494755526	39.1931588163036
466	17.4035099333439	14.1705713716843	12.8369784606815	7.36391044214961	8.09162319933399	5.2023303432212	8.51957246579897	10.4987082062509	7.16885102369968	5.39400352243118	4.00209520126646	5.99250331664489	6.52712838850286	3.03252106340583	3.32374201766623	1.33841921683753	0	1.33049840285511	3.25912503595674	3.11473947546179	2.99805937232737	5.06448951030605	7.43497989237362	6.12562119298933	10.6916919147533	10.3274940329201	7.76441993969929	9.42210751371475	10.0161999780356	12.7063052851724	13.9502465569609	16.6712590106446	17.8147758335602	11.3236226093949	16.1890559020593	16.3304812543905	14.1321224874397	10.969073114899	12.4829325881381	11.9691547738343	8.52975181350548	8.38313103798336	10.4104648791493	8.71058585859757	4.12950650804669	7.58697159609814	9.6428444973462	6.5439849480267	8.87735681382696	10.5915182103417	14.238409075455	15.3588144399234	10.6952464674733	12.9996800729864	11.6837813656367	13.2186188764182	14.7143440220759	16.7700532199513	16.8572305258011	17.4702867177388	13.0807444360021	17.5309895328244	20.1792994427458	23.3183576179799	25.3378266826498	20.0351098075354	25.2852705542179	24.7687156913716	25.1735624217154	25.5672030930253	21.6373739164437	21.0109082383413	21.4865722952732	17.1122705974397	15.7508202643545	12.5239071778738	13.8754033454887	18.9801863794853	15.1259422846975	15.3957673728853	19.8736168323735	19.9263703920207	21.8375264166984	23.8575523052974	23.0029899143568	26.5985900566177	23.2610222690233	27.3605652171149	29.2461876318949	26.8132219996031	22.8468188595262	21.67402364583	22.2336872560536	19.8882936422409	26.5324594600651	29.6312049873103	29.811970448127	27.4916528604593	26.0414323146789	22.1702813243315	20.6278587594544	17.5914088975272	18.3317945111765	15.7147227147029	17.1137492677671	13.5500579334555	18.0604453156615	19.7064183960455	21.9339903802295	23.1183887198048	24.2917890860266	27.5563005318203	28.5658399666455	23.2104551872642	27.8966252080785	31.1064380635263	34.4922762078701	36.1195875668591
467	19.399872216074	16.0950938487478	15.225131493685	9.86234013812138	11.45668446803	8.49300753561423	12.2568693392726	14.0751901940968	9.81333302196557	8.27652276019344	5.85328241245884	7.83637282165671	6.32413583029334	2.89172353450326	3.40175616410112	3.2097619849453	1.33049840285511	0	1.32926069677848	3.26786107415845	3.86925341635825	3.31913874371048	6.87977383349191	8.03588209221614	11.8065558906906	12.4892651905546	9.32280134937992	12.623955521151	13.3452769547882	16.1127306500171	17.1668117599046	20.0277704700249	21.0133174201505	14.5868054761829	18.8337420073654	18.5341788865868	16.0491973631082	13.6278697528264	14.6791241223719	13.1109778430138	10.0811575724219	10.1738618528069	11.0567880055647	8.27289368963484	6.00995748737044	8.36097225207691	8.73049328503264	4.63407218329624	7.86434727107088	9.72610579831414	13.2156048291404	15.5208564518844	11.5262827919499	14.5865222037331	13.0830643963866	16.2211326978112	17.7171295925723	19.9645953127029	19.7871662953542	20.1276730398722	15.6264131840931	19.4946815567734	21.9566258109027	25.310732170366	26.8807715849081	19.887574864724	25.6468640578142	24.0166538260433	24.5788879528753	23.9438072578276	20.4183272086623	19.872950309403	19.7648617753831	15.3585202737764	15.5233693507563	11.7237264127068	15.0736067681229	18.34812927794	13.4609376345038	15.8583985950663	20.1277754359492	21.3049676366804	23.6186760213184	26.2011986176205	25.3212876844761	29.615339673892	26.4774535407014	30.5030886304977	32.4579786493244	30.2110670284914	26.2141912139208	25.0406090181529	26.2309879722438	23.3267401280162	30.1575945990392	33.1531502575547	33.1923947463873	30.8044524379188	29.2581847352155	25.3602575893858	23.6896312550449	20.3382868993433	20.2513882487103	16.7849237412626	17.3520525010732	13.4637021654521	17.5007055000648	18.0201498883888	20.6400406007353	21.64949780018	23.4179789691596	26.711842710678	28.2934626548254	23.0496092157763	26.4809018728592	30.5712725610171	34.0927134297052	34.9531731463683
468	16.8372113486765	13.2702722654812	13.1025817684913	6.60238358473665	10.5874486539487	9.53074294061066	12.7099607395145	15.793140694618	10.1102184447222	10.8261602149608	8.68810042529436	10.4102008145857	8.74309699134123	4.9958826047056	2.92070761973875	3.08828156099796	3.25912503595674	1.32926069677848	0	1.33067614392083	3.6381194317944	3.63164177748853	4.52907694790009	6.86030247146582	10.3750965296714	11.8843142839627	9.87699276095715	14.0263501310925	15.4980614916834	18.3310735364844	19.5771913715936	22.4697958602209	23.7069857004217	17.2269193415422	21.4717768710463	21.0126118557403	18.6730484656362	16.419252723556	16.9996482610671	15.6536493828117	12.5381097857691	12.380986915428	13.1783802115435	10.5075571376034	8.19406498631784	10.3729359874628	10.923624444295	6.85834506276842	9.32264125663967	9.80873457689625	12.9549028942713	14.9558840928913	11.5506796769714	14.6331960282093	14.2057246559266	17.1221975809182	19.6076497571739	21.9805252894466	21.8005604515113	22.0365104769335	17.2775219577346	21.4239644090444	24.0183418453481	27.3356396852168	28.8942929139995	21.9419332785423	27.6770237923083	26.1175859719079	26.7529187566516	26.0953977743203	22.7545037520048	21.9973060623341	21.9410859120509	17.5588408216488	17.5606051718043	13.3186730194866	16.9780888500443	20.4802015126805	14.7429856542018	17.3532823408138	21.1684975848547	22.8321837107185	24.2796020148601	27.1575631822886	25.7306113802218	30.6419871907812	27.9811734743202	31.6632189614385	33.6746502431725	31.5517280033915	27.7209201506732	27.0073458710774	28.4663966107409	25.5774007475349	32.3968980922557	35.3098882750994	35.3055956329871	32.746694504942	31.1624854111478	27.2628262291348	24.6184297224661	21.3449988756149	20.7407973327932	17.480789942105	17.9412852939805	14.3070669950203	18.1470137763765	17.8744838806607	21.2031355700047	23.1483119686944	24.8077896032678	28.1185672999177	29.8424873460642	25.022526431198	28.3426906626735	32.724086480756	36.2408842193454	37.1329759782326
