3.1	0.497762	0.145479	0.153984	0.202775
3.1	0.441283	0.177507	0.181572	0.199639
3.1	0.498876	0.155955	0.137528	0.20764
3.1	0.47819	0.161027	0.172442	0.188341
3.1	0.438391	0.167006	0.1889	0.205703
3.1	0.454253	0.175125	0.189064	0.181558
3.1	0.498651	0.150435	0.147438	0.203476
3.1	0.479431	0.164551	0.171153	0.184865
3.1	0.456729	0.172633	0.186226	0.184413
3.1	0.419089	0.177729	0.198574	0.204608
3.1	0.412774	0.21163	0.177788	0.197807
3.1	0.446092	0.190214	0.178988	0.184707
3.1	0.432638	0.195446	0.18833	0.183586
3.1	0.497113	0.147675	0.140383	0.214828
3.1	0.473821	0.164883	0.159676	0.20162
3.1	0.467373	0.144087	0.16893	0.219609
3.1	0.4362	0.174858	0.197543	0.191399
3.1	0.447956	0.182469	0.19174	0.177834
3.1	0.43164	0.177975	0.191954	0.198432
3.1	0.46658	0.167535	0.179253	0.186632
3.1	0.460205	0.171187	0.175634	0.192975
3.1	0.518489	0.148312	0.13746	0.19574
3.1	0.470857	0.176264	0.159761	0.193118
3.1	0.481534	0.185133	0.130208	0.203125
3.1	0.406458	0.20133	0.189459	0.202754
3.1	0.522371	0.131432	0.149329	0.196868
3.1	0.478434	0.165026	0.156821	0.199719
3.1	0.461957	0.171739	0.168478	0.197826
3.1	0.411611	0.183577	0.203452	0.20136
3.1	0.535196	0.105028	0.139665	0.220112
3.1	0.457678	0.166611	0.186015	0.189696
3.1	0.477639	0.12817	0.166897	0.227294
3.1	0.401281	0.200285	0.206332	0.192102
3.1	0.46085	0.171141	0.173378	0.194631
3.1	0.508977	0.144973	0.115799	0.230251
3.1	0.427746	0.193472	0.188031	0.190751
3.1	0.435451	0.196209	0.182633	0.185707
3.1	0.474654	0.170507	0.167435	0.187404
3.1	0.454633	0.174268	0.167067	0.204033
3.1	0.464434	0.169544	0.170235	0.195787
3.1	0.420127	0.177821	0.192477	0.209575
3.1	0.497067	0.130231	0.133359	0.239343
3.1	0.42217	0.178774	0.202358	0.196698
3.1	0.460592	0.181321	0.159909	0.198178
3.1	0.450906	0.166035	0.184998	0.198062
3.1	0.438055	0.191678	0.182796	0.187471
3.1	0.441299	0.174438	0.176936	0.207327
3.1	0.532926	0.1222	0.133062	0.211813
3.1	0.452094	0.172117	0.173838	0.201951
3.1	0.450335	0.187854	0.174472	0.187339
3.1	0.453345	0.184859	0.178917	0.182879
3.1	0.484123	0.154625	0.156466	0.204786
3.1	0.437037	0.175704	0.188148	0.199111
3.1	0.449006	0.182168	0.182168	0.186658
3.1	0.447425	0.174838	0.180389	0.197348
3.1	0.45527	0.182386	0.175451	0.186893
3.1	0.456152	0.185235	0.177181	0.181432
3.1	0.458286	0.162857	0.177714	0.201143
3.1	0.421425	0.203133	0.183426	0.192016
3.1	0.422222	0.186364	0.186869	0.204545
3.1	0.451908	0.196237	0.179356	0.172499
3.1	0.435877	0.180601	0.189935	0.193588
3.1	0.461681	0.168137	0.167209	0.202973
3.1	0.437979	0.173558	0.194997	0.193466
3.1	0.489362	0.159315	0.163467	0.187857
3.1	0.448573	0.1842	0.170512	0.196715
3.1	0.440928	0.172996	0.191983	0.194093
3.1	0.510251	0.16441	0.114894	0.210445
3.1	0.494962	0.156336	0.14626	0.202443
3.1	0.443056	0.180293	0.188147	0.188504
3.1	0.435435	0.195946	0.182432	0.186186
3.1	0.48048	0.152402	0.162162	0.204955
3.1	0.48696	0.144079	0.1646	0.204361
3.1	0.463267	0.17368	0.167618	0.195435
3.1	0.477408	0.167093	0.155158	0.200341
3.1	0.492379	0.152413	0.156647	0.198561
3.1	0.434798	0.185589	0.192619	0.186995
3.1	0.409385	0.208333	0.19377	0.188511
3.1	0.446162	0.194338	0.182008	0.177492
3.1	0.46628	0.152792	0.16333	0.217597
3.1	0.49201	0.158677	0.138239	0.211074
3.1	0.445869	0.184836	0.19238	0.176914
3.1	0.460369	0.171335	0.159416	0.20888
3.1	0.446547	0.181607	0.162351	0.209495
3.1	0.48095	0.158832	0.175656	0.184562
3.1	0.428173	0.180381	0.200837	0.190609
3.1	0.506947	0.148763	0.136564	0.207726
3.1	0.486648	0.151115	0.150173	0.212064
3.1	0.481918	0.165094	0.154481	0.198506
3.1	0.476663	0.192944	0.147372	0.183021
3.1	0.500086	0.154744	0.156116	0.189055
3.1	0.453144	0.177282	0.170385	0.199189
3.1	0.439969	0.177599	0.192175	0.190257
3.1	0.463014	0.166027	0.167123	0.203836
3.1	0.484957	0.167757	0.153041	0.194245
3.1	0.503058	0.155455	0.137432	0.204055
3.1	0.471564	0.14139	0.180885	0.206161
3.1	0.498118	0.160916	0.136449	0.204517
3.1	0.478632	0.182336	0.144587	0.194444
3.1	0.457546	0.174287	0.183224	0.184943
3.1	0.479771	0.165649	0.153817	0.200763
3.1	0.451462	0.182038	0.18723	0.17927
3.1	0.457263	0.166361	0.175348	0.201027
3.1	0.482666	0.151611	0.155029	0.210693
3.1	0.498886	0.147474	0.144131	0.20951
3.1	0.489095	0.164027	0.14401	0.202868
3.1	0.460784	0.162507	0.167261	0.209447
3.1	0.441933	0.180851	0.172429	0.204787
3.1	0.449588	0.169111	0.18011	0.201192
3.1	0.41947	0.199166	0.192915	0.188449
3.1	0.467429	0.174043	0.157633	0.200895
3.1	0.48627	0.16476	0.143021	0.20595
3.1	0.423473	0.203807	0.188343	0.184377
3.1	0.444503	0.189746	0.187808	0.177942
3.1	0.432447	0.171622	0.203443	0.192488
3.1	0.457627	0.169492	0.166449	0.206432
3.1	0.470998	0.167981	0.16891	0.192111
3.1	0.437048	0.194645	0.178968	0.189339
3.1	0.447236	0.195352	0.180695	0.176717
3.1	0.414899	0.199906	0.187647	0.197548
3.1	0.426288	0.208703	0.171847	0.193162
3.1	0.488155	0.157107	0.155237	0.199501
3.1	0.45607	0.176917	0.169329	0.197684
3.1	0.433214	0.18167	0.188495	0.19662
3.1	0.454973	0.153898	0.169355	0.221774
3.1	0.431203	0.213976	0.170098	0.184724
3.1	0.442435	0.166365	0.189873	0.201326
3.1	0.5	0.132396	0.153249	0.214355
3.1	0.427495	0.192628	0.19774	0.182136
3.1	0.433594	0.180339	0.192708	0.193359
3.1	0.451363	0.176638	0.172568	0.19943
3.1	0.439225	0.143277	0.201409	0.216089
3.1	0.458438	0.177722	0.167926	0.195914
3.1	0.473517	0.170551	0.154308	0.201624
3.1	0.480894	0.168724	0.151088	0.199295
3.1	0.507123	0.133333	0.135043	0.224501
3.1	0.439609	0.174572	0.168215	0.217604
3.1	0.477392	0.159131	0.156633	0.206845
3.1	0.424103	0.173846	0.20359	0.198462
3.1	0.484071	0.187764	0.146885	0.18128
3.1	0.492532	0.150782	0.129801	0.226885
3.1	0.49625	0.147256	0.135413	0.221082
3.1	0.458882	0.166607	0.181203	0.193307
3.1	0.443971	0.174312	0.179882	0.201835
3.1	0.489873	0.125316	0.150211	0.234599
3.1	0.433166	0.203843	0.17335	0.189641
3.1	0.499388	0.147797	0.133415	0.2194
3.1	0.482909	0.149161	0.137352	0.230578
3.1	0.480814	0.169538	0.1574	0.192247
3.1	0.467147	0.187099	0.147436	0.198317
3.1	0.48325	0.169179	0.144472	0.203099
3.1	0.483617	0.165793	0.153014	0.197575
3.1	0.496471	0.164034	0.140504	0.198992
3.1	0.502463	0.145868	0.149425	0.202244
3.1	0.526882	0.123373	0.148274	0.201471
3.1	0.529302	0.126559	0.137781	0.206359
3.1	0.439303	0.158955	0.196516	0.205226
3.1	0.487534	0.156334	0.164757	0.191375
3.1	0.499354	0.15282	0.136461	0.211365
3.1	0.480258	0.154518	0.160592	0.204632
3.1	0.493838	0.153846	0.146621	0.205695
3.1	0.465543	0.166088	0.173029	0.19534
3.1	0.469141	0.147605	0.192922	0.190332
3.1	0.469484	0.15493	0.193342	0.182245
3.1	0.467192	0.146107	0.194226	0.192476
3.1	0.462401	0.167212	0.167679	0.202709
3.1	0.457381	0.163005	0.185413	0.1942
3.1	0.541692	0.126284	0.109668	0.222356
3.1	0.454133	0.166331	0.18246	0.197077
3.1	0.422582	0.204649	0.182233	0.190535
3.1	0.491064	0.153617	0.129787	0.225532
3.1	0.507704	0.147149	0.137904	0.207242
3.1	0.47819	0.141867	0.170404	0.209539
3.1	0.422465	0.206457	0.175534	0.195543
3.1	0.414456	0.196463	0.183007	0.206075
3.1	0.498689	0.156469	0.144668	0.200175
3.1	0.445362	0.180623	0.174991	0.199024
3.1	0.464901	0.159541	0.158264	0.217294
3.1	0.505179	0.146341	0.137989	0.210491
3.1	0.431	0.200728	0.177256	0.191016
3.1	0.420283	0.205049	0.185562	0.189105
3.1	0.488403	0.162028	0.151756	0.197813
3.1	0.496772	0.171449	0.132353	0.199426
3.1	0.426139	0.202804	0.176264	0.194792
3.1	0.484498	0.160254	0.144938	0.21031
3.1	0.500869	0.144247	0.136948	0.217935
3.1	0.425578	0.181085	0.204191	0.189146
3.1	0.43953	0.182792	0.182446	0.195232
3.1	0.469868	0.173448	0.148363	0.208321
3.1	0.408696	0.205383	0.189648	0.196273
3.1	0.466232	0.17047	0.165813	0.197485
3.1	0.504281	0.152968	0.156678	0.186073
3.1	0.501922	0.157198	0.150363	0.190517
3.1	0.491647	0.173827	0.13206	0.202466
3.1	0.46875	0.175481	0.186699	0.169071
3.1	0.471497	0.160348	0.168773	0.199382
3.1	0.484089	0.164899	0.13838	0.212633
3.1	0.496626	0.155646	0.131804	0.215924
3.1	0.465433	0.180136	0.157741	0.196689
3.1	0.425684	0.205053	0.177684	0.191579
3.1	0.426947	0.194526	0.188632	0.189895
3.1	0.476569	0.157383	0.182582	0.183466
3.1	0.445096	0.191174	0.187726	0.176004
3.1	0.440841	0.162631	0.204203	0.192325
3.1	0.492709	0.14715	0.157313	0.202828
3.1	0.469505	0.17151	0.161277	0.197708
3.1	0.507708	0.138737	0.156141	0.197414
3.1	0.484545	0.158636	0.163182	0.193636
3.1	0.509786	0.1379	0.158363	0.19395
3.1	0.48759	0.151499	0.144778	0.216132
3.1	0.498319	0.148621	0.150639	0.202421
3.1	0.464161	0.170864	0.156528	0.208446
3.1	0.497528	0.148315	0.169888	0.18427
3.1	0.499471	0.158489	0.163078	0.178962
3.1	0.460996	0.18985	0.158835	0.19032
3.1	0.487138	0.169212	0.153537	0.190113
3.1	0.444612	0.174669	0.190926	0.189792
3.1	0.449721	0.174115	0.178305	0.197858
3.1	0.494276	0.14435	0.139871	0.221503
3.1	0.496906	0.165893	0.139598	0.197602
3.1	0.44703	0.153705	0.192284	0.206981
3.1	0.50198	0.154785	0.142244	0.20099
3.1	0.494134	0.150449	0.150794	0.204624
3.1	0.432111	0.189296	0.184671	0.193921
3.1	0.424596	0.190604	0.190604	0.194195
3.1	0.450365	0.160965	0.173023	0.215648
3.1	0.484681	0.156705	0.153189	0.205424
3.1	0.452267	0.184666	0.165871	0.197196
3.1	0.463832	0.160961	0.170624	0.204583
3.1	0.454604	0.178352	0.167044	0.2
3.1	0.464257	0.173092	0.151406	0.211245
3.1	0.47209	0.160969	0.163133	0.203808
3.1	0.463374	0.165728	0.172025	0.198873
3.1	0.478971	0.157654	0.1615	0.201875
3.1	0.471399	0.157133	0.151275	0.220193
3.1	0.484599	0.15462	0.161635	0.199146
3.1	0.456922	0.170862	0.187318	0.184898
3.1	0.49373	0.148148	0.135608	0.222514
3.1	0.490012	0.147474	0.135135	0.22738
3.1	0.420632	0.204326	0.189684	0.185358
3.1	0.443191	0.182669	0.177442	0.196699
3.1	0.471557	0.166795	0.159588	0.202059
3.1	0.485488	0.162081	0.169242	0.183189
3.1	0.5	0.153817	0.167665	0.178518
3.1	0.439893	0.181818	0.186813	0.191475
3.1	0.491656	0.151904	0.142918	0.213522
3.1	0.472718	0.167163	0.150298	0.209821
3.1	0.548592	0.11762	0.113987	0.2198
3.1	0.519081	0.141978	0.140747	0.198195
3.1	0.515345	0.1326	0.130863	0.221193
3.1	0.477332	0.163536	0.15544	0.203692
3.1	0.452015	0.180902	0.175624	0.191459
3.1	0.449406	0.169121	0.176247	0.205226
3.1	0.502024	0.140143	0.135783	0.222049
3.1	0.503842	0.147344	0.126629	0.222185
3.1	0.503213	0.1491	0.15874	0.188946
3.1	0.494042	0.144821	0.170486	0.190651
3.1	0.506082	0.159971	0.143015	0.190933
3.1	0.475395	0.176792	0.160389	0.187424
3.1	0.467036	0.151683	0.188566	0.192716
3.1	0.441188	0.200228	0.167491	0.191093
3.1	0.427376	0.172146	0.206216	0.194262
3.1	0.521337	0.128422	0.138486	0.211755
3.1	0.487637	0.160725	0.157274	0.194365
3.1	0.451074	0.180589	0.166667	0.201671
3.1	0.441765	0.181038	0.187168	0.190029
3.1	0.475924	0.157352	0.173689	0.193035
3.1	0.43588	0.193688	0.183056	0.187375
3.1	0.421769	0.181057	0.197802	0.199372
3.1	0.467968	0.147041	0.171446	0.213545
3.1	0.413851	0.190878	0.19848	0.196791
3.1	0.476042	0.155434	0.160499	0.208025
3.1	0.435101	0.156612	0.215722	0.192566
3.1	0.438686	0.192336	0.170803	0.198175
3.1	0.459583	0.17375	0.174167	0.1925
3.1	0.442741	0.199429	0.182747	0.175083
3.1	0.550075	0.0994021	0.105381	0.245142
3.1	0.488688	0.16365	0.154223	0.193439
3.1	0.493016	0.17009	0.134758	0.202136
3.1	0.422408	0.196462	0.200807	0.180323
3.1	0.472112	0.149319	0.189723	0.188845
3.1	0.469685	0.154002	0.181892	0.194422
3.1	0.470123	0.155536	0.184095	0.190246
3.1	0.485316	0.165304	0.145625	0.203754
3.1	0.488815	0.143745	0.155758	0.211682
3.1	0.455629	0.173565	0.177642	0.193164
3.1	0.481278	0.162346	0.172035	0.184341
3.1	0.496271	0.145424	0.172542	0.185763
3.1	0.517394	0.124793	0.161789	0.196024
3.1	0.524857	0.130019	0.124761	0.220363
3.1	0.521091	0.128601	0.143519	0.20679
3.1	0.478147	0.155251	0.158513	0.208089
3.1	0.482353	0.170588	0.149321	0.197738
3.1	0.437843	0.189519	0.189214	0.183425
3.1	0.533063	0.123707	0.137652	0.205578
3.1	0.486155	0.15815	0.162432	0.193263
3.1	0.444762	0.184672	0.170404	0.200163
3.1	0.449275	0.176812	0.183437	0.190476
3.1	0.490826	0.158544	0.149083	0.201548
3.1	0.476891	0.153361	0.172969	0.196779
3.1	0.472678	0.163024	0.173042	0.191257
3.1	0.433476	0.183476	0.187232	0.195815
3.1	0.425854	0.18115	0.197147	0.19585
3.1	0.487633	0.15371	0.14311	0.215548
3.1	0.431899	0.180759	0.180253	0.207089
3.1	0.428483	0.1875	0.189055	0.194963
3.1	0.462511	0.168925	0.166667	0.201897
3.1	0.505682	0.15035	0.153409	0.190559
3.1	0.5096	0.151715	0.152975	0.18571
3.1	0.500292	0.152835	0.144068	0.202805
3.1	0.492178	0.148616	0.145608	0.213598
3.1	0.438462	0.18	0.182564	0.198974
3.1	0.426457	0.20259	0.175301	0.195652
3.1	0.500712	0.15446	0.142206	0.202622
3.1	0.494875	0.154572	0.161542	0.189012
3.1	0.489446	0.163918	0.147098	0.199538
3.1	0.450457	0.173399	0.1875	0.188643
3.1	0.421344	0.195578	0.178146	0.204932
3.1	0.486566	0.161207	0.146117	0.20611
3.1	0.488475	0.160789	0.149681	0.201055
3.1	0.49771	0.152977	0.143817	0.205496
3.1	0.481348	0.147413	0.162455	0.208785
3.1	0.475208	0.186023	0.151082	0.187687
3.1	0.44798	0.173737	0.185859	0.192424
3.1	0.497074	0.153988	0.143209	0.205728
3.1	0.495964	0.154157	0.163035	0.186844
3.1	0.484812	0.145883	0.165068	0.204237
3.1	0.439338	0.18148	0.183846	0.195336
3.1	0.48345	0.172852	0.148445	0.195252
3.1	0.494596	0.147489	0.150668	0.207247
3.1	0.492641	0.157242	0.136716	0.2134
3.1	0.498517	0.152335	0.128984	0.220163
3.1	0.46418	0.167555	0.17762	0.190645
3.1	0.437561	0.177154	0.193611	0.191675
3.1	0.489908	0.161468	0.144343	0.204281
3.1	0.495405	0.150015	0.162467	0.192114
3.1	0.488301	0.149981	0.169544	0.192175
3.1	0.488489	0.154841	0.159886	0.196783
3.1	0.494461	0.155685	0.143732	0.206122
3.1	0.500389	0.144488	0.149935	0.205188
3.1	0.527541	0.127631	0.142409	0.202418
3.1	0.447962	0.174672	0.190684	0.186681
3.1	0.420797	0.180272	0.207969	0.190962
3.1	0.436947	0.173104	0.197766	0.192182
3.1	0.438482	0.185366	0.179946	0.196206
3.1	0.473789	0.170245	0.166251	0.189715
3.1	0.47995	0.15833	0.171558	0.190161
3.1	0.472553	0.170058	0.151631	0.205758
3.1	0.43964	0.182703	0.19027	0.187387
3.1	0.482031	0.169141	0.160156	0.188672
3.1	0.503713	0.155631	0.133973	0.206683
3.1	0.45423	0.170933	0.17397	0.200868
3.1	0.466249	0.165847	0.174341	0.193563
3.1	0.444094	0.171654	0.194646	0.189606
3.1	0.464607	0.171686	0.161908	0.201799
3.1	0.484145	0.15708	0.155605	0.203171
3.1	0.482799	0.162599	0.149074	0.205528
3.1	0.491613	0.145376	0.156989	0.206022
3.1	0.495069	0.15286	0.145299	0.206772
3.1	0.500696	0.143334	0.134428	0.221542
3.1	0.500999	0.1666	0.123052	0.209349
3.1	0.490625	0.170313	0.143229	0.195833
3.1	0.488838	0.154221	0.15961	0.197331
3.1	0.488857	0.159768	0.146454	0.20492
3.1	0.491504	0.151657	0.164401	0.192438
3.1	0.485586	0.162162	0.161261	0.190991
3.1	0.495301	0.171679	0.141917	0.191103
3.1	0.420994	0.190282	0.199184	0.18954
3.1	0.420537	0.173891	0.211042	0.19453
3.1	0.499196	0.154692	0.159249	0.186863
3.1	0.468446	0.17995	0.166246	0.185359
3.1	0.447972	0.184533	0.174473	0.193021
3.1	0.482246	0.153592	0.161024	0.203138
3.1	0.484604	0.160893	0.148961	0.205543
3.1	0.490628	0.170526	0.147372	0.191474
3.1	0.467238	0.164468	0.175242	0.193052
3.1	0.473021	0.174084	0.142182	0.210713
3.1	0.484859	0.168151	0.15497	0.19202
3.1	0.453682	0.170494	0.185801	0.190024
3.1	0.496525	0.148988	0.137202	0.217286
3.1	0.494315	0.151107	0.134351	0.220227
3.1	0.449329	0.175382	0.173994	0.201296
3.1	0.462592	0.17066	0.166748	0.2
3.1	0.480824	0.157579	0.160971	0.200626
3.1	0.508933	0.139063	0.140512	0.211492
3.1	0.493535	0.146957	0.165878	0.19363
3.1	0.499779	0.144685	0.154389	0.201147
3.1	0.51004	0.14257	0.157831	0.189558
3.1	0.476287	0.160519	0.169842	0.193352
3.1	0.495116	0.155147	0.141998	0.207739
3.1	0.459033	0.174235	0.163376	0.203356
3.1	0.517807	0.13567	0.1368	0.209723
3.1	0.465326	0.160888	0.17129	0.202497
3.1	0.430737	0.184421	0.194105	0.190737
3.1	0.483355	0.152049	0.169974	0.194622
3.1	0.477768	0.17156	0.145973	0.204698
3.1	0.494377	0.120675	0.147924	0.237024
3.1	0.504779	0.157806	0.150931	0.186483
3.1	0.46252	0.181818	0.161404	0.194258
3.1	0.493256	0.147456	0.127223	0.232066
3.1	0.486593	0.168084	0.151733	0.193591
3.1	0.485957	0.161493	0.156319	0.196231
3.1	0.488901	0.156191	0.159133	0.195774
3.1	0.485422	0.158499	0.170906	0.185174
3.1	0.47392	0.178484	0.149552	0.198044
3.1	0.494062	0.145685	0.155186	0.205067
3.1	0.443118	0.188904	0.179073	0.188904
3.1	0.43311	0.191639	0.185284	0.189967
3.1	0.44004	0.174926	0.186323	0.198712
3.1	0.511298	0.147662	0.137677	0.203363
3.1	0.443721	0.187442	0.169767	0.19907
3.1	0.468719	0.182771	0.15755	0.19096
3.1	0.474134	0.156823	0.170672	0.198371
3.1	0.451829	0.207404	0.159233	0.181534
3.1	0.502302	0.144412	0.156969	0.196316
3.1	0.467429	0.170286	0.162286	0.2
3.1	0.49749	0.153112	0.151606	0.197791
3.1	0.5	0.150142	0.14245	0.207407
3.1	0.430864	0.191533	0.189826	0.187777
3.1	0.485667	0.172667	0.151	0.190667
3.1	0.469538	0.179972	0.145658	0.204832
3.1	0.4846	0.167251	0.151267	0.196881
3.1	0.446399	0.174272	0.191864	0.187466
3.1	0.452465	0.182512	0.172242	0.192782
3.1	0.408617	0.208163	0.203175	0.180045
3.1	0.456046	0.168386	0.167974	0.207594
3.1	0.483568	0.172368	0.138162	0.205902
3.1	0.449588	0.189734	0.162695	0.197984
3.1	0.505854	0.159871	0.142511	0.191764
3.1	0.504166	0.138711	0.157456	0.199667
3.1	0.500796	0.156956	0.135307	0.20694
3.1	0.434255	0.172111	0.18258	0.211055
3.1	0.45106	0.168012	0.179112	0.201816
3.1	0.493708	0.153104	0.14094	0.212248
3.1	0.490596	0.148259	0.164066	0.197079
3.1	0.46606	0.172382	0.160019	0.20154
3.1	0.456272	0.155922	0.164918	0.222889
3.1	0.456376	0.17726	0.15831	0.208054
3.1	0.492825	0.151292	0.154982	0.200902
3.1	0.420914	0.176038	0.200736	0.202312
3.1	0.494267	0.160833	0.130054	0.214846
3.1	0.478883	0.171439	0.149606	0.200072
3.1	0.458866	0.164864	0.16552	0.210751
3.1	0.461973	0.177314	0.161669	0.199044
3.1	0.456203	0.16962	0.155443	0.218734
3.1	0.43148	0.177215	0.183269	0.208035
3.1	0.509874	0.146649	0.126902	0.216575
3.1	0.502056	0.148026	0.134457	0.215461
3.1	0.489449	0.153283	0.153283	0.203986
3.1	0.490986	0.150841	0.139123	0.21905
3.1	0.492222	0.149105	0.136777	0.221896
3.1	0.494355	0.148247	0.135769	0.221628
3.1	0.491964	0.149107	0.134226	0.224702
3.1	0.496058	0.149788	0.132505	0.221649
3.1	0.491698	0.149432	0.134576	0.224294
3.1	0.481771	0.164435	0.167783	0.186012
3.1	0.487269	0.159722	0.164352	0.188657
3.1	0.487267	0.155348	0.139219	0.218166
3.1	0.449032	0.193311	0.183869	0.173788
3.1	0.424824	0.194848	0.199297	0.18103
3.1	0.408416	0.185149	0.214356	0.192079
3.1	0.46281	0.17731	0.158152	0.201728
3.1	0.446363	0.181258	0.181874	0.190506
3.1	0.50208	0.14464	0.12672	0.22656
3.1	0.495868	0.148442	0.129053	0.226637
3.1	0.51348	0.147059	0.142157	0.197304
3.1	0.504849	0.145474	0.134698	0.214978
3.1	0.500918	0.149021	0.148103	0.201958
3.1	0.4761	0.165128	0.165128	0.193645
3.1	0.498022	0.153058	0.156475	0.192446
3.1	0.451708	0.179671	0.163222	0.205399
3.1	0.459349	0.169116	0.171721	0.199814
3.1	0.428496	0.176253	0.196306	0.198945
3.1	0.434202	0.180361	0.203073	0.182365
3.1	0.449135	0.16927	0.167159	0.214436
3.1	0.445646	0.186407	0.189292	0.178655
3.1	0.440094	0.17217	0.172642	0.215094
3.1	0.483001	0.156702	0.167644	0.192653
3.1	0.436586	0.179349	0.185019	0.199045
3.1	0.456154	0.173417	0.17499	0.195438
3.1	0.489391	0.179428	0.146218	0.184963
3.1	0.431963	0.181735	0.194521	0.191781
3.1	0.426785	0.173741	0.20204	0.197433
3.1	0.443111	0.177333	0.178222	0.201333
3.1	0.479418	0.153846	0.156341	0.210395
3.1	0.476882	0.188023	0.140467	0.194628
3.1	0.508576	0.155564	0.131631	0.204228
3.1	0.433463	0.19896	0.176853	0.190724
3.1	0.483013	0.16859	0.151923	0.196474
3.1	0.482884	0.163915	0.139348	0.213854
3.1	0.495387	0.136531	0.150984	0.217097
3.1	0.466033	0.190074	0.147131	0.196762
3.1	0.490683	0.15528	0.138302	0.215735
3.1	0.47502	0.165848	0.157658	0.201474
3.1	0.462156	0.166031	0.167235	0.204577
3.1	0.449156	0.183746	0.175893	0.191205
3.1	0.452853	0.172742	0.177892	0.196513
3.1	0.493707	0.157609	0.157037	0.191648
3.1	0.431935	0.183548	0.187419	0.197097
3.1	0.469091	0.155556	0.189495	0.185859
3.1	0.451407	0.172164	0.192832	0.183597
3.1	0.456916	0.15422	0.191781	0.197084
3.1	0.499038	0.15466	0.147374	0.198928
3.1	0.444157	0.183432	0.181583	0.190828
3.1	0.509621	0.136561	0.148976	0.204842
3.1	0.470039	0.180735	0.151095	0.198131
3.1	0.477855	0.160554	0.157093	0.204498
3.1	0.43119	0.183062	0.18771	0.198038
3.1	0.473191	0.162553	0.160851	0.203404
3.1	0.514268	0.136476	0.120968	0.228288
3.1	0.446586	0.193253	0.180884	0.179277
3.1	0.500104	0.149802	0.15314	0.196954
3.1	0.446075	0.157415	0.18636	0.210151
3.1	0.469207	0.180523	0.1505	0.199769
3.1	0.485932	0.182476	0.141479	0.190113
3.1	0.497087	0.146759	0.143846	0.212309
3.1	0.491554	0.152872	0.148226	0.207348
3.1	0.438857	0.176813	0.193753	0.190577
3.1	0.491469	0.156923	0.146014	0.205594
3.1	0.444766	0.173661	0.165943	0.21563
3.1	0.489516	0.157258	0.140323	0.212903
3.1	0.50416	0.149773	0.136536	0.209531
3.1	0.490854	0.155923	0.155923	0.1973
3.1	0.492723	0.162671	0.154538	0.190068
3.1	0.489663	0.158029	0.157746	0.194562
3.1	0.504697	0.140919	0.137787	0.216597
3.1	0.459954	0.183066	0.157437	0.199542
3.1	0.503376	0.143937	0.139076	0.213611
3.1	0.495458	0.14586	0.14586	0.212821
3.1	0.443341	0.174393	0.208609	0.173657
3.1	0.44249	0.194287	0.184449	0.178774
3.1	0.479326	0.161782	0.154155	0.204737
3.1	0.435683	0.195005	0.193637	0.175676
3.1	0.483065	0.164545	0.168388	0.184002
3.1	0.459022	0.16097	0.193679	0.186329
3.1	0.482843	0.154412	0.176879	0.185866
3.1	0.51326	0.137569	0.145856	0.203315
3.1	0.466945	0.158815	0.180091	0.194149
3.1	0.45512	0.182679	0.16599	0.196211
3.1	0.482001	0.160758	0.164606	0.192635
3.1	0.429194	0.188453	0.186275	0.196078
3.1	0.496344	0.158605	0.144826	0.200225
3.1	0.446271	0.173216	0.181235	0.199278
3.1	0.464887	0.170021	0.155647	0.209446
3.1	0.517591	0.130597	0.138593	0.21322
3.1	0.449171	0.175691	0.18011	0.195028
3.1	0.438826	0.182107	0.1814	0.197666
3.1	0.454132	0.171218	0.180672	0.193978
3.1	0.459472	0.186145	0.150801	0.203582
3.1	0.443009	0.170281	0.190586	0.196124
3.1	0.437696	0.185345	0.181818	0.195141
3.1	0.4188	0.20214	0.178831	0.200229
3.1	0.442637	0.19056	0.187378	0.179424
3.1	0.447447	0.171672	0.186186	0.194695
3.1	0.501654	0.163175	0.140573	0.194598
3.1	0.469253	0.165085	0.167974	0.197689
3.1	0.46569	0.166889	0.161226	0.206196
3.1	0.425067	0.197245	0.195565	0.182124
3.1	0.426149	0.196341	0.188309	0.189201
3.1	0.428916	0.204016	0.180723	0.186345
3.1	0.479885	0.156968	0.162356	0.20079
3.1	0.483442	0.160941	0.142061	0.213556
3.1	0.502001	0.145144	0.124773	0.228083
3.1	0.484796	0.157834	0.149725	0.207646
3.1	0.489455	0.168723	0.14047	0.201353
3.1	0.437346	0.156634	0.207002	0.199017
3.1	0.514217	0.131276	0.132486	0.222021
3.1	0.43777	0.199334	0.187687	0.175208
3.1	0.451585	0.176292	0.173686	0.198437
3.1	0.506194	0.148491	0.150585	0.19473
3.1	0.435784	0.191461	0.184005	0.18875
3.1	0.482371	0.160915	0.169917	0.186797
3.1	0.489191	0.156926	0.160929	0.192954
3.1	0.542024	0.137221	0.102916	0.217839
3.1	0.429503	0.187657	0.180632	0.202208
3.1	0.450943	0.178232	0.176155	0.19467
3.1	0.480192	0.164866	0.162065	0.192877
3.1	0.50534	0.139123	0.134626	0.220911
3.1	0.508417	0.137803	0.13495	0.21883
3.1	0.446405	0.195758	0.182319	0.175518
3.1	0.495593	0.150118	0.132491	0.221798
3.1	0.492573	0.146465	0.136067	0.224896
3.1	0.4545	0.174085	0.184965	0.186449
3.1	0.460618	0.181155	0.16832	0.189907
3.1	0.434879	0.177152	0.190397	0.197572
3.1	0.471184	0.162162	0.163951	0.202703
3.1	0.494953	0.154441	0.149058	0.201548
3.1	0.456362	0.171399	0.177708	0.194532
3.1	0.446981	0.179954	0.17144	0.201625
3.1	0.48444	0.15699	0.151881	0.206688
3.1	0.492114	0.157729	0.131591	0.218567
3.1	0.475057	0.163387	0.15103	0.210526
3.1	0.495287	0.159755	0.130066	0.214892
3.1	0.473998	0.167389	0.161972	0.196641
3.1	0.457293	0.170171	0.157687	0.214849
3.1	0.509007	0.153749	0.13783	0.199413
3.1	0.452194	0.183372	0.170901	0.193533
3.1	0.452436	0.166473	0.181555	0.199536
3.1	0.477371	0.183728	0.161369	0.177532
3.1	0.46292	0.18128	0.177266	0.178534
3.1	0.480422	0.167169	0.152485	0.199925
3.1	0.427975	0.175887	0.200418	0.19572
3.1	0.443124	0.151669	0.199774	0.205433
3.1	0.470049	0.1619	0.166217	0.201835
3.1	0.488567	0.157836	0.150307	0.203291
3.1	0.514336	0.135974	0.133314	0.216376
3.1	0.476855	0.155992	0.170577	0.196576
3.1	0.432576	0.19043	0.17883	0.198163
3.1	0.473289	0.168067	0.159964	0.198679
3.2	0.493161	0.153287	0.146496	0.207056
3.2	0.495491	0.153588	0.144474	0.206447
3.2	0.492244	0.156924	0.143776	0.207056
3.2	0.504451	0.135419	0.140275	0.219854
3.2	0.500236	0.149456	0.144411	0.205896
3.2	0.477332	0.161087	0.171711	0.18987
3.2	0.474384	0.161625	0.174799	0.189192
3.2	0.492143	0.161062	0.151163	0.195632
3.2	0.481053	0.165	0.163289	0.190658
3.2	0.463536	0.16979	0.16821	0.198465
3.2	0.487409	0.158695	0.153287	0.200608
3.2	0.475938	0.16686	0.160906	0.196296
3.2	0.468486	0.170234	0.161005	0.200275
3.2	0.468881	0.177145	0.172321	0.181653
3.2	0.467778	0.167242	0.172007	0.192972
3.2	0.472115	0.170683	0.164978	0.192223
3.2	0.437934	0.208173	0.172706	0.181187
3.2	0.474676	0.169288	0.173682	0.182354
3.2	0.47747	0.162218	0.162392	0.19792
3.2	0.484076	0.149682	0.156449	0.209793
3.2	0.480511	0.169944	0.155226	0.19432
3.2	0.492965	0.1579	0.141883	0.207251
3.2	0.478953	0.166177	0.158223	0.196647
3.2	0.486391	0.176361	0.158464	0.178784
3.2	0.480619	0.167033	0.168778	0.18357
3.2	0.479886	0.163001	0.163921	0.193192
3.2	0.478361	0.17091	0.163388	0.187341
3.2	0.474861	0.171037	0.173198	0.180904
3.2	0.4694	0.170329	0.170624	0.189648
3.2	0.475128	0.162862	0.159966	0.202044
3.2	0.474354	0.170756	0.171494	0.183395
3.2	0.478568	0.169811	0.16865	0.18297
3.2	0.480915	0.163644	0.15911	0.196331
3.2	0.460736	0.185728	0.1652	0.188335
3.2	0.4712	0.17212	0.153204	0.203476
3.2	0.486696	0.164971	0.148352	0.199981
3.2	0.477498	0.164858	0.167411	0.190233
3.2	0.482436	0.161966	0.158159	0.197439
3.2	0.461978	0.177255	0.170997	0.18977
3.2	0.488311	0.15925	0.147621	0.204818
3.2	0.503971	0.138999	0.141183	0.215846
3.2	0.532869	0.105955	0.0916473	0.269528
3.2	0.487412	0.153859	0.151884	0.206845
3.2	0.476085	0.162918	0.172421	0.188576
3.2	0.515646	0.128162	0.123502	0.23269
3.2	0.471875	0.166576	0.173481	0.188067
3.2	0.474777	0.172653	0.167169	0.185401
3.2	0.48461	0.160506	0.156992	0.197892
3.2	0.486401	0.157495	0.157116	0.198988
3.2	0.491005	0.16301	0.156209	0.189776
3.2	0.490055	0.151934	0.136464	0.221547
3.2	0.505639	0.139803	0.140742	0.213816
3.2	0.473806	0.163775	0.164931	0.197488
3.2	0.463155	0.174912	0.18226	0.179673
3.2	0.479288	0.176896	0.155623	0.188193
3.2	0.484664	0.170677	0.155473	0.189186
3.2	0.455609	0.175378	0.178031	0.190981
3.2	0.489522	0.155071	0.151718	0.203688
3.2	0.476561	0.167008	0.160722	0.195709
3.2	0.490428	0.160702	0.156668	0.192202
3.2	0.475202	0.166859	0.166987	0.190952
3.2	0.485844	0.150507	0.166667	0.196982
3.2	0.473483	0.165664	0.16129	0.199563
3.2	0.466107	0.183602	0.159329	0.190962
3.2	0.492171	0.160828	0.157378	0.189623
3.2	0.477644	0.171272	0.156491	0.194593
3.2	0.463193	0.177006	0.149711	0.210091
3.2	0.501022	0.144001	0.143831	0.211145
3.2	0.470863	0.166593	0.164257	0.198287
3.2	0.46977	0.163819	0.164879	0.201532
3.2	0.486056	0.165653	0.150136	0.198155
3.2	0.487363	0.158305	0.157551	0.196781
3.2	0.483397	0.162327	0.160893	0.193383
3.2	0.487454	0.156001	0.1525	0.204046
3.2	0.491341	0.15705	0.164315	0.187294
3.2	0.494104	0.15986	0.149924	0.196113
3.2	0.481516	0.16828	0.152536	0.197668
3.2	0.496076	0.157287	0.148206	0.19843
3.2	0.466143	0.171845	0.17469	0.187322
3.2	0.479579	0.159108	0.169882	0.191431
3.2	0.471475	0.162374	0.159702	0.206449
3.2	0.497881	0.152966	0.144703	0.204449
3.2	0.4697	0.175299	0.170895	0.184106
3.2	0.497684	0.144995	0.136445	0.220876
3.2	0.511226	0.137133	0.125389	0.226252
3.2	0.471986	0.171448	0.173129	0.183438
3.2	0.470535	0.172033	0.173755	0.183678
3.2	0.483509	0.158004	0.153859	0.204628
3.2	0.491195	0.152183	0.158769	0.197853
3.2	0.466002	0.178364	0.170027	0.185608
3.2	0.478034	0.163788	0.1646	0.193578
3.2	0.485083	0.157766	0.159853	0.197299
3.2	0.477491	0.166449	0.171261	0.184799
3.2	0.494629	0.161295	0.14308	0.200996
3.2	0.481603	0.161027	0.168067	0.189303
3.2	0.493585	0.151587	0.152093	0.202735
3.2	0.476712	0.174163	0.15668	0.192446
3.2	0.480086	0.163019	0.163497	0.193398
3.2	0.487518	0.158926	0.150508	0.203048
3.2	0.479327	0.173182	0.164688	0.182803
3.2	0.475889	0.173913	0.162281	0.187916
3.2	0.482302	0.156757	0.168439	0.192502
3.2	0.47502	0.169065	0.167778	0.188136
3.2	0.473018	0.170368	0.171885	0.184729
3.2	0.470166	0.159602	0.172481	0.19775
3.2	0.476373	0.162808	0.162808	0.19801
3.2	0.460457	0.17726	0.176526	0.185756
3.2	0.460086	0.173679	0.175944	0.190291
3.2	0.491494	0.154234	0.154421	0.19985
3.2	0.494421	0.154636	0.159113	0.191831
3.2	0.484444	0.163911	0.153244	0.1984
3.2	0.486842	0.151316	0.158587	0.203255
3.2	0.480773	0.167124	0.1648	0.187302
3.2	0.486343	0.153066	0.157533	0.203058
3.2	0.464212	0.182379	0.171656	0.181753
3.2	0.475213	0.16937	0.166421	0.188996
3.2	0.48016	0.147049	0.178059	0.194732
3.2	0.48237	0.160234	0.154392	0.203004
3.2	0.472436	0.160998	0.164564	0.202002
3.2	0.465768	0.176962	0.173304	0.183966
3.2	0.49847	0.152207	0.144449	0.204873
3.2	0.490676	0.158459	0.150642	0.200223
3.2	0.473785	0.164072	0.172667	0.189476
3.2	0.476299	0.168541	0.161423	0.193737
3.2	0.482612	0.165235	0.160363	0.19179
3.2	0.490732	0.15041	0.158311	0.200547
3.2	0.48258	0.158697	0.161213	0.19751
3.2	0.490713	0.151091	0.147258	0.210938
3.2	0.463742	0.168308	0.158908	0.209042
3.2	0.489293	0.147677	0.142828	0.220202
3.2	0.509162	0.149252	0.129668	0.211918
3.2	0.478445	0.164725	0.162103	0.194728
3.2	0.48771	0.159826	0.156282	0.196182
3.2	0.474553	0.164742	0.170834	0.189872
3.2	0.470286	0.176952	0.169535	0.183227
3.2	0.480765	0.160993	0.173117	0.185125
3.2	0.489865	0.154313	0.157124	0.198698
3.2	0.46505	0.170655	0.169868	0.194427
3.2	0.483177	0.172598	0.15535	0.188874
3.2	0.470053	0.169284	0.175566	0.185097
3.2	0.46234	0.184253	0.165378	0.188028
3.2	0.470189	0.178526	0.167501	0.183784
3.2	0.487741	0.161296	0.149037	0.201926
3.2	0.48106	0.160836	0.164148	0.193956
3.2	0.471825	0.177518	0.161655	0.189002
3.2	0.511318	0.125303	0.136621	0.226758
3.2	0.46875	0.162216	0.172869	0.196165
3.2	0.437459	0.185993	0.18013	0.196417
3.2	0.459885	0.184283	0.165526	0.190307
3.2	0.487703	0.154024	0.162106	0.196167
3.2	0.47928	0.16443	0.159858	0.196431
3.2	0.484162	0.153591	0.169061	0.193186
3.2	0.482486	0.162904	0.165128	0.189481
3.2	0.480339	0.162081	0.166982	0.190598
3.2	0.493473	0.147084	0.15198	0.207463
3.2	0.478002	0.161637	0.170988	0.189373
3.2	0.488368	0.160865	0.148985	0.201782
3.2	0.480187	0.169648	0.15699	0.193176
3.2	0.487992	0.160896	0.153381	0.197731
3.2	0.470522	0.166991	0.164561	0.197927
3.2	0.465465	0.17712	0.164424	0.192991
3.2	0.479311	0.160661	0.167195	0.192833
3.2	0.503297	0.126455	0.140225	0.230023
3.2	0.493329	0.14342	0.131595	0.231656
3.2	0.493021	0.157264	0.140358	0.209357
3.2	0.49773	0.146065	0.151867	0.204339
3.2	0.481868	0.162361	0.160702	0.19507
3.2	0.487505	0.140715	0.154748	0.217032
3.2	0.474153	0.16333	0.175649	0.186868
3.2	0.492995	0.157968	0.148161	0.200876
3.2	0.482045	0.16375	0.163636	0.190568
3.2	0.487973	0.160252	0.160596	0.19118
3.2	0.504682	0.140637	0.147753	0.206929
3.2	0.481826	0.157555	0.16116	0.199459
3.2	0.495713	0.149328	0.147757	0.207202
3.2	0.460364	0.159527	0.171344	0.208764
3.2	0.474817	0.173783	0.162442	0.188959
3.2	0.475761	0.168833	0.156905	0.198501
3.2	0.479025	0.165572	0.164905	0.190497
3.2	0.473474	0.171127	0.166549	0.18885
3.2	0.474237	0.155196	0.174842	0.195725
3.2	0.475271	0.173968	0.162035	0.188727
3.2	0.485127	0.153777	0.163692	0.197404
3.2	0.487805	0.159938	0.148936	0.203321
3.2	0.465828	0.169916	0.178721	0.185535
3.2	0.497321	0.145919	0.151278	0.205482
3.2	0.494188	0.149837	0.152924	0.203051
3.2	0.478186	0.162313	0.165184	0.194317
3.2	0.49054	0.154834	0.145808	0.208818
3.2	0.479986	0.157227	0.165878	0.196909
3.2	0.500177	0.146372	0.138938	0.214513
3.2	0.475245	0.173863	0.16753	0.183362
3.2	0.471594	0.164738	0.16612	0.197548
3.2	0.483596	0.160385	0.159044	0.196975
3.2	0.493034	0.159019	0.136913	0.211035
3.2	0.485378	0.157322	0.162819	0.194481
3.2	0.479702	0.166544	0.163121	0.190633
3.2	0.474778	0.163008	0.16546	0.196754
3.2	0.47486	0.162226	0.161581	0.201332
3.2	0.470597	0.172679	0.17048	0.186244
3.2	0.482267	0.155409	0.159508	0.202816
3.2	0.472752	0.163759	0.172955	0.190534
3.2	0.476742	0.171019	0.152516	0.199723
3.2	0.483805	0.161952	0.162245	0.191998
3.2	0.468886	0.162664	0.171397	0.197052
3.2	0.469829	0.16533	0.149285	0.215556
3.2	0.488387	0.159824	0.158945	0.192844
3.2	0.464567	0.167765	0.172907	0.194761
3.2	0.480044	0.165731	0.167134	0.187091
3.2	0.486356	0.157737	0.156739	0.199168
3.2	0.461376	0.174219	0.163653	0.200751
3.2	0.488435	0.158428	0.149715	0.203422
3.2	0.466753	0.173085	0.175665	0.184498
3.2	0.464194	0.17679	0.174311	0.184705
3.2	0.482468	0.158455	0.164447	0.194629
3.2	0.49755	0.144553	0.141726	0.21617
3.2	0.48028	0.168179	0.167191	0.18435
3.2	0.489821	0.157398	0.152185	0.200596
3.2	0.485037	0.162692	0.157375	0.194896
3.2	0.492066	0.144054	0.152255	0.211624
3.2	0.480501	0.166643	0.150525	0.202331
3.2	0.481127	0.155568	0.168374	0.194931
3.2	0.479038	0.169416	0.160596	0.190951
3.2	0.475523	0.168923	0.172048	0.183505
3.2	0.490682	0.160373	0.162661	0.186284
3.2	0.483613	0.166667	0.159045	0.190676
3.2	0.466082	0.167154	0.165044	0.20172
3.2	0.46868	0.167207	0.170951	0.193162
3.2	0.503013	0.132855	0.135438	0.228694
3.2	0.482704	0.160482	0.170545	0.186268
3.2	0.490906	0.152029	0.144567	0.212498
3.2	0.472343	0.169497	0.167432	0.190728
3.2	0.485741	0.156112	0.157719	0.200428
3.2	0.517585	0.131383	0.13933	0.211701
3.2	0.479048	0.174579	0.154673	0.191699
3.2	0.472739	0.163445	0.171623	0.192193
3.2	0.474631	0.16121	0.162933	0.201225
3.2	0.48548	0.146908	0.145883	0.221729
3.2	0.476415	0.161615	0.173446	0.188525
3.2	0.492552	0.159799	0.15709	0.190559
3.2	0.473646	0.171913	0.169645	0.184795
3.2	0.468747	0.172608	0.170534	0.188111
3.2	0.479585	0.174345	0.163974	0.182096
3.2	0.479038	0.149301	0.166106	0.205555
3.2	0.479937	0.155362	0.158646	0.206055
3.2	0.477154	0.166053	0.173796	0.182996
3.2	0.481556	0.146398	0.161671	0.210375
3.2	0.467177	0.172159	0.168007	0.192657
3.2	0.472719	0.17385	0.168806	0.184625
3.2	0.491696	0.162883	0.147341	0.19808
3.2	0.478726	0.159892	0.167073	0.194309
3.2	0.467085	0.167534	0.170762	0.194619
3.2	0.470588	0.16389	0.16814	0.197382
3.2	0.495259	0.159649	0.151143	0.193949
3.2	0.479968	0.165694	0.160056	0.194282
3.2	0.506961	0.15406	0.137123	0.201856
3.2	0.501085	0.142595	0.145767	0.210553
3.2	0.470856	0.17378	0.164197	0.191168
3.2	0.48398	0.159501	0.164278	0.19224
3.2	0.476647	0.165425	0.162942	0.194986
3.2	0.469804	0.166471	0.172157	0.191569
3.2	0.494523	0.153997	0.14566	0.20582
3.2	0.486222	0.160375	0.158033	0.195371
3.2	0.491494	0.156897	0.161305	0.190304
3.2	0.484505	0.166865	0.161303	0.187326
3.2	0.470677	0.172016	0.166359	0.190949
3.2	0.487841	0.151253	0.164333	0.196573
3.2	0.471769	0.169923	0.170281	0.188027
3.2	0.478531	0.158277	0.168582	0.19461
3.2	0.481355	0.166293	0.153116	0.199236
3.2	0.478682	0.165461	0.163922	0.191935
3.2	0.474369	0.163791	0.172293	0.189547
3.2	0.483123	0.151469	0.1555	0.209908
3.2	0.494775	0.149189	0.150811	0.205225
3.2	0.463365	0.177147	0.16713	0.192358
3.2	0.486949	0.166157	0.148335	0.19856
3.2	0.471403	0.165827	0.16259	0.20018
3.2	0.483368	0.151767	0.158004	0.206861
3.2	0.504033	0.141923	0.140397	0.213647
3.2	0.473254	0.170597	0.161509	0.194639
3.2	0.481651	0.16268	0.158481	0.197188
3.2	0.475726	0.176677	0.159785	0.187813
3.2	0.476323	0.168738	0.164238	0.190701
3.2	0.544947	0.0898946	0.0812151	0.283943
3.2	0.488511	0.157047	0.147096	0.207346
3.2	0.470302	0.177598	0.16227	0.189831
3.2	0.477918	0.163093	0.170048	0.188942
3.2	0.482085	0.161774	0.163212	0.19293
3.2	0.477205	0.170921	0.154198	0.197676
3.2	0.468335	0.179523	0.167764	0.184378
3.2	0.471822	0.163465	0.170189	0.194524
3.2	0.490732	0.151291	0.152148	0.205829
3.2	0.477914	0.16089	0.163948	0.197248
3.2	0.490647	0.156547	0.153525	0.199281
3.2	0.471632	0.162077	0.174459	0.191831
3.2	0.477347	0.162963	0.168303	0.191387
3.2	0.48092	0.156388	0.157581	0.205111
3.2	0.481026	0.166551	0.163876	0.188547
3.2	0.484911	0.161568	0.154516	0.199004
3.2	0.471644	0.170134	0.169064	0.189157
3.2	0.495512	0.148196	0.151493	0.204799
3.2	0.479299	0.156688	0.161783	0.202229
3.2	0.49231	0.158506	0.150973	0.198211
3.2	0.482925	0.168449	0.156723	0.191902
3.2	0.479385	0.164919	0.161582	0.194113
3.2	0.477711	0.164208	0.164694	0.193386
3.2	0.491483	0.153964	0.153855	0.200699
3.2	0.562718	0.0696864	0.0705575	0.297038
3.2	0.494915	0.156331	0.14337	0.205384
3.2	0.488601	0.156627	0.157368	0.197405
3.2	0.476418	0.165351	0.158745	0.199486
3.2	0.474582	0.171014	0.171349	0.183055
3.2	0.476012	0.176927	0.158486	0.188575
3.2	0.494195	0.151703	0.153444	0.200658
3.2	0.479678	0.168608	0.170116	0.181597
3.2	0.478807	0.171907	0.162249	0.187037
3.2	0.465491	0.159194	0.164736	0.210579
3.2	0.494401	0.149062	0.148154	0.208384
3.2	0.476178	0.168381	0.159854	0.195587
3.2	0.480246	0.171416	0.157275	0.191062
3.2	0.488401	0.160856	0.155855	0.194888
3.2	0.466731	0.167554	0.175659	0.190056
3.2	0.47755	0.171077	0.161562	0.189811
3.2	0.488447	0.159803	0.151224	0.200526
3.2	0.474708	0.168557	0.171951	0.184784
3.2	0.471349	0.173157	0.171558	0.183936
3.2	0.479403	0.168581	0.167118	0.184898
3.2	0.479074	0.164101	0.164443	0.192382
3.2	0.474743	0.160914	0.1648	0.199543
3.2	0.477464	0.164035	0.163228	0.195274
3.2	0.489228	0.154675	0.149593	0.206504
3.2	0.489781	0.150835	0.156736	0.202648
3.2	0.502909	0.141916	0.149051	0.206124
3.2	0.471901	0.161295	0.173416	0.193388
3.2	0.461158	0.176965	0.168866	0.193011
3.2	0.48557	0.157046	0.15766	0.199724
3.2	0.48752	0.150117	0.162148	0.200215
3.2	0.480305	0.162492	0.165192	0.19201
3.2	0.485652	0.166396	0.148168	0.199783
3.2	0.479523	0.168358	0.164708	0.187411
3.2	0.48271	0.151588	0.155609	0.210092
3.2	0.497407	0.148932	0.143746	0.209915
3.2	0.477455	0.157075	0.170684	0.194786
3.2	0.468173	0.169267	0.164246	0.198315
3.2	0.47305	0.171167	0.168047	0.187735
3.2	0.456412	0.170806	0.166244	0.206538
3.2	0.470806	0.163303	0.166692	0.199199
3.2	0.473294	0.164269	0.170866	0.191571
3.2	0.476197	0.164215	0.164349	0.195239
3.2	0.481481	0.175439	0.150097	0.192982
3.2	0.496663	0.141873	0.138644	0.22282
3.2	0.491364	0.164158	0.149263	0.195215
3.2	0.480964	0.15759	0.158795	0.202651
3.2	0.478366	0.163959	0.166237	0.191438
3.2	0.474452	0.174227	0.1584	0.192921
3.2	0.473629	0.171941	0.16305	0.19138
3.2	0.472624	0.171806	0.17296	0.18261
3.2	0.470907	0.17126	0.153828	0.204005
3.2	0.488777	0.149444	0.161982	0.199798
3.2	0.48291	0.152623	0.161396	0.203071
3.2	0.478307	0.167513	0.163704	0.190476
3.2	0.485643	0.157798	0.158061	0.198498
3.2	0.487744	0.15908	0.155328	0.197849
3.2	0.476963	0.167224	0.165314	0.190499
3.2	0.481983	0.15625	0.166295	0.195472
3.2	0.47182	0.177935	0.1646	0.185644
3.2	0.493059	0.157551	0.151196	0.198194
3.2	0.480438	0.156886	0.152582	0.210094
3.2	0.479452	0.163505	0.153671	0.203372
3.2	0.46989	0.173436	0.17174	0.184934
3.2	0.473757	0.166762	0.165958	0.193522
3.2	0.481218	0.159186	0.172952	0.186644
3.2	0.474844	0.169907	0.170732	0.184517
3.2	0.459987	0.177001	0.169921	0.193092
3.2	0.487397	0.157806	0.150604	0.204194
3.2	0.473031	0.166121	0.161468	0.19938
3.2	0.5	0.146504	0.148861	0.204635
3.2	0.487451	0.138768	0.151836	0.221946
3.2	0.502446	0.146401	0.144654	0.206499
3.2	0.470042	0.169531	0.152346	0.208082
3.2	0.496142	0.140377	0.144235	0.219246
3.2	0.48303	0.169084	0.155739	0.192147
3.2	0.484391	0.144861	0.147317	0.22343
3.2	0.476034	0.171429	0.164568	0.18797
3.2	0.452264	0.190944	0.170235	0.186557
3.2	0.488782	0.150751	0.149082	0.211385
3.2	0.494477	0.160326	0.148499	0.196698
3.2	0.490614	0.146331	0.15209	0.210964
3.2	0.487622	0.154689	0.149587	0.208102
3.2	0.480852	0.156052	0.164858	0.198239
3.2	0.491755	0.155891	0.146561	0.205793
3.2	0.493779	0.152295	0.155584	0.198341
3.2	0.494632	0.152383	0.147109	0.205877
3.2	0.498135	0.153976	0.147831	0.200059
3.2	0.473463	0.155907	0.175427	0.195203
3.2	0.480462	0.162837	0.16517	0.191532
3.2	0.47007	0.169333	0.164839	0.195758
3.2	0.483368	0.157627	0.162321	0.196684
3.2	0.45939	0.173959	0.180824	0.185827
3.2	0.483116	0.156733	0.168735	0.191416
3.2	0.481603	0.1602	0.1602	0.197996
3.2	0.488795	0.152515	0.161728	0.196962
