alpha	0.515895	0.127611	0.138056	0.218438
alpha	0.546942	0.0993396	0.0993396	0.254378
alpha	0.53016	0.119186	0.107558	0.243096
alpha	0.534483	0.113793	0.108777	0.242947
alpha	0.53503	0.123054	0.110778	0.231138
alpha	0.500098	0.150333	0.145727	0.203842
alpha	0.524638	0.12029	0.121377	0.233696
alpha	0.556052	0.0964716	0.0844127	0.263064
alpha	0.531208	0.100135	0.107768	0.260889
alpha	0.555305	0.0984199	0.0880361	0.258239
alpha	0.539432	0.0959892	0.1032	0.261379
alpha	0.529396	0.122087	0.110434	0.238083
alpha	0.535574	0.0991597	0.0952381	0.270028
alpha	0.505422	0.130463	0.13605	0.228064
alpha	0.520073	0.135457	0.121471	0.222999
alpha	0.522365	0.127894	0.126321	0.223421
alpha	0.501354	0.137718	0.144294	0.216634
alpha	0.550607	0.107866	0.0989011	0.242626
alpha	0.499448	0.153793	0.141379	0.205379
alpha	1	0	0	0
alpha	0.500149	0.154896	0.144536	0.200418
alpha	0.501528	0.151797	0.134624	0.212051
alpha	0.512355	0.140379	0.129338	0.217928
alpha	0.518795	0.13517	0.117662	0.228373
alpha	0.518964	0.121795	0.125	0.234241
alpha	0.53677	0.11486	0.115997	0.232373
alpha	0.511339	0.127086	0.12623	0.235344
alpha	0.546554	0.0785973	0.0961306	0.278718
alpha	0.500663	0.144914	0.155238	0.199185
alpha	0.53808	0.125697	0.0965944	0.239628
alpha	0.526125	0.121822	0.118469	0.233585
alpha	0.506667	0.145263	0.12655	0.22152
alpha	0.510425	0.127328	0.130108	0.232138
alpha	0.506398	0.146231	0.135063	0.212308
alpha	0.508754	0.142765	0.135814	0.212667
alpha	0.541328	0.110772	0.116192	0.231707
alpha	0.495303	0.142613	0.130231	0.231853
alpha	0.506735	0.135664	0.132777	0.224824
alpha	0.541564	0.102069	0.113294	0.243073
alpha	0.505829	0.146256	0.135561	0.212354
alpha	0.51963	0.125866	0.12856	0.225943
alpha	0.523475	0.11639	0.123981	0.236154
alpha	0.495267	0.144642	0.1507	0.20939
alpha	0.49889	0.140282	0.162213	0.198615
alpha	0.540686	0.122479	0.111695	0.22514
alpha	0.533133	0.103414	0.101908	0.261546
alpha	0.56456	0.0891819	0.0837534	0.262505
alpha	0.534315	0.117844	0.11617	0.231671
alpha	0.514517	0.130264	0.12451	0.230709
alpha	0.504443	0.131664	0.137318	0.226575
alpha	0.529313	0.11738	0.126848	0.226459
alpha	0.530221	0.114139	0.109282	0.246357
alpha	0.521025	0.121423	0.117193	0.240358
alpha	0.531443	0.119909	0.123819	0.224829
alpha	0.518712	0.124021	0.119669	0.237598
alpha	0.531499	0.111875	0.111513	0.245112
alpha	0.529989	0.123673	0.125	0.221338
alpha	0.495238	0.151984	0.142857	0.209921
alpha	0.53714	0.104767	0.113719	0.244375
alpha	0.540934	0.0992137	0.114246	0.245606
alpha	0.530719	0.120444	0.12218	0.226657
alpha	0.523253	0.112225	0.139794	0.224728
alpha	0.522122	0.107676	0.133795	0.236407
alpha	0.515764	0.129076	0.121261	0.233899
alpha	0.518004	0.129115	0.122171	0.23071
alpha	0.523468	0.117162	0.115371	0.243999
alpha	0.494936	0.150939	0.158226	0.195899
alpha	0.568724	0.0962963	0.0814815	0.253498
alpha	0.512481	0.140318	0.128215	0.218986
alpha	0.514544	0.134197	0.127353	0.223906
alpha	0.495071	0.146039	0.148229	0.210661
alpha	0.490385	0.147559	0.151997	0.210059
alpha	0.517385	0.138322	0.134543	0.209751
alpha	0.522312	0.122822	0.114747	0.240119
alpha	0.510189	0.122264	0.118868	0.248679
alpha	0.518426	0.120532	0.13217	0.228872
alpha	0.520064	0.11557	0.117978	0.246388
alpha	0.530745	0.120921	0.115424	0.23291
alpha	0.476799	0.169081	0.172476	0.181643
alpha	0.502707	0.146189	0.131195	0.219908
alpha	0.543649	0.102406	0.11108	0.242865
alpha	0.495703	0.139844	0.14375	0.220703
alpha	0.530424	0.108687	0.122954	0.237935
alpha	0.561759	0.094285	0.103766	0.24019
alpha	0.535342	0.114897	0.107294	0.242467
alpha	0.504995	0.137983	0.132516	0.224505
alpha	0.553881	0.0863014	0.108676	0.251142
alpha	0.496815	0.137155	0.151168	0.214862
alpha	0.518895	0.130204	0.134322	0.21658
alpha	0.506396	0.148307	0.148534	0.196762
alpha	0.552036	0.0969619	0.105365	0.245637
alpha	0.48858	0.157564	0.141013	0.212843
alpha	0.506687	0.141001	0.138326	0.213985
alpha	0.508099	0.145307	0.138399	0.208194
alpha	0.493779	0.15444	0.135135	0.216645
alpha	0.497044	0.150177	0.130469	0.22231
alpha	0.535703	0.110791	0.11015	0.243356
alpha	0.522482	0.123801	0.116906	0.236811
alpha	0.519765	0.133726	0.120269	0.226241
alpha	0.530697	0.124557	0.105077	0.239669
alpha	0.517688	0.116911	0.131148	0.234254
alpha	0.515129	0.122163	0.13351	0.229198
alpha	0.484841	0.169232	0.161925	0.184002
alpha	0.524327	0.107613	0.127647	0.240412
alpha	0.55814	0.0830565	0.0963455	0.262458
alpha	0.51352	0.119643	0.137755	0.229082
alpha	0.564267	0.0661954	0.0829049	0.286632
alpha	0.498661	0.150893	0.135268	0.215179
alpha	0.496044	0.14557	0.140823	0.217563
alpha	0.534468	0.110883	0.103843	0.250807
alpha	0.532294	0.110802	0.105512	0.251392
alpha	0.523088	0.118787	0.109623	0.248502
alpha	0.499083	0.151694	0.151115	0.198109
alpha	0.545138	0.0966107	0.097561	0.260691
alpha	0.52951	0.108063	0.114298	0.24813
alpha	0.507391	0.142239	0.144312	0.206057
alpha	0.54204	0.106274	0.0883483	0.263338
alpha	0.542298	0.104948	0.0917797	0.260974
alpha	0.478205	0.166228	0.160205	0.195362
alpha	0.507064	0.147567	0.133438	0.211931
alpha	0.527152	0.130132	0.112583	0.230132
alpha	0.491148	0.150648	0.144009	0.214195
alpha	0.505359	0.129019	0.137263	0.228359
alpha	0.49027	0.155097	0.145513	0.20912
alpha	0.520735	0.125267	0.112869	0.241129
alpha	0.530729	0.115815	0.114176	0.239279
alpha	0.560664	0.0758294	0.0824645	0.281043
alpha	0.535643	0.116687	0.116687	0.230984
alpha	0.521299	0.129059	0.128638	0.221004
alpha	0.527328	0.125496	0.114504	0.232672
alpha	0.506741	0.122734	0.143189	0.227336
alpha	0.52038	0.131793	0.128533	0.219293
alpha	0.519649	0.140176	0.122215	0.217961
alpha	0.508973	0.13498	0.129519	0.226528
alpha	0.51763	0.136584	0.130423	0.215362
alpha	0.522985	0.118507	0.126567	0.23194
alpha	0.484764	0.15991	0.167925	0.187401
alpha	0.509319	0.118296	0.133511	0.238874
alpha	0.523868	0.108527	0.119135	0.24847
alpha	0.506301	0.144729	0.135745	0.213225
alpha	0.508107	0.13502	0.143658	0.213214
alpha	0.561366	0.0757737	0.0843116	0.278549
alpha	0.51984	0.131213	0.135304	0.213643
alpha	0.553258	0.0988218	0.0884828	0.259437
alpha	0.547347	0.101902	0.0940941	0.256657
alpha	0.524384	0.131473	0.121418	0.222725
alpha	0.518285	0.132093	0.128941	0.220681
alpha	0.537782	0.10517	0.110915	0.246133
alpha	0.521096	0.124055	0.119332	0.235516
alpha	0.526298	0.1167	0.130178	0.226824
alpha	0.521936	0.13759	0.111432	0.229042
alpha	0.526036	0.11716	0.123964	0.23284
alpha	0.529754	0.108021	0.103816	0.258409
alpha	0.53363	0.129185	0.115556	0.22163
alpha	0.50177	0.145575	0.129204	0.223451
alpha	0.515513	0.131265	0.136379	0.216843
alpha	0.526252	0.13024	0.129019	0.214489
alpha	0.49983	0.151752	0.136101	0.212317
alpha	0.51831	0.130767	0.124135	0.226788
alpha	0.533771	0.118199	0.106942	0.241088
alpha	0.525328	0.125764	0.121834	0.227074
alpha	0.522644	0.124847	0.122399	0.23011
alpha	0.524042	0.128362	0.110432	0.237164
alpha	0.50183	0.150603	0.149248	0.198319
alpha	0.500815	0.141502	0.154393	0.203289
alpha	0.494828	0.149975	0.156155	0.199041
alpha	0.494627	0.145002	0.153688	0.206683
alpha	0.526079	0.118135	0.109154	0.246632
alpha	0.513821	0.134727	0.128223	0.223229
alpha	0.530033	0.119802	0.111551	0.238614
alpha	0.522551	0.127916	0.123639	0.225894
alpha	0.527173	0.128984	0.126894	0.216948
alpha	0.529644	0.11432	0.120705	0.23533
alpha	0.526429	0.132416	0.116505	0.224649
alpha	0.517812	0.122706	0.106513	0.252969
alpha	0.516034	0.127426	0.123629	0.232911
alpha	0.519391	0.12722	0.117434	0.235955
alpha	0.542873	0.103116	0.1067	0.247312
alpha	0.509627	0.132439	0.135939	0.221995
alpha	0.519561	0.142073	0.113933	0.224434
alpha	0.521479	0.1346	0.125228	0.218693
alpha	0.52033	0.115793	0.126105	0.237773
alpha	0.518182	0.117555	0.126332	0.237931
alpha	0.504787	0.145054	0.123876	0.226284
alpha	0.521469	0.118855	0.126633	0.233043
alpha	0.538331	0.108911	0.113154	0.239604
alpha	0.551768	0.107955	0.0978535	0.242424
alpha	0.52783	0.119387	0.123689	0.229094
alpha	0.52527	0.126348	0.114555	0.233827
alpha	0.514527	0.130272	0.123087	0.232115
alpha	0.540616	0.087395	0.107003	0.264986
alpha	0.565611	0.0685197	0.0620556	0.303814
alpha	0.551228	0.0784901	0.0820851	0.288197
alpha	0.502607	0.149114	0.13243	0.21585
alpha	0.529557	0.111056	0.126391	0.232995
alpha	0.498133	0.150361	0.123226	0.22828
alpha	0.519405	0.112854	0.134049	0.233691
alpha	0.519525	0.137613	0.114964	0.227898
alpha	0.550911	0.0846731	0.0744909	0.289925
alpha	0.521643	0.112164	0.114376	0.251817
alpha	0.509768	0.139329	0.133432	0.217471
alpha	0.520339	0.120678	0.133559	0.225424
alpha	0.532046	0.137302	0.109681	0.220971
alpha	0.507761	0.155552	0.128262	0.208426
alpha	0.526604	0.121251	0.121574	0.230571
alpha	0.532123	0.109218	0.110615	0.248045
alpha	0.526611	0.120448	0.115355	0.237586
alpha	0.550933	0.0968436	0.08967	0.262554
alpha	0.519839	0.133939	0.135508	0.210715
alpha	0.535803	0.105807	0.113288	0.245102
alpha	0.505506	0.145569	0.138542	0.210383
alpha	0.514834	0.126266	0.132055	0.226845
alpha	0.499507	0.136274	0.142928	0.221291
alpha	0.538462	0.110594	0.11032	0.240624
alpha	0.51033	0.144725	0.139335	0.205609
alpha	0.536522	0.114201	0.105673	0.243604
alpha	0.545485	0.106527	0.104836	0.243152
alpha	0.530366	0.113561	0.116889	0.239185
alpha	0.51595	0.128641	0.111304	0.244105
alpha	0.510448	0.113859	0.128358	0.247335
alpha	0.538678	0.100519	0.107679	0.253124
alpha	0.55266	0.109262	0.110795	0.227283
alpha	0.534296	0.0806258	0.110108	0.27497
alpha	0.528594	0.123132	0.118496	0.229778
alpha	0.512002	0.146353	0.121184	0.220461
alpha	0.532011	0.111898	0.107082	0.249008
alpha	0.538395	0.107276	0.101237	0.253092
alpha	0.531409	0.123096	0.110406	0.235089
alpha	0.528988	0.1133	0.121258	0.236453
alpha	0.512096	0.131775	0.138404	0.217725
alpha	0.512305	0.147664	0.126947	0.213084
alpha	0.489287	0.146474	0.152707	0.211531
alpha	0.566372	0.0747007	0.0801666	0.278761
alpha	1	0	0	0
alpha	0.490407	0.147432	0.153778	0.208383
alpha	0.508843	0.139501	0.136553	0.215103
alpha	0.539574	0.111492	0.11758	0.231355
alpha	0.505341	0.140214	0.153001	0.201444
alpha	0.542323	0.10794	0.103346	0.246391
alpha	0.534684	0.119705	0.108349	0.237262
alpha	0.538962	0.103321	0.10267	0.255047
alpha	0.521011	0.135201	0.117844	0.225944
alpha	0.51541	0.128497	0.11522	0.240872
alpha	0.518511	0.132696	0.12604	0.222754
alpha	0.526581	0.121107	0.12268	0.229632
alpha	0.515061	0.131295	0.131754	0.22189
alpha	0.490845	0.133619	0.155824	0.219712
alpha	0.49594	0.153363	0.163475	0.187222
alpha	0.495139	0.14152	0.133958	0.229384
alpha	0.498654	0.155114	0.137618	0.208614
alpha	0.514116	0.115899	0.121842	0.248143
alpha	0.5248	0.104	0.1136	0.2576
alpha	0.499655	0.145934	0.161268	0.193143
alpha	0.529498	0.123964	0.129937	0.216602
alpha	0.515683	0.123309	0.132841	0.228167
alpha	0.494982	0.153055	0.149547	0.202415
alpha	0.527469	0.118644	0.122735	0.231151
alpha	0.499006	0.131396	0.155489	0.214108
alpha	0.514069	0.132764	0.14043	0.212736
alpha	0.519408	0.127961	0.119079	0.233553
alpha	0.520801	0.135283	0.116672	0.227244
alpha	0.563252	0.0769601	0.0764791	0.283309
alpha	0.561845	0.0786164	0.0728512	0.286688
alpha	0.580645	0.0554839	0.056129	0.307742
alpha	0.542098	0.102656	0.10896	0.246285
alpha	0.520436	0.137602	0.123127	0.218835
alpha	0.483966	0.149281	0.158128	0.208625
alpha	0.521884	0.133682	0.118459	0.225975
alpha	0.521943	0.120603	0.125293	0.232161
alpha	0.488	0.138333	0.156667	0.217
alpha	0.51239	0.137068	0.124419	0.226123
alpha	0.529789	0.114347	0.116484	0.23938
alpha	0.556537	0.0830389	0.0883392	0.272085
alpha	0.517785	0.125707	0.126516	0.229992
alpha	0.517489	0.13154	0.121076	0.229895
alpha	0.489191	0.16189	0.166467	0.182452
alpha	0.516734	0.124377	0.124377	0.234512
alpha	0.482965	0.166473	0.170849	0.179713
alpha	0.535786	0.115423	0.118448	0.230343
alpha	0.495656	0.151788	0.164321	0.188235
alpha	0.50664	0.121221	0.141565	0.230574
alpha	0.510028	0.12856	0.143803	0.217609
alpha	0.523001	0.12226	0.116703	0.238036
alpha	0.525489	0.117987	0.112536	0.243988
alpha	0.508278	0.142798	0.132036	0.216887
alpha	0.537669	0.10813	0.11355	0.24065
alpha	0.540576	0.0886918	0.11796	0.252772
alpha	0.525519	0.109977	0.110635	0.253869
alpha	0.536019	0.10938	0.105263	0.249338
alpha	0.527732	0.112867	0.10843	0.250971
alpha	0.516872	0.126406	0.128816	0.227906
alpha	0.504754	0.149815	0.146621	0.19881
alpha	0.539653	0.118649	0.106568	0.23513
alpha	0.534899	0.109494	0.121733	0.233874
alpha	0.49803	0.140268	0.146572	0.21513
alpha	0.54321	0.103704	0.114638	0.238448
alpha	0.514414	0.118787	0.119284	0.247515
alpha	0.492716	0.143444	0.1483	0.21554
alpha	0.488979	0.148053	0.155033	0.207935
alpha	0.520934	0.115969	0.113746	0.249352
alpha	0.539344	0.103203	0.10518	0.252274
alpha	0.530991	0.119535	0.110681	0.238794
alpha	0.532832	0.112517	0.118331	0.23632
alpha	0.533702	0.116834	0.109229	0.240235
alpha	0.504013	0.12199	0.144061	0.229936
alpha	0.548477	0.104655	0.099405	0.247462
alpha	0.519698	0.127577	0.121164	0.231562
alpha	0.52416	0.120801	0.140247	0.214791
alpha	0.511173	0.138734	0.120112	0.229981
alpha	0.538641	0.113736	0.102654	0.244969
alpha	0.513091	0.135273	0.130182	0.221455
alpha	0.537193	0.10705	0.112549	0.243208
alpha	0.502472	0.142059	0.15216	0.20331
alpha	0.492178	0.14731	0.159635	0.200877
alpha	0.480331	0.162094	0.162975	0.194601
alpha	0.494898	0.144388	0.152551	0.208163
alpha	0.504689	0.151115	0.139431	0.204766
alpha	0.534884	0.122435	0.117647	0.225034
alpha	0.493044	0.162923	0.158733	0.1853
alpha	0.509141	0.138504	0.140166	0.212188
alpha	0.493126	0.136035	0.133502	0.237337
alpha	0.482353	0.138914	0.144796	0.233937
alpha	0.503292	0.161317	0.132922	0.202469
alpha	0.510321	0.120991	0.136869	0.23182
alpha	0.507949	0.141494	0.118045	0.232512
alpha	0.502709	0.150757	0.148127	0.198406
alpha	0.5253	0.128645	0.117925	0.22813
alpha	0.538535	0.116397	0.0967333	0.248335
alpha	0.53882	0.108964	0.10963	0.242586
alpha	0.517734	0.136277	0.138043	0.207947
alpha	0.51376	0.143182	0.126836	0.216222
alpha	0.526578	0.123842	0.125125	0.224455
alpha	0.532895	0.10754	0.118168	0.241397
alpha	0.542796	0.0924731	0.0954839	0.269247
alpha	0.522758	0.127121	0.117425	0.232696
alpha	0.528455	0.111682	0.117672	0.242191
alpha	0.524667	0.122161	0.122553	0.230619
alpha	0.496435	0.151173	0.154415	0.197977
alpha	0.50152	0.140012	0.150806	0.207662
alpha	0.511243	0.145503	0.135582	0.207672
alpha	0.512433	0.139059	0.144797	0.203711
alpha	0.539945	0.110193	0.107044	0.242818
alpha	0.533832	0.11215	0.0975701	0.256449
alpha	0.526657	0.10915	0.110591	0.253602
alpha	0.53499	0.10325	0.11587	0.245889
alpha	0.485937	0.16369	0.164702	0.18567
alpha	0.538883	0.113738	0.105858	0.241521
alpha	0.523901	0.130895	0.125441	0.219763
alpha	0.527925	0.123245	0.106396	0.242434
alpha	0.517906	0.129477	0.123967	0.22865
alpha	0.537431	0.128434	0.10886	0.225275
alpha	0.550889	0.106319	0.0991298	0.243663
alpha	0.5215	0.135535	0.123495	0.21947
alpha	0.506141	0.127377	0.148574	0.217908
alpha	0.509036	0.131239	0.130379	0.229346
alpha	0.520331	0.128187	0.144039	0.207443
alpha	0.537698	0.113559	0.110456	0.238287
alpha	0.556452	0.102273	0.106672	0.234604
alpha	0.513075	0.136907	0.135369	0.214649
alpha	1	0	0	0
alpha	0.500622	0.15798	0.142871	0.198527
alpha	0.532631	0.125664	0.117472	0.224233
alpha	0.514428	0.130115	0.126967	0.228489
alpha	0.512941	0.145412	0.127529	0.214118
alpha	0.517401	0.130858	0.106265	0.245476
alpha	0.506324	0.135455	0.141575	0.216646
alpha	0.511974	0.132948	0.132329	0.22275
alpha	0.510743	0.135855	0.134064	0.219338
alpha	0.529809	0.119452	0.112054	0.238686
alpha	0.559741	0.0812242	0.0712184	0.287816
alpha	0.511642	0.142813	0.119839	0.225706
alpha	0.518605	0.126615	0.121447	0.233333
alpha	0.532336	0.11705	0.112774	0.237841
alpha	0.543461	0.101018	0.095928	0.259593
alpha	0.528107	0.132105	0.121799	0.217989
alpha	0.538023	0.117923	0.102513	0.241541
alpha	0.519718	0.128521	0.117606	0.234155
alpha	0.524567	0.13045	0.120415	0.224567
alpha	0.524626	0.125623	0.132043	0.217708
alpha	0.524517	0.136716	0.127251	0.211516
alpha	0.525658	0.120148	0.133403	0.220792
alpha	0.512839	0.139293	0.132025	0.215843
alpha	0.552231	0.0823933	0.0985777	0.266797
alpha	0.520897	0.130639	0.119015	0.229449
alpha	0.508466	0.138425	0.138302	0.214807
alpha	0.513429	0.136031	0.124869	0.225671
alpha	0.520991	0.118695	0.12383	0.236484
alpha	0.56657	0.0841974	0.0754873	0.273745
alpha	0.551825	0.119708	0.0956204	0.232847
alpha	0.505337	0.141215	0.125205	0.228243
alpha	0.591449	0.0510689	0.0534442	0.304038
alpha	0.490661	0.161243	0.16369	0.184406
alpha	0.525028	0.124122	0.117327	0.233522
alpha	0.532931	0.0858006	0.111782	0.269486
alpha	0.522321	0.107143	0.127232	0.243304
alpha	0.50487	0.149108	0.130526	0.215495
alpha	0.50288	0.150346	0.138825	0.207949
alpha	0.518826	0.114914	0.134474	0.231785
alpha	0.523766	0.12275	0.121827	0.231657
alpha	0.520587	0.130517	0.129171	0.219726
alpha	0.488319	0.143623	0.153964	0.214094
alpha	0.482759	0.15397	0.155573	0.207698
alpha	0.475538	0.15499	0.160861	0.208611
alpha	0.546439	0.102564	0.11339	0.237607
alpha	0.532096	0.112588	0.130642	0.224674
alpha	0.572709	0.0639511	0.0619145	0.301426
alpha	0.495815	0.150669	0.150016	0.2035
alpha	0.564731	0.092043	0.0830108	0.260215
alpha	0.520228	0.117087	0.112803	0.249881
alpha	0.500415	0.153089	0.144486	0.202011
alpha	0.519728	0.129252	0.122449	0.228571
alpha	0.556826	0.0907791	0.105075	0.24732
alpha	0.511111	0.137645	0.135323	0.21592
alpha	0.485948	0.154749	0.137318	0.221985
alpha	0.515843	0.141515	0.118958	0.223684
alpha	0.53323	0.11646	0.112422	0.237888
alpha	0.528921	0.127194	0.11223	0.231655
alpha	0.517169	0.144744	0.118859	0.219229
alpha	0.514233	0.133302	0.132145	0.220319
alpha	0.511535	0.144118	0.116206	0.22814
alpha	0.52145	0.11994	0.121148	0.237462
alpha	0.474826	0.171314	0.16332	0.19054
alpha	0.493606	0.154911	0.152538	0.198945
alpha	0.54051	0.105354	0.10793	0.246207
alpha	0.522069	0.120116	0.109262	0.248553
alpha	0.482014	0.162009	0.159795	0.196182
alpha	0.51493	0.131069	0.136084	0.217917
alpha	0.495311	0.151434	0.153457	0.199798
alpha	0.503746	0.143928	0.134344	0.217982
alpha	0.510725	0.135087	0.127937	0.226251
alpha	0.540245	0.130715	0.103026	0.226014
alpha	0.528894	0.118694	0.11851	0.233902
alpha	0.548421	0.0836515	0.0895522	0.278376
alpha	0.512053	0.136485	0.13983	0.211632
alpha	0.518619	0.128033	0.132427	0.220921
alpha	0.553282	0.0991531	0.0935074	0.254058
alpha	0.535065	0.100779	0.0883117	0.275844
alpha	0.527513	0.118192	0.105839	0.248456
alpha	0.531666	0.113618	0.108182	0.246534
alpha	0.50501	0.144289	0.125852	0.22485
alpha	0.531883	0.114124	0.112634	0.241359
alpha	0.537209	0.116576	0.10412	0.242095
alpha	0.508678	0.129634	0.145275	0.216413
alpha	0.494205	0.145791	0.156161	0.203843
alpha	0.566562	0.0596145	0.0623039	0.311519
alpha	0.53424	0.092517	0.115193	0.25805
alpha	0.524122	0.123037	0.123894	0.228947
alpha	0.518258	0.115169	0.137406	0.229167
alpha	0.538811	0.0928984	0.100743	0.267547
alpha	0.569487	0.0642372	0.0555899	0.310686
alpha	0.523927	0.111661	0.124587	0.239824
alpha	0.530156	0.107679	0.123566	0.2386
alpha	0.496113	0.140689	0.153647	0.209552
alpha	0.535776	0.108771	0.116849	0.238604
alpha	0.519783	0.130234	0.135771	0.214212
alpha	0.521787	0.129783	0.13072	0.21771
alpha	0.519558	0.141582	0.121173	0.217687
alpha	0.486554	0.135174	0.163858	0.214414
alpha	0.492196	0.144465	0.157532	0.205808
alpha	0.530764	0.115957	0.121028	0.232252
alpha	0.523713	0.115372	0.130172	0.230743
alpha	0.528754	0.126192	0.114473	0.230581
alpha	0.533857	0.115175	0.106106	0.244861
alpha	0.501472	0.131714	0.132818	0.233996
alpha	0.542011	0.110121	0.110121	0.237747
alpha	0.548266	0.0988439	0.103179	0.249711
alpha	0.541975	0.109178	0.109613	0.239234
alpha	0.483668	0.155975	0.165552	0.194805
alpha	0.511375	0.135774	0.144204	0.208647
alpha	0.524358	0.113425	0.116028	0.246188
alpha	0.538462	0.106423	0.105676	0.24944
alpha	0.530079	0.113224	0.122304	0.234393
alpha	0.538396	0.121564	0.117314	0.222726
alpha	0.54729	0.10842	0.114187	0.230104
alpha	0.510242	0.128864	0.132588	0.228305
alpha	0.570822	0.0771903	0.0667696	0.285218
alpha	0.529139	0.117219	0.12351	0.230132
alpha	0.514268	0.127033	0.132863	0.225836
alpha	0.548688	0.102901	0.100483	0.247928
alpha	0.545241	0.108579	0.094504	0.251676
alpha	0.517315	0.124315	0.138056	0.220314
alpha	0.522843	0.11231	0.138642	0.226206
alpha	0.499543	0.138152	0.145929	0.216377
alpha	0.497047	0.163543	0.138126	0.201284
alpha	0.523385	0.128805	0.118411	0.229399
alpha	0.518709	0.124729	0.13205	0.224512
alpha	0.528636	0.106304	0.116193	0.248867
alpha	0.508718	0.140211	0.136942	0.21413
alpha	0.496664	0.140845	0.136768	0.225723
alpha	0.523488	0.131673	0.121352	0.223488
alpha	0.49792	0.150966	0.144279	0.206835
alpha	0.51041	0.130435	0.136558	0.222596
alpha	0.516061	0.140983	0.129225	0.213731
alpha	0.533445	0.123188	0.119287	0.22408
alpha	0.520593	0.116148	0.128593	0.234667
alpha	0.538969	0.107406	0.107794	0.245832
alpha	0.532233	0.113461	0.117071	0.237236
alpha	0.536563	0.105119	0.102072	0.256246
alpha	0.53303	0.109394	0.104242	0.253333
alpha	0.526263	0.129565	0.117559	0.226613
alpha	0.522003	0.12497	0.123997	0.22903
alpha	0.533597	0.110672	0.11678	0.238951
alpha	0.507123	0.139246	0.136949	0.216682
alpha	0.559473	0.0904843	0.086661	0.263381
alpha	0.528158	0.0994419	0.109082	0.263318
alpha	0.525249	0.111989	0.1326	0.230161
alpha	0.515748	0.111811	0.133465	0.238976
alpha	0.536176	0.105414	0.128414	0.229995
alpha	0.494209	0.157252	0.160955	0.187584
alpha	0.526172	0.111871	0.128977	0.23298
alpha	0.534831	0.10362	0.109863	0.251685
alpha	0.512014	0.138767	0.130156	0.219063
alpha	0.536505	0.121762	0.114932	0.226802
alpha	0.528238	0.108894	0.108556	0.254312
alpha	0.52424	0.121198	0.123574	0.230989
alpha	0.488205	0.166667	0.158473	0.186656
alpha	0.543839	0.0864929	0.100711	0.268957
alpha	0.535259	0.112152	0.116055	0.236534
alpha	0.526427	0.130028	0.114827	0.228718
alpha	0.526653	0.121177	0.125546	0.226624
alpha	0.526991	0.110608	0.121933	0.240468
alpha	0.500264	0.137348	0.11252	0.249868
alpha	0.478184	0.174153	0.172009	0.175654
alpha	0.539723	0.111812	0.108869	0.239596
alpha	0.535776	0.111656	0.123197	0.229371
alpha	0.53652	0.108987	0.111281	0.243212
alpha	0.536311	0.118736	0.109296	0.235657
alpha	0.546899	0.0978985	0.0927729	0.26243
alpha	0.5	0.132396	0.153249	0.214355
alpha	0.491056	0.147317	0.146966	0.214662
alpha	0.503232	0.144814	0.137427	0.214528
alpha	0.519239	0.117226	0.137584	0.225951
alpha	0.530575	0.125254	0.121929	0.222243
alpha	0.536807	0.11544	0.121893	0.22586
alpha	0.489969	0.146219	0.160494	0.203318
alpha	0.487136	0.165576	0.161004	0.186284
alpha	0.501828	0.149064	0.146591	0.202517
alpha	0.542158	0.109353	0.107338	0.241151
alpha	0.505711	0.141803	0.149007	0.203479
alpha	0.530087	0.107826	0.100174	0.261913
alpha	0.516837	0.136652	0.123963	0.222548
alpha	0.533119	0.106383	0.107186	0.253312
alpha	0.521762	0.118558	0.129239	0.230441
alpha	0.543337	0.106463	0.0909319	0.259269
alpha	0.509395	0.137439	0.142136	0.21103
alpha	0.480408	0.165912	0.16761	0.18607
alpha	0.498525	0.155824	0.154419	0.191232
alpha	0.49835	0.151515	0.146115	0.20402
alpha	0.535274	0.0992908	0.0985442	0.266891
alpha	0.527233	0.116776	0.115468	0.240523
alpha	0.529978	0.145779	0.111089	0.213154
alpha	0.555185	0.0942452	0.0995274	0.251043
alpha	0.522309	0.1365	0.126955	0.214236
alpha	0.536091	0.120726	0.11545	0.227733
alpha	0.546882	0.095072	0.0898386	0.268208
alpha	0.521262	0.135802	0.114198	0.228738
alpha	0.543675	0.101124	0.106923	0.248278
alpha	0.537919	0.0881834	0.106408	0.26749
alpha	0.509438	0.13951	0.13734	0.213712
alpha	0.513079	0.125561	0.123692	0.237668
alpha	0.516919	0.125243	0.121354	0.236484
alpha	0.550898	0.0934132	0.0810379	0.274651
alpha	0.490147	0.15304	0.1413	0.215514
alpha	0.491766	0.142091	0.151666	0.214477
alpha	0.528948	0.132348	0.113902	0.224803
alpha	0.527096	0.123217	0.11409	0.235596
alpha	0.547308	0.10258	0.0981204	0.251991
alpha	0.47445	0.157503	0.15912	0.208926
alpha	0.535236	0.107746	0.105416	0.251602
alpha	0.490972	0.1529	0.144833	0.211295
alpha	0.556193	0.0791284	0.0716743	0.293005
alpha	0.523315	0.112707	0.136354	0.227624
alpha	0.496202	0.134746	0.151539	0.217513
alpha	0.536564	0.124782	0.119559	0.219095
alpha	0.51718	0.14196	0.137836	0.203024
alpha	0.502762	0.147766	0.151209	0.198264
alpha	0.523512	0.126393	0.121229	0.228867
alpha	0.48183	0.160512	0.160659	0.196999
alpha	0.510163	0.130662	0.135598	0.223577
alpha	0.507793	0.155865	0.146021	0.19032
alpha	0.553922	0.0882353	0.0991285	0.258715
alpha	0.52191	0.13571	0.125736	0.216645
alpha	0.506393	0.146842	0.122433	0.224332
alpha	0.500773	0.128284	0.12983	0.241113
alpha	0.520514	0.142186	0.120263	0.217037
alpha	0.507276	0.150364	0.125303	0.217057
alpha	0.527833	0.104619	0.118042	0.249507
alpha	0.513406	0.144419	0.139095	0.20308
alpha	0.499825	0.15085	0.154486	0.194839
alpha	0.522396	0.13053	0.113768	0.233306
alpha	0.492715	0.146039	0.151063	0.210183
alpha	0.507398	0.138131	0.147009	0.207461
alpha	0.536193	0.111409	0.114388	0.23801
alpha	0.510439	0.144348	0.12635	0.218862
alpha	0.510379	0.116877	0.137184	0.23556
alpha	0.51372	0.134525	0.135673	0.216082
alpha	0.53194	0.115215	0.122648	0.230197
alpha	0.523096	0.129115	0.130713	0.217076
alpha	0.564861	0.0796486	0.0743777	0.281113
alpha	0.500916	0.143081	0.139942	0.216061
alpha	0.528063	0.11357	0.123057	0.23531
alpha	0.492702	0.139195	0.155215	0.212887
alpha	0.528203	0.111319	0.122525	0.237953
alpha	0.512004	0.136888	0.130656	0.220452
alpha	0.512826	0.133118	0.128264	0.225792
alpha	0.542117	0.107559	0.115767	0.234557
alpha	0.501114	0.152755	0.147184	0.198947
alpha	0.509249	0.133116	0.135111	0.222524
alpha	0.51094	0.146388	0.130332	0.212341
alpha	0.568681	0.0984432	0.0952381	0.237637
alpha	0.531794	0.110351	0.111206	0.24665
alpha	0.521477	0.123266	0.124609	0.230649
alpha	0.514781	0.131105	0.120394	0.233719
alpha	0.520278	0.130243	0.109154	0.240324
alpha	0.506086	0.150005	0.145787	0.198121
alpha	0.520052	0.127724	0.129468	0.222755
alpha	0.515942	0.134859	0.124027	0.225172
alpha	0.535873	0.110341	0.104899	0.248887
alpha	0.506521	0.139671	0.138367	0.215441
alpha	0.500802	0.144433	0.151755	0.203009
alpha	0.562575	0.079968	0.0779688	0.279488
alpha	0.509608	0.144977	0.129823	0.215591
alpha	0.496042	0.158331	0.151811	0.193816
alpha	0.534938	0.110981	0.1101	0.243981
alpha	0.5048	0.134	0.13	0.2312
alpha	0.52603	0.127428	0.120435	0.226107
alpha	0.538582	0.117416	0.113293	0.230709
alpha	0.538438	0.108125	0.105	0.248438
alpha	0.518671	0.110942	0.138949	0.231437
alpha	0.522226	0.117024	0.111279	0.249471
alpha	0.512971	0.133008	0.127705	0.226315
alpha	0.511273	0.123674	0.129642	0.235411
alpha	0.493386	0.145238	0.148148	0.213228
alpha	0.525755	0.124029	0.12518	0.225036
alpha	0.521615	0.123999	0.128625	0.225761
alpha	0.516681	0.13858	0.112062	0.232678
alpha	0.516138	0.137582	0.119256	0.227024
alpha	0.50248	0.136905	0.126488	0.234127
alpha	0.515895	0.139419	0.126249	0.218438
alpha	0.543594	0.100534	0.098532	0.25734
alpha	0.546337	0.0988526	0.101059	0.253751
alpha	0.521089	0.133843	0.122551	0.222517
alpha	0.481117	0.153816	0.13926	0.225806
alpha	0.557649	0.0749812	0.0813866	0.285983
alpha	0.51881	0.129385	0.127097	0.224708
alpha	0.561338	0.0643123	0.0847584	0.289591
alpha	0.499318	0.1509	0.146947	0.202835
alpha	0.514968	0.12867	0.129534	0.226828
alpha	0.517537	0.132225	0.125967	0.224271
alpha	0.495815	0.153917	0.152159	0.198108
alpha	0.540858	0.110523	0.106408	0.24221
alpha	0.528298	0.11925	0.120197	0.232254
alpha	0.517297	0.119576	0.137173	0.225955
alpha	0.540612	0.108188	0.107202	0.243999
alpha	0.52267	0.118703	0.124685	0.233942
alpha	0.50076	0.135908	0.134691	0.228641
alpha	0.498046	0.157971	0.156669	0.187313
alpha	0.549433	0.0883157	0.0973036	0.264947
alpha	0.534639	0.110241	0.121386	0.233735
alpha	0.529294	0.113563	0.114767	0.242376
alpha	0.541263	0.11236	0.102673	0.243704
alpha	0.53148	0.107167	0.110181	0.251172
alpha	0.511919	0.128674	0.133071	0.226336
alpha	0.511589	0.127309	0.123278	0.237823
alpha	0.561674	0.0823789	0.0859031	0.270044
alpha	0.53685	0.117533	0.113266	0.232351
alpha	0.502554	0.137931	0.145275	0.21424
alpha	0.504206	0.148334	0.145884	0.201576
alpha	0.53238	0.115549	0.114727	0.237344
alpha	0.503091	0.142514	0.137019	0.217376
alpha	0.529692	0.122526	0.11551	0.232273
alpha	0.491187	0.154143	0.153061	0.201608
alpha	0.489049	0.159626	0.155935	0.19539
alpha	0.50163	0.147718	0.150469	0.200183
alpha	0.54386	0.101904	0.110862	0.243374
alpha	0.538687	0.112578	0.0990099	0.249725
alpha	0.52637	0.137332	0.110651	0.225646
alpha	0.510745	0.146927	0.123605	0.218724
alpha	0.513844	0.135179	0.142508	0.208469
alpha	0.513741	0.121454	0.10594	0.258865
alpha	0.536789	0.117434	0.113447	0.232331
alpha	0.49086	0.155511	0.151075	0.202554
alpha	0.51885	0.129499	0.135676	0.215974
alpha	0.511651	0.138804	0.12462	0.224924
alpha	0.515298	0.140097	0.134461	0.210145
alpha	0.543152	0.106483	0.10863	0.241735
alpha	0.539054	0.119819	0.101488	0.239639
alpha	0.550381	0.0998657	0.0891178	0.260636
alpha	0.532962	0.122663	0.102329	0.242047
alpha	0.516498	0.139615	0.129887	0.214
alpha	0.506088	0.131357	0.147973	0.214582
alpha	0.517157	0.13612	0.134819	0.211904
alpha	0.510748	0.143753	0.134348	0.211151
alpha	0.52795	0.123041	0.112097	0.236912
alpha	0.528407	0.124227	0.110392	0.236974
alpha	0.519472	0.116279	0.140085	0.224164
alpha	0.506916	0.143845	0.123098	0.226141
alpha	0.576383	0.0693687	0.0627436	0.291504
alpha	0.510651	0.149219	0.134713	0.205417
alpha	0.501529	0.142129	0.141692	0.21465
alpha	0.49015	0.139086	0.153664	0.2171
alpha	0.497815	0.134287	0.146603	0.221295
alpha	0.522673	0.123707	0.122514	0.231106
alpha	0.55609	0.0866346	0.0847834	0.272492
alpha	0.537451	0.113666	0.109067	0.239816
alpha	0.478814	0.14322	0.159322	0.218644
alpha	0.529852	0.131876	0.112513	0.225759
alpha	0.505342	0.136526	0.14444	0.213692
alpha	0.501033	0.141381	0.149235	0.208351
alpha	0.519562	0.135705	0.110807	0.233926
alpha	0.520692	0.122732	0.144274	0.212302
alpha	0.520548	0.121575	0.111301	0.246575
alpha	0.514897	0.124633	0.113303	0.247167
alpha	0.516841	0.138405	0.132791	0.211963
alpha	0.536718	0.106257	0.109327	0.247698
alpha	0.522384	0.117733	0.140988	0.218895
alpha	0.523259	0.131843	0.120792	0.224107
alpha	0.521492	0.127242	0.115001	0.236265
alpha	0.480756	0.151505	0.158852	0.208887
alpha	0.496919	0.147529	0.158219	0.197334
alpha	0.521212	0.121717	0.132576	0.224495
alpha	0.509723	0.150538	0.123313	0.216426
alpha	0.551881	0.0900798	0.0950209	0.263018
alpha	0.518662	0.123606	0.10761	0.250121
alpha	0.540402	0.113346	0.108227	0.238026
alpha	0.53694	0.0930774	0.0965678	0.273415
alpha	0.522784	0.134869	0.127191	0.215156
alpha	0.511888	0.128112	0.138182	0.221818
alpha	0.515374	0.125986	0.13415	0.22449
alpha	0.530767	0.114719	0.12616	0.228355
alpha	0.52759	0.116273	0.105856	0.250282
alpha	0.537236	0.106623	0.105798	0.250344
alpha	0.510867	0.143849	0.13063	0.214654
alpha	0.531382	0.120453	0.121468	0.226696
alpha	0.538666	0.10652	0.117513	0.237301
alpha	0.530668	0.109116	0.123687	0.23653
alpha	0.506499	0.14182	0.142447	0.209234
alpha	0.494663	0.145731	0.146962	0.212644
alpha	0.464164	0.164846	0.161092	0.209898
alpha	0.494871	0.148133	0.14485	0.212146
alpha	0.491206	0.151173	0.134422	0.223199
alpha	0.496296	0.148584	0.134205	0.220915
alpha	0.533713	0.114277	0.0937005	0.25831
alpha	0.533779	0.113129	0.0936902	0.259401
alpha	0.520193	0.137702	0.125456	0.216649
alpha	0.517642	0.13324	0.139276	0.209842
alpha	0.502247	0.145697	0.135499	0.216557
alpha	0.53914	0.101985	0.102536	0.25634
alpha	0.505459	0.149211	0.124949	0.22038
alpha	0.529029	0.125228	0.120542	0.225202
alpha	0.524545	0.107284	0.12312	0.245051
alpha	0.528548	0.103589	0.119494	0.248369
alpha	0.50956	0.135284	0.142816	0.212341
alpha	0.520835	0.141391	0.129601	0.208172
alpha	0.526654	0.128166	0.123062	0.222117
alpha	0.535651	0.102993	0.0928697	0.268486
alpha	0.53703	0.104205	0.112021	0.246744
alpha	0.517556	0.124363	0.121683	0.236398
alpha	0.524314	0.134769	0.124262	0.216655
alpha	0.540097	0.103865	0.112077	0.243961
alpha	0.538862	0.0937907	0.113765	0.253582
alpha	0.555271	0.0904823	0.0896287	0.264618
alpha	0.530973	0.113033	0.107804	0.24819
alpha	0.485159	0.160435	0.159433	0.194973
alpha	0.498567	0.150015	0.15209	0.199328
alpha	0.523355	0.130036	0.126182	0.220428
alpha	0.516185	0.136127	0.122543	0.225145
alpha	0.511866	0.138295	0.133607	0.216232
alpha	0.519476	0.117546	0.134092	0.228887
alpha	0.517894	0.135225	0.128323	0.218558
alpha	0.519916	0.138365	0.12369	0.218029
alpha	0.537217	0.108414	0.116505	0.237864
alpha	0.497078	0.161148	0.150077	0.191697
alpha	0.545115	0.105657	0.0813464	0.267882
alpha	0.527302	0.118844	0.106531	0.247323
alpha	0.493026	0.152935	0.152773	0.201265
alpha	0.498886	0.146847	0.155369	0.198899
alpha	0.533946	0.127649	0.120042	0.218363
alpha	0.532974	0.116756	0.109354	0.240915
alpha	0.477064	0.148828	0.153415	0.220693
alpha	0.500293	0.13687	0.142732	0.220106
alpha	0.486892	0.167074	0.160011	0.186023
alpha	0.504065	0.138792	0.138792	0.218351
alpha	0.482152	0.147677	0.170171	0.2
alpha	0.522549	0.128562	0.120036	0.228853
alpha	0.491228	0.158285	0.14347	0.207018
alpha	0.515144	0.134096	0.144275	0.206485
alpha	0.525537	0.104367	0.140637	0.22946
alpha	0.488323	0.156995	0.167492	0.18719
alpha	0.544903	0.101933	0.093975	0.259189
alpha	0.539508	0.108484	0.106865	0.245142
alpha	0.526444	0.1231	0.113678	0.236778
alpha	0.531298	0.120472	0.119778	0.228452
alpha	0.511228	0.139631	0.148413	0.200728
alpha	0.518583	0.128593	0.118434	0.23439
alpha	0.529825	0.117982	0.107895	0.244298
alpha	0.514929	0.136589	0.128176	0.220307
alpha	0.560136	0.0775946	0.0887488	0.273521
alpha	0.543878	0.106139	0.0933056	0.256677
alpha	0.544646	0.0989563	0.103981	0.252416
alpha	0.500607	0.141093	0.146964	0.211336
alpha	0.51023	0.125	0.140026	0.224744
alpha	0.536924	0.113423	0.108935	0.240718
alpha	0.547546	0.0904908	0.0925358	0.269427
alpha	0.516244	0.119053	0.140432	0.224272
alpha	0.537396	0.112584	0.116343	0.233676
alpha	0.51473	0.138022	0.135013	0.212235
alpha	0.544304	0.10034	0.112072	0.243285
alpha	0.503124	0.137734	0.141538	0.217604
alpha	0.523156	0.114979	0.126797	0.235069
alpha	0.529926	0.124309	0.101289	0.244475
alpha	0.513807	0.118523	0.140242	0.227428
alpha	0.526489	0.11499	0.109651	0.248871
alpha	0.500274	0.153257	0.149973	0.196497
alpha	0.508216	0.131066	0.13718	0.223538
alpha	0.54212	0.115355	0.103466	0.239059
alpha	0.541075	0.104516	0.107527	0.246882
alpha	0.503494	0.144061	0.135635	0.216811
alpha	0.510384	0.130711	0.139018	0.219888
alpha	0.499168	0.149803	0.151467	0.199562
alpha	0.512627	0.133559	0.129914	0.2239
alpha	0.521992	0.117076	0.135834	0.225097
alpha	0.580146	0.0683483	0.0748576	0.276648
alpha	0.520619	0.133113	0.130677	0.215591
alpha	0.529194	0.123791	0.123981	0.223033
alpha	0.496633	0.150921	0.158843	0.193603
alpha	0.483953	0.15894	0.145186	0.211921
alpha	0.497505	0.152196	0.136727	0.213573
alpha	0.529511	0.123826	0.121417	0.225247
alpha	0.523134	0.124894	0.114391	0.237582
alpha	0.528281	0.107089	0.109351	0.255279
alpha	0.517361	0.142157	0.129493	0.210989
alpha	0.500905	0.12776	0.137532	0.233804
alpha	0.506559	0.147905	0.137008	0.208527
alpha	0.52729	0.110728	0.118256	0.243726
alpha	0.517723	0.126595	0.137128	0.218554
alpha	0.51774	0.131746	0.13868	0.211834
alpha	0.494787	0.164511	0.153376	0.187326
alpha	0.498727	0.148981	0.128183	0.224109
alpha	0.502434	0.137912	0.146385	0.213268
alpha	0.510405	0.134894	0.138796	0.215905
alpha	0.509975	0.147465	0.13749	0.205071
alpha	0.523661	0.12818	0.130738	0.217422
alpha	0.506794	0.138232	0.141922	0.213052
alpha	0.516492	0.136575	0.12729	0.219643
alpha	0.516361	0.121179	0.131248	0.231212
alpha	0.528568	0.120518	0.128383	0.222531
alpha	0.516023	0.140575	0.137299	0.206102
alpha	0.49265	0.15115	0.133434	0.222767
alpha	0.538381	0.108307	0.11041	0.242902
alpha	0.516414	0.134933	0.130632	0.218021
alpha	0.533294	0.104637	0.109988	0.252081
alpha	0.526892	0.118039	0.114707	0.240362
alpha	0.526958	0.116311	0.121397	0.235334
alpha	0.535417	0.111595	0.104472	0.248516
alpha	0.516659	0.128516	0.129814	0.225011
alpha	0.511551	0.129656	0.134842	0.223951
alpha	0.499615	0.148332	0.149213	0.202841
alpha	0.51331	0.13624	0.119472	0.230979
alpha	0.541225	0.0889282	0.0971731	0.272674
alpha	0.568	0.0593333	0.06	0.312667
alpha	0.536256	0.110034	0.0927487	0.260961
alpha	0.544271	0.101562	0.0920139	0.262153
alpha	0.543892	0.0900261	0.0918939	0.274188
alpha	0.523702	0.109549	0.135858	0.230891
alpha	0.508798	0.127293	0.130288	0.23362
alpha	0.511437	0.119371	0.121158	0.248034
alpha	0.514036	0.132887	0.12001	0.233067
alpha	0.538728	0.120809	0.113873	0.22659
alpha	0.514945	0.133853	0.134178	0.217024
alpha	0.538722	0.0871773	0.104105	0.269996
alpha	0.531492	0.106077	0.132044	0.230387
alpha	0.529412	0.105795	0.107989	0.256804
alpha	0.516073	0.13901	0.116855	0.228063
alpha	0.484513	0.152286	0.153024	0.210177
alpha	0.554004	0.0879888	0.0865922	0.271415
alpha	0.509211	0.142137	0.14078	0.207873
alpha	0.494276	0.14435	0.139871	0.221503
alpha	0.500397	0.142573	0.134631	0.222399
alpha	0.488317	0.152008	0.160147	0.199527
alpha	0.524276	0.109131	0.106904	0.259688
alpha	0.52254	0.125939	0.136315	0.215206
alpha	0.534101	0.100171	0.107843	0.257886
alpha	0.518905	0.116418	0.107463	0.257214
alpha	0.534367	0.105616	0.106454	0.253562
alpha	0.52328	0.134734	0.126906	0.21508
alpha	0.524565	0.127362	0.126228	0.221844
alpha	0.520615	0.118816	0.123313	0.237256
alpha	0.522862	0.133405	0.118881	0.224852
alpha	0.543316	0.100471	0.110711	0.245502
alpha	0.549735	0.109259	0.0981481	0.242857
alpha	0.540142	0.110292	0.104501	0.245064
alpha	0.564529	0.0835313	0.0807601	0.27118
alpha	0.531129	0.100826	0.105785	0.262259
alpha	0.515685	0.126382	0.129542	0.228391
alpha	0.524908	0.109317	0.119004	0.246771
alpha	0.509462	0.143778	0.135109	0.21165
alpha	0.448541	0.179865	0.182323	0.18927
alpha	0.533761	0.118851	0.112435	0.234953
alpha	0.521649	0.123122	0.117526	0.237703
alpha	0.518498	0.131319	0.126236	0.223948
alpha	0.53568	0.0975262	0.100856	0.265937
alpha	0.512686	0.139078	0.133354	0.214882
alpha	0.51659	0.124714	0.132151	0.226545
alpha	0.565613	0.0809874	0.0783889	0.275011
alpha	0.559443	0.0940557	0.082769	0.263732
alpha	0.556496	0.0973339	0.0969107	0.249259
alpha	0.556696	0.0955357	0.09375	0.254018
alpha	0.570114	0.0809717	0.0758189	0.273095
alpha	0.566527	0.0887029	0.0832636	0.261506
alpha	0.5385	0.125435	0.110035	0.226031
alpha	0.52699	0.121251	0.124493	0.227265
alpha	0.514602	0.129507	0.133938	0.221954
alpha	0.532357	0.112057	0.107289	0.248297
alpha	0.50798	0.140121	0.148046	0.203853
alpha	0.528302	0.126333	0.11813	0.227235
alpha	0.510962	0.142064	0.128033	0.218942
alpha	0.512452	0.136415	0.113529	0.237604
alpha	0.542577	0.108892	0.0960814	0.252449
alpha	0.54345	0.107966	0.0977617	0.250823
alpha	0.509422	0.141878	0.142501	0.206198
alpha	0.557885	0.0752051	0.0875114	0.279398
alpha	0.509158	0.140241	0.138671	0.211931
alpha	0.554545	0.0931818	0.0833333	0.268939
alpha	0.555423	0.0885975	0.0878029	0.268176
alpha	0.531828	0.112139	0.110289	0.245744
alpha	0.493674	0.155827	0.153385	0.197114
alpha	0.513915	0.141364	0.142021	0.202699
alpha	0.536612	0.107249	0.112426	0.243713
alpha	0.537754	0.115431	0.115779	0.231036
alpha	0.482916	0.160592	0.159026	0.197466
alpha	0.50816	0.141937	0.134751	0.215152
alpha	0.563585	0.0717973	0.0563116	0.308306
alpha	0.541091	0.116371	0.107166	0.235371
alpha	0.535406	0.0949914	0.1019	0.267703
alpha	0.544892	0.109325	0.103883	0.2419
alpha	0.513716	0.127538	0.132882	0.225864
alpha	0.513152	0.140136	0.133787	0.212925
alpha	0.513136	0.142426	0.131247	0.213192
alpha	0.483979	0.148286	0.159463	0.208271
alpha	0.503959	0.141068	0.142076	0.212898
alpha	0.516912	0.135733	0.121856	0.225499
alpha	0.531608	0.102673	0.125159	0.24056
alpha	0.542157	0.1187	0.103627	0.235516
alpha	0.501932	0.140012	0.139715	0.218341
alpha	0.494886	0.159963	0.162424	0.182727
alpha	0.504119	0.142916	0.140445	0.212521
alpha	0.539502	0.10825	0.104976	0.247272
alpha	0.521055	0.118001	0.100416	0.260528
alpha	0.512885	0.13248	0.139744	0.214891
alpha	0.56	0.0917333	0.0672	0.281067
alpha	0.531589	0.117966	0.117473	0.232971
alpha	0.512687	0.130683	0.13969	0.216939
alpha	0.553366	0.0878489	0.089491	0.269294
alpha	0.528201	0.124909	0.122004	0.224885
alpha	0.542217	0.106443	0.121248	0.230092
alpha	0.527484	0.108175	0.11487	0.249471
alpha	0.503952	0.147578	0.151278	0.197191
alpha	0.561871	0.0663114	0.0603908	0.311427
alpha	0.565476	0.0690476	0.064881	0.300595
