d.104	0.485762	0.158426	0.167228	0.188584
d.104	0.487864	0.155387	0.159882	0.196867
d.104	0.488205	0.156913	0.160496	0.194386
d.104	0.482649	0.158411	0.169007	0.189934
d.104	0.480121	0.158912	0.164834	0.196133
d.104	0.496385	0.149182	0.15451	0.199924
d.104	0.499464	0.15397	0.146191	0.200376
d.104	0.511367	0.118616	0.132125	0.237891
d.104	0.492495	0.143317	0.137241	0.226948
d.104	0.491667	0.150238	0.16	0.198095
d.104	0.515487	0.118837	0.128635	0.237042
d.104	0.502235	0.135311	0.135717	0.226737
d.104	0.496245	0.157154	0.1549	0.191701
d.104	0.490551	0.147295	0.153767	0.208387
d.104	0.488881	0.154429	0.158902	0.197789
d.104	0.513608	0.109909	0.133636	0.242847
d.104	0.499442	0.133879	0.14206	0.224619
d.104	0.483985	0.160152	0.162269	0.193594
d.104	0.497934	0.155563	0.142338	0.204166
d.104	0.486809	0.163745	0.160511	0.188936
d.104	0.495917	0.148294	0.153689	0.2021
d.104	0.504702	0.151925	0.13973	0.203644
d.104	0.496609	0.1552	0.148417	0.199774
d.104	0.488616	0.1513	0.159051	0.201033
d.104	0.488844	0.165335	0.155012	0.190809
d.104	0.491743	0.155919	0.1587	0.193638
d.104	0.496121	0.152044	0.153835	0.198001
d.104	0.482416	0.158257	0.163914	0.195413
d.104	0.480784	0.152948	0.160106	0.206162
d.104	0.483818	0.163013	0.160776	0.192394
d.104	0.491036	0.165147	0.159678	0.184139
d.104	0.471834	0.162187	0.17176	0.194219
d.104	0.47721	0.165279	0.172612	0.184899
d.104	0.491788	0.158816	0.147686	0.20171
d.104	0.465832	0.160111	0.175407	0.198649
d.104	0.469127	0.168798	0.168798	0.193277
d.104	0.501782	0.144589	0.152003	0.201626
d.104	0.464304	0.165275	0.172602	0.197819
d.104	0.490286	0.15772	0.15772	0.194274
d.104	0.504334	0.15511	0.144637	0.195919
d.104	0.491755	0.152394	0.154255	0.201596
d.104	0.478247	0.164913	0.163185	0.193655
d.104	0.47206	0.158193	0.1711	0.198646
d.104	0.485735	0.164765	0.15573	0.193771
d.108	0.508939	0.133511	0.139597	0.217954
d.108	0.498724	0.157982	0.142364	0.200931
d.108	0.47016	0.168395	0.164752	0.196694
d.108	0.499226	0.147323	0.150418	0.203033
d.108	0.488856	0.164603	0.146442	0.200099
d.108	0.496302	0.152932	0.147121	0.203645
d.108	0.503592	0.154978	0.131714	0.209716
d.108	0.4634	0.18048	0.166344	0.189775
d.108	0.5	0.151657	0.147905	0.200438
d.108	0.47372	0.167235	0.168601	0.190444
d.108	0.508495	0.141586	0.137136	0.212783
d.108	0.472846	0.166051	0.163776	0.197327
d.108	0.469547	0.17068	0.15864	0.201133
d.108	0.503165	0.148101	0.151266	0.197468
d.108	0.533382	0.115385	0.105951	0.245283
d.108	0.473386	0.167909	0.166367	0.192337
d.108	0.473348	0.176363	0.144076	0.206214
d.108	0.483973	0.166842	0.14845	0.200736
d.108	0.496391	0.149278	0.147638	0.206693
d.108	0.5	0.145309	0.139874	0.214817
d.108	0.504154	0.146588	0.145994	0.203264
d.108	0.522865	0.124412	0.129119	0.223605
d.108	0.488739	0.156831	0.153871	0.200559
d.108	0.490042	0.171727	0.139406	0.198825
d.108	0.501404	0.145263	0.148421	0.204912
d.108	0.49084	0.153242	0.15237	0.203548
d.108	0.4728	0.165799	0.173841	0.187559
d.108	0.481796	0.160801	0.163835	0.193568
d.108	0.521475	0.133401	0.134917	0.210207
d.108	0.501056	0.146376	0.135468	0.217101
d.108	0.490687	0.160305	0.141069	0.207939
d.108	0.48823	0.159256	0.158239	0.194275
d.108	0.494656	0.157029	0.13812	0.210195
d.108	0.494664	0.152478	0.150107	0.202751
d.108	0.536533	0.117837	0.113897	0.231734
d.108	0.505383	0.150412	0.141229	0.202977
d.108	0.51546	0.137034	0.126142	0.221363
d.108	0.494452	0.162731	0.143101	0.199716
d.108	0.485631	0.161447	0.145302	0.20762
d.108	0.496232	0.157477	0.140024	0.206267
d.108	0.473377	0.174351	0.142532	0.20974
d.108	0.493553	0.155625	0.119609	0.231214
d.108	0.490163	0.159078	0.155987	0.194772
d.108	0.494348	0.158939	0.151788	0.194925
d.108	0.458733	0.17492	0.176518	0.18983
d.108	0.487464	0.166764	0.141983	0.20379
d.108	0.498384	0.154362	0.139945	0.207308
d.108	0.482865	0.165524	0.142906	0.208705
d.108	0.491496	0.156598	0.14956	0.202346
d.108	0.511271	0.160192	0.129976	0.198561
d.108	0.519401	0.138302	0.128313	0.213984
d.108	0.488788	0.159239	0.154982	0.196991
d.108	0.529926	0.138534	0.125757	0.205783
d.108	0.487437	0.161163	0.137832	0.213568
d.108	0.508989	0.139033	0.137036	0.214942
d.108	0.503193	0.146223	0.138075	0.212508
d.108	0.50849	0.137678	0.141808	0.212024
d.108	0.456735	0.187882	0.1675	0.187882
d.108	0.48836	0.157553	0.149161	0.204927
d.108	0.517754	0.144096	0.135012	0.203138
d.108	0.506653	0.128151	0.140406	0.22479
d.108	0.496027	0.162779	0.13817	0.203025
d.108	0.511672	0.129353	0.127057	0.231917
d.108	0.493191	0.158378	0.144168	0.204263
d.108	0.483395	0.1652	0.142208	0.209197
d.108	0.523275	0.135495	0.112635	0.228595
d.108	0.493609	0.154908	0.150818	0.200665
d.108	0.500232	0.147236	0.115653	0.236879
d.108	0.50851	0.142431	0.133771	0.215288
d.108	0.499852	0.154484	0.142646	0.203019
d.108	0.488915	0.164027	0.152359	0.194699
d.108	0.518806	0.131643	0.136141	0.21341
d.108	0.518891	0.133455	0.127361	0.220293
d.108	0.479321	0.160323	0.162135	0.19822
d.108	0.484121	0.157529	0.158951	0.1994
d.108	0.485123	0.171087	0.152975	0.190815
d.108	0.461455	0.172601	0.174923	0.191022
d.108	0.488222	0.157954	0.156502	0.197322
d.108	0.518519	0.123868	0.125103	0.23251
d.110	0.494648	0.15367	0.150994	0.200688
d.110	0.485053	0.163452	0.151398	0.200096
d.110	0.499135	0.148789	0.144896	0.20718
d.110	0.490738	0.15554	0.154841	0.198882
d.110	0.493407	0.134836	0.142493	0.229264
d.110	0.472429	0.15698	0.177099	0.193492
d.110	0.493446	0.158057	0.144179	0.204318
d.110	0.47579	0.149609	0.158597	0.216005
d.110	0.48136	0.16557	0.145102	0.207968
d.110	0.470512	0.160812	0.175314	0.193361
d.110	0.500178	0.133238	0.150695	0.215889
d.110	0.483267	0.15882	0.137833	0.220079
d.110	0.472364	0.166837	0.165814	0.194985
d.110	0.499875	0.140856	0.139855	0.219415
d.110	0.491961	0.142765	0.158842	0.206431
d.110	0.478896	0.153438	0.165915	0.201752
d.110	0.465953	0.17607	0.161965	0.196012
d.110	0.472803	0.160042	0.14749	0.219665
d.110	0.510347	0.152624	0.128973	0.208056
d.110	0.459016	0.17963	0.168469	0.192885
d.110	0.487408	0.148478	0.156873	0.20724
d.110	0.471731	0.174558	0.156537	0.197173
d.110	0.476665	0.151337	0.16493	0.207068
d.110	0.481047	0.166516	0.146661	0.205776
d.110	0.48757	0.161303	0.14974	0.201388
d.110	0.482896	0.156153	0.156597	0.204354
d.110	0.465352	0.16692	0.143146	0.224583
d.110	0.461063	0.161923	0.17696	0.200054
d.110	0.477412	0.157278	0.157836	0.207474
d.110	0.482156	0.150342	0.167806	0.199696
d.110	0.462761	0.159551	0.173263	0.204425
d.110	0.491632	0.153138	0.149791	0.205439
d.110	0.484956	0.142996	0.171142	0.200906
d.110	0.451675	0.174163	0.17177	0.202392
d.110	0.490901	0.156506	0.140127	0.212466
d.110	0.456607	0.165187	0.176036	0.20217
d.110	0.477228	0.151667	0.167357	0.203748
d.110	0.47187	0.165231	0.159655	0.203244
d.110	0.504092	0.121113	0.1518	0.222995
d.110	0.480157	0.164135	0.151151	0.204557
d.110	0.494811	0.139855	0.153866	0.211469
d.110	0.483887	0.161133	0.144531	0.210449
d.110	0.496472	0.142932	0.147635	0.212961
d.110	0.481862	0.154846	0.160801	0.202491
d.110	0.49275	0.14551	0.14144	0.2203
d.110	0.482967	0.17574	0.143266	0.198026
d.110	0.488324	0.146341	0.154904	0.210431
d.110	0.4804	0.162747	0.142201	0.214653
d.110	0.507682	0.133803	0.138284	0.22023
d.110	0.467621	0.163358	0.162057	0.206964
d.110	0.490324	0.145271	0.156991	0.207413
d.110	0.491228	0.161867	0.131413	0.215492
d.110	0.477472	0.173967	0.156446	0.192115
d.110	0.504004	0.1379	0.1379	0.220196
d.110	0.47461	0.167275	0.161301	0.196814
d.113	0.467376	0.16914	0.158779	0.204705
d.113	0.439232	0.180323	0.187938	0.192507
d.113	0.446962	0.166846	0.200288	0.185904
d.113	0.443782	0.191652	0.168086	0.196479
d.113	0.470378	0.169522	0.147752	0.212348
d.113	0.440829	0.190919	0.159457	0.208795
d.113	0.465919	0.172511	0.159607	0.201964
d.113	0.469851	0.186717	0.162831	0.1806
d.113	0.44239	0.199914	0.153482	0.204213
d.113	0.44757	0.188933	0.174259	0.189239
d.113	0.436706	0.202339	0.159126	0.20183
d.113	0.443655	0.191371	0.161929	0.203046
d.113	0.433995	0.185164	0.182827	0.198014
d.113	0.450619	0.178105	0.172749	0.198527
d.113	0.487367	0.162021	0.151081	0.199531
d.113	0.459339	0.170813	0.165615	0.204233
d.113	0.4158	0.214644	0.170328	0.199229
d.113	0.466117	0.172772	0.159951	0.20116
d.113	0.459145	0.178249	0.156441	0.206165
d.113	0.440044	0.187019	0.171617	0.20132
d.113	0.452917	0.19375	0.16	0.193333
d.113	0.454295	0.185264	0.166921	0.193519
d.113	0.451258	0.18894	0.160936	0.198866
d.113	0.442038	0.193631	0.167834	0.196497
d.113	0.445711	0.186768	0.174106	0.193416
d.113	0.438985	0.192646	0.170843	0.197527
d.113	0.436987	0.17842	0.196262	0.188332
d.113	0.465872	0.171023	0.161888	0.201218
d.113	0.43259	0.199657	0.166724	0.201029
d.113	0.417774	0.193091	0.196929	0.192205
d.129	0.467206	0.171255	0.15749	0.204049
d.129	0.505379	0.158001	0.141641	0.19498
d.129	0.474392	0.16709	0.152561	0.205957
d.129	0.498811	0.156643	0.1298	0.214747
d.129	0.4734	0.170823	0.150873	0.204904
d.129	0.502387	0.153479	0.133356	0.210778
d.129	0.467811	0.174015	0.145142	0.213032
d.129	0.489326	0.16978	0.133756	0.207138
d.129	0.495691	0.158221	0.138228	0.207859
d.129	0.496238	0.142574	0.130297	0.230891
d.129	0.488386	0.162592	0.147311	0.201711
d.129	0.510881	0.167617	0.134197	0.187306
d.129	0.477217	0.173448	0.139509	0.209826
d.129	0.461078	0.143313	0.18004	0.215569
d.129	0.467108	0.17283	0.155703	0.20436
d.129	0.492087	0.161517	0.142929	0.203466
d.129	0.467905	0.171579	0.1522	0.208317
d.129	0.49323	0.162476	0.134752	0.209542
d.129	0.465098	0.175294	0.152941	0.206667
d.129	0.469304	0.171405	0.148743	0.210548
d.129	0.493082	0.167156	0.142138	0.197624
d.129	0.49891	0.146076	0.135174	0.21984
d.129	0.505856	0.154955	0.118919	0.22027
d.129	0.55421	0.10323	0.0778547	0.264706
d.129	0.507134	0.153689	0.125153	0.214024
d.129	0.518591	0.140248	0.141553	0.199609
d.129	0.482117	0.168725	0.152526	0.196632
d.129	0.518677	0.141457	0.127373	0.212492
d.129	0.503561	0.156695	0.125356	0.214387
d.129	0.490885	0.165709	0.149943	0.193464
d.129	0.486245	0.172971	0.148556	0.192228
d.129	0.494086	0.174045	0.140926	0.190943
d.129	0.492363	0.161521	0.137797	0.20832
d.129	0.51029	0.152457	0.141957	0.195296
d.129	0.487337	0.167892	0.140931	0.20384
d.129	0.4943	0.156111	0.140595	0.208993
d.129	0.48467	0.172465	0.139151	0.203715
d.129	0.466054	0.172524	0.157348	0.204073
d.129	0.462423	0.176181	0.15729	0.204107
d.129	0.495526	0.169679	0.143183	0.191613
d.129	0.493708	0.161732	0.145078	0.199482
d.129	0.469578	0.167977	0.165066	0.19738
d.129	0.472307	0.170192	0.154529	0.202971
d.129	0.482416	0.169266	0.152294	0.196024
d.129	0.510447	0.154035	0.121262	0.214256
d.129	0.478994	0.174204	0.153465	0.193337
d.129	0.491124	0.164288	0.137835	0.206753
d.129	0.505455	0.167677	0.131919	0.194949
d.129	0.499067	0.156402	0.139604	0.204927
d.129	0.494056	0.138301	0.157727	0.209916
d.129	0.467159	0.17775	0.14491	0.210181
d.129	0.482603	0.169165	0.140594	0.207638
d.129	0.491833	0.180278	0.131881	0.196007
d.129	0.496434	0.16045	0.138508	0.204608
d.129	0.464357	0.17961	0.148945	0.207089
d.129	0.46325	0.1764	0.152165	0.208184
d.129	0.462142	0.179678	0.150255	0.207925
d.129	0.461831	0.175085	0.155716	0.207368
d.129	0.465881	0.17303	0.154346	0.206742
d.129	0.468394	0.175108	0.148017	0.208481
d.129	0.499253	0.160194	0.134802	0.205751
d.129	0.513904	0.147571	0.124954	0.213571
d.129	0.505293	0.167096	0.134192	0.193419
d.129	0.485002	0.162437	0.163359	0.189202
d.129	0.48099	0.17374	0.140584	0.204686
d.129	0.496709	0.149627	0.134708	0.218956
d.129	0.50536	0.140888	0.13221	0.221542
d.129	0.501426	0.161014	0.132488	0.205071
d.129	0.465093	0.178524	0.158577	0.197806
d.129	0.487369	0.165039	0.149208	0.198383
d.129	0.468011	0.164465	0.159597	0.207928
d.14	0.469068	0.185591	0.135865	0.209475
d.14	0.478404	0.166197	0.141315	0.214085
d.14	0.489085	0.165827	0.13686	0.208228
d.14	0.486669	0.172304	0.131715	0.209312
d.14	0.470459	0.175046	0.152661	0.201835
d.14	0.489478	0.14979	0.144343	0.21639
d.14	0.467102	0.1778	0.160472	0.194626
d.14	0.475335	0.165583	0.14914	0.209943
d.14	0.479606	0.170545	0.160142	0.189707
d.14	0.471297	0.182256	0.134886	0.211562
d.14	0.483559	0.158994	0.15706	0.200387
d.14	0.480624	0.166951	0.150378	0.202047
d.14	0.500557	0.154039	0.132312	0.213092
d.14	0.473146	0.170844	0.156777	0.199233
d.14	0.48499	0.156496	0.152067	0.206447
d.14	0.489951	0.160791	0.142339	0.206919
d.14	0.455046	0.18883	0.155522	0.200601
d.14	0.480346	0.172354	0.131749	0.215551
d.14	0.478591	0.168236	0.147282	0.205891
d.14	0.488676	0.167247	0.127178	0.216899
d.14	0.481738	0.157553	0.156473	0.204236
d.14	0.465529	0.173014	0.156599	0.204859
d.14	0.490128	0.160374	0.138899	0.210599
d.14	0.470903	0.172632	0.157049	0.199416
d.14	0.497448	0.152834	0.14209	0.207628
d.14	0.504012	0.155864	0.14321	0.196914
d.14	0.48251	0.161558	0.13956	0.216372
d.14	0.476531	0.165061	0.154181	0.204228
d.14	0.483266	0.161408	0.154714	0.200612
d.14	0.458191	0.172153	0.161559	0.208097
d.14	0.485781	0.167366	0.15035	0.196503
d.14	0.476427	0.179653	0.147891	0.19603
d.14	0.49155	0.16958	0.130536	0.208333
d.142	0.459143	0.180286	0.169842	0.190729
d.142	0.465549	0.164702	0.174166	0.195584
d.142	0.485674	0.149469	0.162292	0.202565
d.142	0.478191	0.15266	0.165426	0.203723
d.142	0.487187	0.152547	0.156165	0.2041
d.142	0.470733	0.173342	0.168823	0.187102
d.142	0.481079	0.151967	0.170511	0.196442
d.142	0.480559	0.156798	0.157814	0.204828
d.142	0.481426	0.159693	0.154996	0.203886
d.142	0.459061	0.178694	0.164297	0.197949
d.142	0.452308	0.176002	0.179049	0.192641
d.142	0.468685	0.153706	0.176148	0.201461
d.142	0.478305	0.155037	0.162395	0.204263
d.142	0.477651	0.161674	0.164289	0.196386
d.142	0.474422	0.162322	0.165519	0.197737
d.142	0.489183	0.152068	0.157158	0.201591
d.142	0.467	0.165653	0.173686	0.19366
d.142	0.485193	0.149696	0.133469	0.231643
d.142	0.539687	0.0987833	0.106315	0.255214
d.142	0.474791	0.16881	0.165136	0.191264
d.142	0.469481	0.157298	0.169843	0.203378
d.142	0.464571	0.165706	0.179654	0.190069
d.142	0.473235	0.15863	0.162544	0.20559
d.142	0.466561	0.161331	0.161965	0.210143
d.142	0.470114	0.156257	0.173271	0.200358
d.142	0.477289	0.154344	0.171836	0.196531
d.142	0.486125	0.154352	0.153237	0.206286
d.142	0.468601	0.168904	0.165656	0.196838
d.142	0.464571	0.160993	0.177666	0.19677
d.142	0.45847	0.172255	0.172693	0.196581
d.142	0.467423	0.165341	0.178034	0.189203
d.142	0.477471	0.154487	0.146157	0.221886
d.142	0.539149	0.0958693	0.107891	0.25709
d.142	0.524356	0.11691	0.116562	0.242171
d.142	0.457215	0.164051	0.174177	0.204557
d.142	0.459478	0.177274	0.165501	0.197748
d.142	0.470685	0.150411	0.18411	0.194795
d.142	0.460364	0.176514	0.174791	0.188331
d.142	0.474995	0.151298	0.168601	0.205107
d.142	0.478979	0.148504	0.172558	0.199958
d.142	0.460207	0.166627	0.180813	0.192354
d.14	0.499568	0.159032	0.131374	0.210026
d.14	0.501094	0.154632	0.126915	0.21736
d.14	0.445803	0.205379	0.150774	0.198044
d.14	0.46266	0.181721	0.155405	0.200213
d.14	0.443159	0.202234	0.158357	0.19625
d.14	0.481271	0.157775	0.152857	0.208097
d.14	0.429604	0.196937	0.181199	0.192259
d.14	0.480932	0.166812	0.146143	0.206114
d.14	0.492088	0.16134	0.13838	0.208191
d.14	0.479767	0.172803	0.146919	0.20051
d.14	0.487078	0.156138	0.118449	0.238335
d.14	0.483043	0.157826	0.126957	0.232174
d.14	0.490099	0.165842	0.128359	0.2157
d.14	0.468367	0.178519	0.129966	0.223149
d.14	0.508487	0.151264	0.125613	0.214636
d.14	0.483151	0.174181	0.128144	0.214523
d.14	0.984496	0.00775194	0.00775194	0
d.144	0.461806	0.177734	0.160793	0.199667
d.144	0.48733	0.161156	0.150494	0.20102
d.144	0.487575	0.161981	0.15019	0.200254
d.144	0.498304	0.155745	0.142857	0.203093
d.144	0.485308	0.159933	0.163606	0.191154
d.144	0.479973	0.172546	0.155703	0.191777
d.144	0.479693	0.162162	0.163639	0.194506
d.144	0.506581	0.140055	0.146511	0.206854
d.144	0.477381	0.174107	0.15	0.198512
d.144	0.483604	0.172242	0.150215	0.193938
d.144	0.480363	0.167103	0.162329	0.190205
d.144	0.466206	0.176365	0.16434	0.193089
d.144	0.480377	0.165691	0.160696	0.193235
d.144	0.493602	0.154952	0.155828	0.195618
d.144	0.485189	0.165731	0.158163	0.190917
d.144	0.473064	0.165711	0.1626	0.198625
d.144	0.473122	0.173016	0.165337	0.188526
d.144	0.477442	0.172781	0.15766	0.192117
d.144	0.484282	0.165772	0.149977	0.199969
d.144	0.479794	0.166638	0.158727	0.194841
d.144	0.486298	0.160045	0.153559	0.200097
d.144	0.478219	0.169888	0.156276	0.195617
d.144	0.471813	0.176727	0.169993	0.181467
d.144	0.484243	0.162183	0.152806	0.200769
d.144	0.47928	0.171922	0.157424	0.191374
d.144	0.479497	0.16909	0.150956	0.200457
d.144	0.477376	0.168132	0.157227	0.197266
d.144	0.483188	0.163757	0.151956	0.201099
d.144	0.474117	0.168838	0.154439	0.202605
d.144	0.496104	0.154872	0.147828	0.201195
d.144	0.482321	0.16997	0.152846	0.194863
d.144	0.463683	0.179647	0.172772	0.183898
d.144	0.474065	0.168986	0.155793	0.201157
d.144	0.48368	0.164015	0.156142	0.196162
d.144	0.487297	0.165694	0.155594	0.191415
d.144	0.485479	0.161119	0.160058	0.193343
d.144	0.478203	0.170987	0.153756	0.197054
d.144	0.478505	0.171517	0.154676	0.195302
d.144	0.483792	0.158479	0.158767	0.198963
d.144	0.474197	0.167867	0.157666	0.20027
d.144	0.464521	0.178454	0.162895	0.19413
d.144	0.48398	0.165501	0.161101	0.189418
d.144	0.479235	0.16821	0.155961	0.196594
d.144	0.480965	0.165126	0.155883	0.198026
d.144	0.484415	0.159708	0.156992	0.198885
d.144	0.472715	0.168144	0.171292	0.18785
d.144	0.47058	0.180068	0.158089	0.191263
d.144	0.487304	0.170345	0.145405	0.196947
d.144	0.489863	0.16153	0.148508	0.200099
d.144	0.484119	0.165096	0.151658	0.199127
d.144	0.471239	0.174806	0.157431	0.196525
d.144	0.461862	0.179459	0.173574	0.185105
d.144	0.488499	0.165616	0.151133	0.194752
d.144	0.482893	0.172419	0.153511	0.191176
d.144	0.477499	0.173636	0.153591	0.195274
d.144	0.477168	0.169169	0.159516	0.194146
d.144	0.478593	0.168015	0.162719	0.190672
d.144	0.479197	0.161257	0.166863	0.192682
d.144	0.490206	0.1659	0.150741	0.193153
d.144	0.473734	0.167184	0.16894	0.190142
d.144	0.484911	0.169684	0.157888	0.187517
d.144	0.48313	0.16651	0.15089	0.199469
d.144	0.474792	0.169955	0.163525	0.191729
d.144	0.488826	0.157853	0.151401	0.20192
d.144	0.466579	0.176007	0.167542	0.189872
d.144	0.478145	0.165682	0.159776	0.196397
d.144	0.48183	0.16353	0.154607	0.200032
d.144	0.488257	0.163445	0.143473	0.204825
d.144	0.495218	0.1606	0.143597	0.200584
d.144	0.480493	0.167993	0.156314	0.1952
d.144	0.482255	0.169147	0.150973	0.197624
d.144	0.485387	0.168416	0.147425	0.198773
d.144	0.479205	0.16918	0.151781	0.199834
d.144	0.481825	0.163019	0.147626	0.20753
d.144	0.479221	0.165584	0.151948	0.203247
d.144	0.487186	0.159021	0.158637	0.195156
d.144	0.476325	0.165652	0.161645	0.196378
d.144	0.496985	0.157062	0.146288	0.199664
d.144	0.47311	0.174707	0.158572	0.193611
d.144	0.479062	0.169258	0.158726	0.192954
d.144	0.484278	0.166419	0.158262	0.191041
d.144	0.472682	0.177479	0.164742	0.185097
d.144	0.485573	0.160449	0.157097	0.196881
d.144	0.489484	0.159682	0.153295	0.197539
d.15	0.438987	0.16546	0.188211	0.207342
d.15	0.419089	0.177729	0.198574	0.204608
d.15	0.434087	0.178908	0.197269	0.189736
d.15	0.535196	0.105028	0.139665	0.220112
d.15	0.401281	0.200285	0.206332	0.192102
d.15	0.456079	0.175682	0.164764	0.203474
d.15	0.420127	0.177821	0.192477	0.209575
d.15	0.436004	0.177716	0.194751	0.191529
d.15	0.498255	0.129895	0.132222	0.239628
d.15	0.42217	0.178774	0.202358	0.196698
d.15	0.438055	0.191678	0.182796	0.187471
d.15	0.441299	0.174438	0.176936	0.207327
d.15	0.443355	0.179194	0.177015	0.200436
d.15	0.452021	0.185095	0.174866	0.188018
d.15	0.43996	0.172553	0.194248	0.193239
d.15	0.428173	0.180381	0.200837	0.190609
d.15	0.471564	0.14139	0.180885	0.206161
d.15	0.433038	0.171443	0.203231	0.192288
d.15	0.416041	0.198874	0.188086	0.196998
d.15	0.442435	0.166365	0.189873	0.201326
d.15	0.439225	0.143277	0.201409	0.216089
d.15	0.424103	0.173846	0.20359	0.198462
d.15	0.440502	0.174127	0.199782	0.18559
d.15	0.412681	0.181869	0.209121	0.196329
d.15	0.439303	0.158955	0.196516	0.205226
d.15	0.408696	0.205383	0.189648	0.196273
d.15	0.44703	0.153705	0.192284	0.206981
d.15	0.44198	0.184631	0.17999	0.193399
d.15	0.427376	0.172146	0.206216	0.194262
d.15	0.41961	0.181866	0.199262	0.199262
d.15	0.467968	0.147041	0.171446	0.213545
d.15	0.435101	0.156612	0.215722	0.192566
d.15	0.501747	0.13557	0.153739	0.208945
d.15	0.459845	0.148721	0.182035	0.209399
d.15	0.443697	0.169748	0.191597	0.194958
d.15	0.456435	0.146283	0.184652	0.21263
d.15	0.481613	0.166667	0.163701	0.188019
d.15	0.469809	0.148012	0.181149	0.201031
d.15	0.447544	0.163736	0.197089	0.191631
d.15	0.441692	0.166667	0.185759	0.205882
d.15	0.433777	0.185656	0.1845	0.196067
d.15	0.425854	0.18115	0.197147	0.19585
d.15	0.431899	0.180759	0.180253	0.207089
d.15	0.438214	0.178089	0.19055	0.193146
d.15	0.420797	0.180272	0.207969	0.190962
d.15	0.435921	0.173527	0.198784	0.191768
d.15	0.463607	0.152131	0.173115	0.211148
d.15	0.470085	0.149244	0.163051	0.21762
d.15	0.458912	0.144676	0.16956	0.226852
d.15	0.43148	0.177215	0.183269	0.208035
d.15	0.428261	0.175	0.197283	0.199457
d.15	0.447459	0.170973	0.167959	0.213609
d.153	0.512123	0.138925	0.131717	0.217235
d.153	0.522867	0.110483	0.112795	0.253854
d.153	0.454994	0.173168	0.189456	0.182383
d.153	0.460313	0.156691	0.181608	0.201387
d.153	0.473348	0.163494	0.173572	0.189586
d.153	0.454766	0.176566	0.187247	0.181421
d.153	0.45701	0.160341	0.184095	0.198554
d.153	0.531363	0.107569	0.109642	0.251426
d.153	0.459719	0.16408	0.195676	0.180525
d.153	0.493662	0.145315	0.173834	0.187189
d.153	0.491495	0.145255	0.169651	0.193599
d.153	0.500998	0.144453	0.151636	0.202913
d.153	0.497715	0.146709	0.152651	0.202925
d.153	0.505862	0.13591	0.146765	0.211463
d.153	0.520355	0.123434	0.13857	0.217641
d.153	0.490311	0.153712	0.157849	0.198128
d.153	0.488972	0.15833	0.159905	0.192792
d.153	0.493579	0.14517	0.165085	0.196166
d.153	0.483968	0.149942	0.173472	0.192618
d.153	0.479686	0.149719	0.178451	0.192144
d.153	0.479837	0.154055	0.179656	0.186452
d.153	0.491246	0.151326	0.166083	0.191346
d.153	0.479006	0.15344	0.173884	0.193669
d.153	0.491574	0.153581	0.157028	0.197817
d.153	0.471568	0.184607	0.168738	0.175086
d.153	0.512411	0.141448	0.119007	0.227134
d.153	0.471511	0.168851	0.18119	0.178448
d.153	0.471959	0.152113	0.180538	0.195391
d.153	0.463595	0.177881	0.172356	0.186168
d.153	0.520175	0.120468	0.127778	0.231579
d.153	0.472869	0.165647	0.177879	0.183604
d.153	0.466918	0.176101	0.162516	0.194465
d.153	0.48619	0.153003	0.163963	0.196843
d.153	0.484187	0.146548	0.164588	0.204677
d.153	0.49354	0.146641	0.176141	0.183678
d.153	0.490091	0.144867	0.170234	0.194808
d.153	0.496283	0.142857	0.155917	0.204943
d.153	0.485139	0.159923	0.160499	0.194439
d.153	0.493887	0.152335	0.158348	0.19543
d.153	0.492024	0.15144	0.162213	0.194324
d.153	0.496886	0.155314	0.153104	0.194696
d.153	0.477665	0.163793	0.16634	0.192202
d.153	0.491578	0.14635	0.166818	0.195254
d.153	0.478091	0.156833	0.177223	0.187852
d.153	0.487277	0.152902	0.170759	0.189062
d.153	0.482604	0.148986	0.177375	0.191035
d.153	0.480055	0.149014	0.178817	0.192114
d.153	0.476854	0.15383	0.177181	0.192134
d.153	0.444047	0.191085	0.186759	0.178108
d.153	0.465954	0.169504	0.183267	0.181275
d.153	0.486579	0.156583	0.159352	0.197486
d.153	0.480694	0.154013	0.17397	0.191323
d.153	0.502964	0.139989	0.142819	0.214228
d.153	0.467523	0.173781	0.17868	0.180016
d.153	0.513711	0.139305	0.124314	0.222669
d.153	0.457689	0.178321	0.186915	0.177074
d.153	0.48053	0.167251	0.158684	0.193536
d.153	0.47098	0.16728	0.182711	0.179029
d.153	0.466368	0.176174	0.176594	0.180864
d.153	0.498864	0.145758	0.142685	0.212692
d.153	0.467599	0.168886	0.18553	0.177985
d.153	0.468693	0.178915	0.18031	0.172082
d.153	0.472903	0.154417	0.177926	0.194754
d.15	0.456133	0.161331	0.177131	0.205405
d.15	0.446075	0.157415	0.18636	0.210151
d.15	0.45742	0.169811	0.18409	0.188679
d.15	0.429588	0.189629	0.181495	0.199288
d.157	0.480542	0.168638	0.162343	0.188478
d.157	0.471176	0.170638	0.164181	0.194005
d.157	0.493406	0.158049	0.155537	0.193008
d.157	0.487234	0.164677	0.158181	0.189908
d.157	0.477256	0.173817	0.165865	0.183062
d.157	0.482089	0.165699	0.164299	0.187913
d.157	0.477499	0.170855	0.163647	0.187999
d.157	0.482259	0.166843	0.161407	0.189491
d.157	0.494869	0.154747	0.159557	0.190827
d.157	0.463489	0.181034	0.176724	0.178753
d.157	0.48483	0.17465	0.154012	0.186509
d.157	0.474517	0.168176	0.176828	0.180479
d.157	0.491706	0.160656	0.16264	0.184998
d.157	0.484117	0.161822	0.16362	0.190441
d.157	0.481167	0.159308	0.171195	0.18833
d.157	0.474072	0.172446	0.166922	0.18656
d.157	0.483086	0.17242	0.155851	0.188643
d.157	0.457273	0.181833	0.178245	0.182648
d.157	0.479042	0.171175	0.159405	0.190378
d.157	0.486811	0.173248	0.157016	0.182925
d.157	0.480892	0.153822	0.165605	0.199682
d.157	0.472388	0.168914	0.178896	0.179803
d.157	0.472476	0.166492	0.167092	0.19394
d.157	0.475699	0.176119	0.159966	0.188216
d.157	0.474925	0.167069	0.173253	0.184752
d.157	0.480936	0.167895	0.157642	0.193528
d.157	0.4751	0.17158	0.16099	0.19233
d.157	0.486442	0.167219	0.157728	0.188611
d.157	0.470284	0.165356	0.181185	0.183176
d.157	0.485541	0.158136	0.168579	0.187744
d.157	0.487536	0.166556	0.161924	0.183984
d.157	0.488	0.162492	0.155934	0.193574
d.157	0.480146	0.165869	0.161504	0.192481
d.157	0.470312	0.172492	0.167042	0.190154
d.159	0.463662	0.174363	0.167537	0.194439
d.159	0.460776	0.170036	0.171452	0.197736
d.159	0.460526	0.174464	0.182505	0.182505
d.159	0.471771	0.168736	0.172577	0.186916
d.159	0.466606	0.184054	0.168004	0.181336
d.159	0.475772	0.165854	0.169919	0.188455
d.159	0.468981	0.173046	0.180438	0.177534
d.159	0.461974	0.162082	0.182848	0.193096
d.159	0.464555	0.176239	0.171482	0.187725
d.159	0.476486	0.156486	0.187838	0.179189
d.159	0.464251	0.170384	0.179731	0.185635
d.159	0.466475	0.168263	0.18295	0.182312
d.159	0.474413	0.171254	0.171254	0.183078
d.159	0.464086	0.173055	0.18298	0.179878
d.159	0.460286	0.182521	0.171509	0.185684
d.159	0.470007	0.164682	0.180184	0.185127
d.159	0.46468	0.170414	0.188107	0.176799
d.159	0.465238	0.171201	0.180269	0.183292
d.159	0.466449	0.173346	0.1815	0.178705
d.159	0.464609	0.163119	0.180149	0.192123
d.159	0.475034	0.155388	0.179487	0.190091
d.159	0.472253	0.173924	0.170387	0.183437
d.159	0.466175	0.169255	0.18597	0.1786
d.159	0.462744	0.173704	0.172928	0.190624
d.159	0.460083	0.17029	0.1839	0.185726
d.159	0.460462	0.173128	0.184885	0.181526
d.159	0.461377	0.178492	0.17259	0.187541
d.159	0.457595	0.183851	0.176059	0.182496
d.159	0.467036	0.181665	0.180703	0.170597
d.159	0.467573	0.173436	0.171471	0.18752
d.159	0.474207	0.165828	0.172874	0.187091
d.162	0.514019	0.127223	0.128128	0.23063
d.162	0.503362	0.130956	0.151418	0.214265
d.162	0.497442	0.138619	0.154476	0.209463
d.162	0.509799	0.123654	0.137179	0.229368
d.162	0.50409	0.131475	0.138443	0.225992
d.162	0.5062	0.125852	0.133602	0.234346
d.162	0.507652	0.133181	0.140345	0.218821
d.162	0.512916	0.118967	0.141061	0.227056
d.162	0.502554	0.126277	0.147276	0.223893
d.162	0.515668	0.123821	0.142988	0.217524
d.162	0.50672	0.127252	0.144409	0.221619
d.162	0.519899	0.131693	0.15123	0.197178
d.162	0.515198	0.133739	0.121884	0.229179
d.162	0.523431	0.124963	0.125258	0.226348
d.162	0.52031	0.122481	0.131473	0.225736
d.162	0.513077	0.135077	0.129231	0.222615
d.162	0.509968	0.117596	0.142733	0.229702
d.162	0.518049	0.118608	0.126128	0.237215
d.162	0.506623	0.130945	0.135762	0.226671
d.162	0.502216	0.135792	0.146251	0.215742
d.162	0.504231	0.126353	0.137571	0.231844
d.162	0.507349	0.130805	0.132569	0.229277
d.162	0.508366	0.138483	0.125667	0.227483
d.162	0.505655	0.123752	0.145709	0.224884
d.162	0.502988	0.130636	0.146116	0.220261
d.162	0.525675	0.122449	0.117841	0.234036
d.162	0.526145	0.123741	0.128613	0.2215
d.162	0.503643	0.129991	0.144273	0.222093
d.162	0.502943	0.130551	0.155163	0.211343
d.162	0.514118	0.121765	0.147353	0.216765
d.163	0.515978	0.146264	0.133727	0.204031
d.163	0.523441	0.122765	0.122281	0.231513
d.163	0.527106	0.12767	0.116405	0.22882
d.163	0.524525	0.125861	0.116468	0.233145
d.163	0.490865	0.151035	0.163216	0.194884
d.163	0.511325	0.137033	0.138448	0.213194
d.163	0.506781	0.136528	0.143761	0.212929
d.163	0.502813	0.13752	0.148548	0.211119
d.163	0.515328	0.125755	0.129112	0.229805
d.163	0.502816	0.138648	0.147097	0.211438
d.163	0.515821	0.139827	0.13965	0.204702
d.163	0.520507	0.119811	0.125528	0.234154
d.163	0.502917	0.13769	0.150058	0.209335
d.163	0.527778	0.126687	0.12487	0.220665
d.163	0.503386	0.150732	0.148527	0.197354
d.163	0.536976	0.10987	0.118925	0.234229
d.163	0.511101	0.137459	0.143127	0.208314
d.163	0.511167	0.145167	0.144333	0.199333
d.163	0.504921	0.128607	0.152127	0.214345
d.163	0.509588	0.130964	0.149205	0.210243
d.163	0.507384	0.137923	0.147689	0.207003
d.163	0.509899	0.137661	0.142956	0.209484
d.163	0.519395	0.128324	0.120273	0.232008
d.163	0.514469	0.128885	0.137192	0.219453
d.163	0.52171	0.131841	0.127318	0.219132
d.163	0.530395	0.117021	0.122087	0.230496
d.163	0.51327	0.137202	0.142825	0.206703
d.163	0.503865	0.135061	0.145066	0.216007
d.163	0.509594	0.125488	0.149092	0.215826
d.163	0.511086	0.13303	0.15776	0.198124
d.163	0.505034	0.135469	0.149428	0.210069
d.163	0.511287	0.134246	0.146734	0.207733
d.163	0.503967	0.142598	0.144412	0.209023
d.163	0.513716	0.126074	0.139374	0.220837
d.169	0.456729	0.172633	0.186226	0.184413
d.169	0.432638	0.195446	0.18833	0.183586
d.169	0.434886	0.172043	0.201115	0.191955
d.169	0.43164	0.177975	0.191954	0.198432
d.169	0.46658	0.167535	0.179253	0.186632
d.169	0.460205	0.171187	0.175634	0.192975
d.169	0.427746	0.193472	0.188031	0.190751
d.169	0.435451	0.196209	0.182633	0.185707
d.169	0.422572	0.191976	0.194601	0.190851
d.169	0.450906	0.166035	0.184998	0.198062
d.169	0.435877	0.180601	0.189935	0.193588
d.169	0.448573	0.1842	0.170512	0.196715
d.169	0.440928	0.172996	0.191983	0.194093
d.169	0.444124	0.180245	0.187094	0.188536
d.169	0.435625	0.196734	0.181542	0.1861
d.169	0.434798	0.185589	0.192619	0.186995
d.169	0.409385	0.208333	0.19377	0.188511
d.169	0.445869	0.184836	0.19238	0.176914
d.169	0.436862	0.191699	0.180795	0.190644
d.169	0.42253	0.202999	0.181084	0.193387
d.169	0.453144	0.177282	0.170385	0.199189
d.169	0.439969	0.177599	0.192175	0.190257
d.169	0.441933	0.180851	0.172429	0.204787
d.169	0.449588	0.169111	0.18011	0.201192
d.169	0.41947	0.199166	0.192915	0.188449
d.169	0.423473	0.203807	0.188343	0.184377
d.169	0.437048	0.194645	0.178968	0.189339
d.169	0.422705	0.183575	0.200483	0.193237
d.169	0.462401	0.167212	0.167679	0.202709
d.169	0.457381	0.163005	0.185413	0.1942
d.169	0.437854	0.186249	0.181715	0.194182
d.169	0.43953	0.182792	0.182446	0.195232
d.169	0.431818	0.194282	0.180718	0.193182
d.169	0.426947	0.194526	0.188632	0.189895
d.169	0.440841	0.162631	0.204203	0.192325
d.169	0.444612	0.174669	0.190926	0.189792
d.169	0.449721	0.174115	0.178305	0.197858
d.169	0.432111	0.189296	0.184671	0.193921
d.169	0.424596	0.190604	0.190604	0.194195
d.169	0.450365	0.160965	0.173023	0.215648
d.169	0.360812	0.244325	0.195341	0.199522
d.169	0.372644	0.246809	0.192097	0.18845
d.169	0.374628	0.234068	0.19595	0.195354
d.169	0.382212	0.245793	0.189904	0.182091
d.169	0.467886	0.168599	0.179304	0.184211
d.169	0.420632	0.204326	0.189684	0.185358
d.169	0.439893	0.181818	0.186813	0.191475
d.169	0.451074	0.180589	0.166667	0.201671
d.169	0.441765	0.181038	0.187168	0.190029
d.169	0.443451	0.176271	0.192296	0.187982
d.169	0.43588	0.193688	0.183056	0.187375
d.169	0.438686	0.192336	0.170803	0.198175
d.169	0.459583	0.17375	0.174167	0.1925
d.169	0.457929	0.181634	0.182443	0.177994
d.169	0.437843	0.189519	0.189214	0.183425
d.169	0.444762	0.184672	0.170404	0.200163
d.169	0.449275	0.176812	0.183437	0.190476
d.169	0.423052	0.194156	0.190909	0.191883
d.169	0.437042	0.188875	0.198961	0.175122
d.169	0.450457	0.173399	0.1875	0.188643
d.169	0.434997	0.200452	0.19162	0.172931
d.169	0.439614	0.180861	0.207418	0.172107
d.169	0.46418	0.167555	0.17762	0.190645
d.169	0.984615	0.00769231	0.00769231	0
d.169	0.430737	0.184421	0.194105	0.190737
d.169	0.43663	0.186536	0.18428	0.192554
d.169	0.4674	0.156479	0.190709	0.185412
d.17	0.522371	0.131432	0.149329	0.196868
d.17	0.532926	0.1222	0.133062	0.211813
d.17	0.477408	0.167093	0.155158	0.200341
d.17	0.492379	0.152413	0.156647	0.198561
d.17	0.49201	0.158677	0.138239	0.211074
d.17	0.486648	0.151115	0.150173	0.212064
d.17	0.492138	0.163836	0.151887	0.192138
d.17	0.498886	0.147474	0.144131	0.20951
d.17	0.489095	0.164027	0.14401	0.202868
d.17	0.525626	0.128132	0.140091	0.20615
d.17	0.51627	0.14393	0.135169	0.204631
d.17	0.496471	0.164034	0.140504	0.198992
d.17	0.502463	0.145868	0.149425	0.202244
d.17	0.528252	0.1242	0.148721	0.198827
d.17	0.487534	0.156334	0.164757	0.191375
d.17	0.499354	0.15282	0.136461	0.211365
d.17	0.480258	0.154518	0.160592	0.204632
d.17	0.493838	0.153846	0.146621	0.205695
d.17	0.488403	0.162028	0.151756	0.197813
d.17	0.525641	0.111111	0.108547	0.254701
d.17	0.507708	0.138737	0.156141	0.197414
d.17	0.499165	0.149014	0.149683	0.202138
d.17	0.494134	0.150449	0.150794	0.204624
d.17	0.491656	0.151904	0.142918	0.213522
d.17	0.477332	0.163536	0.15544	0.203692
d.17	0.487637	0.160725	0.157274	0.194365
d.17	0.490916	0.1413	0.157045	0.210739
d.17	0.52544	0.123288	0.152153	0.199119
d.17	0.525268	0.13438	0.130934	0.209418
d.17	0.526316	0.129234	0.139656	0.204794
d.17	0.486155	0.15815	0.162432	0.193263
d.17	0.472733	0.1627	0.173848	0.19072
d.17	0.485007	0.163043	0.147676	0.204273
d.17	0.481056	0.146871	0.167731	0.204342
d.17	0.49437	0.152924	0.14457	0.208137
d.17	0.488489	0.154841	0.159886	0.196783
d.17	0.508867	0.139553	0.138782	0.212799
d.17	0.500389	0.144488	0.149935	0.205188
d.17	0.500198	0.151924	0.130107	0.217771
d.17	0.526292	0.12809	0.142921	0.202697
d.17	0.507776	0.141049	0.134539	0.216637
d.17	0.501792	0.153524	0.137993	0.206691
d.17	0.534411	0.116397	0.131059	0.218133
d.17	0.491613	0.145376	0.156989	0.206022
d.17	0.494052	0.153007	0.146067	0.206874
d.17	0.519713	0.131514	0.137028	0.211745
d.17	0.506762	0.13411	0.142374	0.216754
d.17	0.508857	0.127127	0.142063	0.221952
d.17	0.501967	0.157817	0.118977	0.221239
d.17	0.487726	0.149606	0.148217	0.214451
d.17	0.490074	0.153999	0.168746	0.187181
d.17	0.491558	0.147736	0.155411	0.205295
d.17	0.493434	0.145643	0.155989	0.204934
d.17	0.479073	0.169283	0.15583	0.195815
d.17	0.49326	0.152485	0.141533	0.212721
d.17	0.491776	0.151727	0.155428	0.201069
d.17	0.493932	0.161104	0.130765	0.214199
d.17	0.4801	0.170576	0.149609	0.199716
d.17	0.500416	0.148795	0.13591	0.214879
d.17	0.481023	0.15264	0.155116	0.211221
d.17	0.485607	0.167084	0.150188	0.197121
d.17	0.480688	0.164568	0.139798	0.214945
d.17	0.490683	0.15528	0.138302	0.215735
d.17	0.477855	0.160554	0.157093	0.204498
d.17	0.514268	0.136476	0.120968	0.228288
d.17	0.487751	0.168921	0.138574	0.204753
d.17	0.497087	0.146759	0.143846	0.212309
d.17	0.487921	0.146413	0.159224	0.206442
d.17	0.507048	0.143612	0.137004	0.212335
d.17	0.479273	0.153699	0.16486	0.202168
d.17	0.477623	0.157895	0.152524	0.211958
d.17	0.480911	0.158807	0.155278	0.205005
d.17	0.481962	0.154401	0.152597	0.211039
d.17	0.494469	0.148968	0.153761	0.202802
d.17	0.489803	0.154657	0.14412	0.211421
d.17	0.479919	0.156936	0.163348	0.199798
d.17	0.490188	0.150981	0.149379	0.209451
d.17	0.485205	0.144473	0.160139	0.210183
d.20	0.498651	0.150435	0.147438	0.203476
d.20	0.518489	0.148312	0.13746	0.19574
d.20	0.494962	0.156336	0.14626	0.202443
d.20	0.506947	0.148763	0.136564	0.207726
d.20	0.484957	0.167757	0.153041	0.194245
d.20	0.503058	0.155455	0.137432	0.204055
d.20	0.513905	0.148952	0.122286	0.214857
d.20	0.498118	0.160916	0.136449	0.204517
d.20	0.478632	0.182336	0.144587	0.194444
d.20	0.505179	0.146341	0.137989	0.210491
d.20	0.500869	0.144247	0.136948	0.217935
d.20	0.547684	0.119437	0.11535	0.21753
d.20	0.521337	0.128422	0.138486	0.211755
d.20	0.490826	0.158544	0.149083	0.201548
d.20	0.500292	0.152835	0.144068	0.202805
d.20	0.489008	0.161913	0.153892	0.195187
d.20	0.49902	0.153178	0.142817	0.204985
d.20	0.498993	0.155019	0.143227	0.202761
d.20	0.487947	0.154516	0.146384	0.211153
d.20	0.492436	0.158352	0.142259	0.206952
d.20	0.484397	0.162778	0.151532	0.201293
d.20	0.497651	0.151895	0.144065	0.206389
d.20	0.497074	0.153988	0.143209	0.205728
d.20	0.50371	0.149006	0.139507	0.207777
d.20	0.48345	0.172852	0.148445	0.195252
d.20	0.510112	0.159551	0.11573	0.214607
d.20	0.494596	0.147489	0.150668	0.207247
d.20	0.49736	0.157465	0.143063	0.202112
d.20	0.491261	0.161985	0.142634	0.20412
d.20	0.493776	0.155009	0.144635	0.20658
d.20	0.533308	0.122386	0.134392	0.209915
d.20	0.527485	0.122027	0.130994	0.219493
d.20	0.530251	0.140017	0.117545	0.212187
d.20	0.503713	0.155631	0.133973	0.206683
d.20	0.505457	0.143124	0.14749	0.203929
d.20	0.482799	0.162599	0.149074	0.205528
d.20	0.494724	0.159983	0.151119	0.194175
d.20	0.509874	0.146649	0.126902	0.216575
d.20	0.489449	0.153283	0.153283	0.203986
d.20	0.490213	0.156596	0.146099	0.207092
d.218	0.489261	0.149233	0.150907	0.2106
d.218	0.485025	0.148158	0.151338	0.215478
d.218	0.49422	0.139738	0.158746	0.207295
d.218	0.484116	0.153085	0.159761	0.203039
d.218	0.483092	0.152013	0.160709	0.204187
d.218	0.483802	0.153464	0.161977	0.200757
d.218	0.490987	0.144635	0.141202	0.223176
d.218	0.499197	0.132825	0.164526	0.203451
d.218	0.488623	0.153105	0.156961	0.201311
d.218	0.500785	0.137624	0.144689	0.216902
d.218	0.504193	0.131289	0.140199	0.224319
d.218	0.510938	0.137931	0.130886	0.220245
d.218	0.478616	0.155694	0.165786	0.199904
d.218	0.505115	0.139386	0.140825	0.214674
d.218	0.476827	0.142157	0.163547	0.217469
d.218	0.479383	0.154087	0.164215	0.202315
d.218	0.475201	0.156117	0.165801	0.202881
d.218	0.479803	0.161405	0.14647	0.212322
d.218	0.519226	0.12233	0.135372	0.223072
d.218	0.488733	0.148668	0.150424	0.212174
d.218	0.496513	0.139483	0.144882	0.219123
d.218	0.488855	0.157537	0.151492	0.202116
d.218	0.516892	0.133836	0.132277	0.216996
d.218	0.489352	0.143634	0.152696	0.214318
d.218	0.492497	0.14643	0.160982	0.200091
d.218	0.500351	0.136736	0.145633	0.217279
d.218	0.48219	0.155391	0.156586	0.205833
d.218	0.521116	0.131222	0.125566	0.222097
d.218	0.487729	0.147249	0.159132	0.20589
d.218	0.484165	0.149227	0.161895	0.204712
d.2	0.504406	0.142323	0.146061	0.20721
d.2	0.497447	0.152443	0.149161	0.200948
d.2	0.508215	0.144916	0.143986	0.202883
d.2	0.489676	0.170584	0.144536	0.195203
d.2	0.502621	0.152744	0.144355	0.20028
d.2	0.487198	0.159034	0.143527	0.210242
d.2	0.485332	0.163015	0.147234	0.204419
d.2	0.49843	0.149137	0.145997	0.206436
d.2	0.502011	0.159781	0.140402	0.197806
d.2	0.501123	0.153817	0.137725	0.207335
d.2	0.503528	0.144077	0.143706	0.208689
d.2	0.528621	0.13183	0.130095	0.209454
d.2	0.503691	0.144631	0.144295	0.207383
d.2	0.51159	0.138667	0.125744	0.224
d.2	0.504224	0.144643	0.148023	0.203109
d.2	0.501012	0.150472	0.154184	0.194332
d.2	0.507236	0.146043	0.14176	0.204962
d.2	0.497098	0.153571	0.133259	0.216071
d.2	0.488683	0.157299	0.147126	0.206892
d.2	0.508961	0.136263	0.132089	0.222686
d.2	0.505941	0.153755	0.128327	0.211977
d.2	0.500272	0.153804	0.125272	0.220652
d.2	0.499824	0.16146	0.137592	0.201123
d.2	0.496078	0.170962	0.138787	0.194173
d.2	0.492308	0.154188	0.147692	0.205812
d.2	0.51459	0.147366	0.129382	0.208662
d.2	0.522656	0.129634	0.129392	0.218318
d.2	0.491467	0.149939	0.147298	0.211296
d.2	0.487767	0.155466	0.152369	0.204398
d.2	0.508601	0.149842	0.129923	0.211634
d.2	0.514115	0.137081	0.12488	0.223923
d.2	0.49462	0.151225	0.149432	0.204722
d.2	0.499834	0.148259	0.148259	0.203648
d.3	0.472413	0.164537	0.179278	0.183771
d.3	0.442599	0.174007	0.198195	0.185199
d.3	0.462034	0.167204	0.186283	0.184479
d.3	0.453189	0.1857	0.170525	0.190586
d.3	0.438081	0.186716	0.197196	0.178007
d.3	0.461288	0.182961	0.171094	0.184657
d.3	0.476145	0.166273	0.173831	0.183751
d.3	0.451779	0.171174	0.195907	0.181139
d.3	0.497326	0.158031	0.146045	0.198599
d.3	0.478363	0.168031	0.166992	0.186615
d.3	0.454839	0.162903	0.198387	0.183871
d.3	0.486526	0.162219	0.161559	0.189696
d.3	0.440826	0.175288	0.198921	0.184965
d.3	0.446707	0.17979	0.196257	0.177246
d.3	0.469905	0.174823	0.165035	0.190237
d.3	0.452933	0.173552	0.193548	0.179966
d.3	0.453869	0.172754	0.194218	0.179159
d.3	0.482203	0.137511	0.180408	0.199878
d.3	0.474483	0.170069	0.159172	0.196276
d.3	0.453162	0.170751	0.192688	0.183399
