1.10.10	0.495303	0.142613	0.130231	0.231853
1.10.10	0.52161	0.121212	0.117238	0.23994
1.10.10	0.522312	0.122822	0.114747	0.240119
1.10.10	0.497608	0.15311	0.15311	0.196172
1.10.10	0.510448	0.113859	0.128358	0.247335
1.10.10	0.528988	0.1133	0.121258	0.236453
1.10.10	0.49053	0.134519	0.155392	0.219559
1.10.10	0.510215	0.11472	0.12153	0.253536
1.10.10	0.580645	0.0554839	0.056129	0.307742
1.10.10	0.513091	0.135273	0.130182	0.221455
1.10.10	0.494898	0.144388	0.152551	0.208163
1.10.10	0.509036	0.131239	0.130379	0.229346
1.10.10	0.520331	0.128187	0.144039	0.207443
1.10.10	0.50288	0.150346	0.138825	0.207949
1.10.10	0.517169	0.144744	0.118859	0.219229
1.10.10	0.538811	0.0928984	0.100743	0.267547
1.10.10	0.499543	0.138152	0.145929	0.216377
1.10.10	0.497515	0.136389	0.111541	0.254555
1.10.10	0.530087	0.107826	0.100174	0.261913
1.10.10	0.527233	0.116776	0.115468	0.240523
1.10.10	0.490972	0.1529	0.144833	0.211295
1.10.10	0.510163	0.130662	0.135598	0.223577
1.10.10	0.50845	0.13345	0.140152	0.217949
1.10.10	0.487692	0.138462	0.147436	0.22641
1.10.10	0.521133	0.121724	0.112849	0.244294
1.10.10	0.513959	0.125212	0.11379	0.247039
1.10.10	0.491206	0.151173	0.134422	0.223199
1.10.10	0.496296	0.148584	0.134205	0.220915
1.10.10	0.520945	0.120301	0.113319	0.245435
1.10.10	0.480396	0.161568	0.149935	0.2081
1.10.10	0.531492	0.106077	0.132044	0.230387
1.10.10	0.529412	0.105795	0.107989	0.256804
1.10.10	0.518905	0.116418	0.107463	0.257214
1.10.10	0.506213	0.137763	0.140465	0.215559
1.10.10	0.522945	0.110943	0.106404	0.259708
1.10.10	0.483808	0.157017	0.149657	0.209519
1.10.10	0.49329	0.147154	0.158723	0.200833
1.10.10	0.483483	0.157658	0.146647	0.212212
1.10.10	0.525977	0.128381	0.120653	0.224989
1.10.10	0.511359	0.127633	0.136307	0.224701
1.10.10	0.555946	0.101933	0.0890451	0.253076
1.10.10	0.491188	0.146859	0.151378	0.210574
1.10.10	0.534748	0.0880637	0.100796	0.276393
1.10.10	0.517389	0.123551	0.127822	0.231239
1.10.10	0.526801	0.106365	0.110134	0.2567
1.10.10	0.519313	0.114592	0.116738	0.249356
1.10.10	0.528046	0.117021	0.106867	0.248066
1.10.10	0.527153	0.105508	0.119472	0.247867
1.10.10	0.530151	0.11005	0.098995	0.260804
1.10.10	0.522956	0.111422	0.108063	0.257559
1.10.10	0.540502	0.0967742	0.0928315	0.269892
1.10.10	0.530224	0.117087	0.0856735	0.267016
1.10.10	0.514937	0.126076	0.121519	0.237468
1.10.10	0.524953	0.122411	0.117232	0.235405
1.10.10	0.493897	0.146009	0.149296	0.210798
1.10.10	0.488673	0.159655	0.142395	0.209277
1.10.10	0.53172	0.112903	0.117204	0.238172
1.10.10	0.500886	0.14117	0.123449	0.234495
1.10.10	0.510302	0.133713	0.126699	0.229285
1.10.10	0.515982	0.109589	0.117808	0.256621
1.10.10	0.527012	0.115225	0.102758	0.255006
1.10.10	0.531688	0.102063	0.110538	0.255711
1.10.10	0.513013	0.130631	0.113614	0.242743
1.10.10	0.532488	0.105547	0.107765	0.2542
1.10.10	0.53054	0.118627	0.105502	0.245331
1.10.10	0.483556	0.164444	0.138222	0.213778
1.10.10	0.527012	0.11258	0.106158	0.25425
1.10.10	0.506014	0.13352	0.143144	0.217322
1.10.10	0.542117	0.0946677	0.0880989	0.275116
1.10.10	0.491963	0.14868	0.137773	0.221584
1.10.10	0.527336	0.112823	0.0989066	0.260934
1.10.10	0.530986	0.0947183	0.100352	0.273944
1.10.10	0.522119	0.104315	0.107045	0.266521
1.10.10	0.543219	0.0998847	0.084902	0.271994
1.10.10	0.514685	0.130477	0.120847	0.233991
1.10.10	0.50992	0.146917	0.132976	0.210188
1.10.10	0.530765	0.109833	0.123634	0.235768
1.10.10	0.539906	0.0884194	0.0954617	0.276213
1.10.10	0.546996	0.0932862	0.0809187	0.278799
1.10.10	0.545564	0.0927258	0.0959233	0.265787
1.10.10	0.499286	0.134222	0.128034	0.238458
1.10.10	0.539731	0.0909789	0.102495	0.266795
1.10.10	0.52769	0.100176	0.117813	0.254321
1.10.10	0.532194	0.104928	0.116057	0.24682
1.10.10	0.534267	0.102991	0.102613	0.260129
1.10.10	0.540511	0.100999	0.0939697	0.264521
1.10.10	0.542846	0.08888	0.0948585	0.273416
1.10.10	0.506924	0.123145	0.122651	0.24728
1.10.10	0.547813	0.0925281	0.0963995	0.26326
1.10.10	0.541201	0.100621	0.0881988	0.269979
1.10.10	0.525368	0.106929	0.100382	0.267321
1.10.10	0.547303	0.0946058	0.0946058	0.263485
1.10.10	0.517936	0.119235	0.121285	0.241544
1.10.10	0.500897	0.143524	0.132759	0.22282
1.10.10	0.520475	0.11276	0.102077	0.264688
1.10.10	0.548676	0.0904277	0.0847251	0.276171
1.10.10	0.5	0.150794	0.129908	0.219298
1.10.150	0.510779	0.12791	0.12906	0.232251
1.10.150	0.553881	0.0863014	0.108676	0.251142
1.10.150	0.522361	0.121901	0.11679	0.238947
1.10.150	0.531043	0.107616	0.113825	0.247517
1.10.150	0.508055	0.133353	0.130072	0.22852
1.10.150	0.511241	0.134891	0.126131	0.227737
1.10.150	0.496564	0.132732	0.149914	0.22079
1.10.150	0.537653	0.104641	0.111646	0.24606
1.10.150	0.522551	0.127916	0.123639	0.225894
1.10.150	0.531017	0.112903	0.117039	0.239041
1.10.150	0.517906	0.129477	0.123967	0.22865
1.10.150	0.518826	0.114914	0.134474	0.231785
1.10.150	0.531159	0.102886	0.116269	0.249686
1.10.150	0.520656	0.125197	0.119521	0.234626
1.10.150	0.526263	0.129565	0.117559	0.226613
1.10.150	0.525249	0.111989	0.1326	0.230161
1.10.150	0.525732	0.12109	0.11369	0.239489
1.10.150	0.517076	0.127354	0.112033	0.243537
1.10.150	0.523689	0.119712	0.122673	0.233926
1.10.150	0.513082	0.126356	0.117103	0.243459
1.10.150	0.497034	0.149466	0.139581	0.213919
1.10.150	0.533392	0.102575	0.112178	0.251855
1.10.150	0.524831	0.107668	0.12356	0.243941
1.10.150	0.528858	0.103971	0.119935	0.247237
1.10.150	0.535761	0.10136	0.105748	0.25713
1.10.150	0.522627	0.124764	0.111879	0.240729
1.10.150	0.515364	0.127168	0.117432	0.240037
1.10.150	0.526892	0.118039	0.114707	0.240362
1.10.150	0.530374	0.101869	0.11729	0.250467
1.10.150	0.519755	0.128331	0.112711	0.239204
1.10.150	0.514629	0.127194	0.119187	0.23899
1.10.150	0.512809	0.138876	0.12809	0.220225
1.10.150	0.496873	0.137608	0.152854	0.212666
1.10.150	0.516602	0.13411	0.137128	0.21216
1.10.150	0.536701	0.102763	0.107945	0.252591
1.10.150	0.536257	0.100738	0.106383	0.256622
1.10.150	0.522958	0.101498	0.131464	0.244079
1.10.150	0.53164	0.107862	0.11745	0.243049
1.10.150	0.530276	0.109973	0.114871	0.24488
1.10.150	0.516803	0.132304	0.115955	0.234938
1.10.150	0.517326	0.113738	0.145536	0.2234
1.10.150	0.515543	0.128963	0.120345	0.235149
1.10.150	0.515903	0.120865	0.119593	0.243639
1.10.150	0.530449	0.104578	0.115918	0.249055
1.10.150	0.522034	0.115593	0.119322	0.243051
1.10.150	0.521852	0.103418	0.138901	0.235829
1.10.150	0.518095	0.119238	0.137143	0.225524
1.10.150	0.532914	0.11153	0.0947589	0.260797
1.10.150	0.524264	0.118801	0.11721	0.239724
1.10.150	0.52334	0.122617	0.110782	0.243261
1.10.150	0.517779	0.129133	0.111666	0.241422
1.10.150	0.516944	0.130314	0.115219	0.237523
1.10.150	0.520264	0.127238	0.113415	0.239083
1.10.150	0.527321	0.121132	0.107307	0.24424
1.10.150	0.51213	0.134193	0.127748	0.225929
1.10.150	0.531993	0.105004	0.114848	0.248154
1.10.150	0.518624	0.122657	0.125267	0.233452
1.10.150	0.5178	0.123331	0.115702	0.243166
1.10.150	0.518822	0.130237	0.116576	0.234366
1.10.150	0.509192	0.140356	0.125474	0.224978
1.10.150	0.511418	0.13131	0.117788	0.239483
1.10.150	0.51789	0.132634	0.111968	0.237508
1.10.150	0.534125	0.106401	0.105977	0.253497
1.10.150	0.519588	0.131474	0.114542	0.234396
1.10.150	0.542472	0.0948315	0.10427	0.258427
1.10.238	0.518964	0.121795	0.125	0.234241
1.10.238	0.510425	0.127328	0.130108	0.232138
1.10.238	0.519459	0.118394	0.138468	0.223679
1.10.238	0.498419	0.127273	0.152569	0.221739
1.10.238	0.502502	0.146372	0.131359	0.219766
1.10.238	0.552036	0.0969619	0.105365	0.245637
1.10.238	0.498804	0.14673	0.131579	0.222887
1.10.238	0.504775	0.139017	0.136187	0.220021
1.10.238	0.518285	0.132093	0.128941	0.220681
1.10.238	0.516872	0.126406	0.128816	0.227906
1.10.238	0.514428	0.130115	0.126967	0.228489
1.10.238	0.517301	0.12699	0.130104	0.225606
1.10.238	0.556826	0.0907791	0.105075	0.24732
1.10.238	0.508678	0.129634	0.145275	0.216413
1.10.238	0.530079	0.113224	0.122304	0.234393
1.10.238	0.518709	0.124729	0.13205	0.224512
1.10.238	0.514968	0.12867	0.129534	0.226828
1.10.238	0.540858	0.110523	0.106408	0.24221
1.10.238	0.500606	0.136584	0.134161	0.228649
1.10.238	0.534639	0.110241	0.121386	0.233735
1.10.238	0.511651	0.138804	0.12462	0.224924
1.10.238	0.506916	0.143845	0.123098	0.226141
1.10.238	0.504075	0.150367	0.125917	0.219641
1.10.238	0.500607	0.141093	0.146964	0.211336
1.10.238	0.535982	0.118322	0.109934	0.235762
1.10.238	0.498727	0.148981	0.128183	0.224109
1.10.238	0.49265	0.15115	0.133434	0.222767
1.10.238	0.511551	0.129656	0.134842	0.223951
1.10.238	0.514036	0.132887	0.12001	0.233067
1.10.238	0.528971	0.131561	0.120654	0.218814
1.10.238	0.51659	0.124714	0.132151	0.226545
1.10.238	0.515748	0.138233	0.11986	0.226159
1.10.238	0.51474	0.1346	0.119085	0.231575
1.10.238	0.521047	0.123203	0.127823	0.227926
1.10.238	0.509442	0.131557	0.146874	0.212128
1.10.238	0.51657	0.124681	0.138818	0.21993
1.10.238	0.505843	0.137703	0.131606	0.224848
1.10.238	0.511818	0.113451	0.148689	0.226042
1.10.238	0.516382	0.120498	0.128892	0.234227
1.10.238	0.517533	0.12769	0.127207	0.22757
1.10.238	0.513923	0.12555	0.131656	0.228872
1.10.238	0.512886	0.12311	0.145048	0.218956
1.10.238	0.517037	0.136605	0.126915	0.219444
1.10.238	0.543721	0.106509	0.101249	0.248521
1.10.238	0.549251	0.103231	0.102443	0.245075
1.10.238	0.503608	0.131794	0.146224	0.218374
1.10.238	0.48356	0.161901	0.140815	0.213724
1.10.238	0.517054	0.136047	0.126744	0.220155
1.10.238	0.516777	0.135762	0.13245	0.215011
1.10.238	0.504099	0.134722	0.154664	0.206515
1.10.238	0.512612	0.137612	0.133408	0.216368
1.10.238	0.511776	0.125294	0.131653	0.231276
1.10.238	0.507825	0.121911	0.142916	0.227348
1.10.238	0.530373	0.118559	0.113113	0.237956
1.10.238	0.495912	0.154129	0.129191	0.220769
1.10.238	0.508245	0.139428	0.140889	0.211438
1.10.238	0.516293	0.132383	0.123557	0.227766
1.10.238	0.491545	0.155328	0.136846	0.21628
1.10.340	0.504568	0.128322	0.131645	0.235465
1.10.340	0.51116	0.132089	0.127698	0.229052
1.10.340	0.510569	0.128644	0.133017	0.22777
1.10.340	0.505824	0.136957	0.132016	0.225203
1.10.340	0.503142	0.139316	0.134078	0.223464
1.10.340	0.503167	0.138635	0.136172	0.222027
1.10.340	0.503527	0.14041	0.13873	0.217333
1.10.340	0.497424	0.137753	0.140158	0.224665
1.10.340	0.506977	0.134168	0.134168	0.224687
1.10.340	0.507068	0.131569	0.130845	0.230518
1.10.340	0.493386	0.145238	0.148148	0.213228
1.10.340	0.514892	0.139241	0.127327	0.218541
1.10.340	0.513483	0.137106	0.132169	0.217243
1.10.340	0.523259	0.131843	0.120792	0.224107
1.10.340	0.50555	0.143356	0.128132	0.222962
1.10.340	0.505143	0.13299	0.137399	0.224467
1.10.340	0.508106	0.135962	0.133751	0.222181
1.10.340	0.507243	0.143075	0.136468	0.213215
1.10.340	0.505226	0.144939	0.136964	0.212871
1.10.340	0.507616	0.131775	0.13638	0.22423
1.10.340	0.501573	0.137714	0.135966	0.224747
1.10.340	0.522161	0.124525	0.122837	0.230477
1.10.340	0.50469	0.13456	0.133117	0.227633
1.10.340	0.49687	0.151503	0.145242	0.206386
1.10.340	0.510275	0.133055	0.132358	0.224312
1.10.340	0.499155	0.139912	0.136871	0.224062
1.10.340	0.503448	0.13931	0.133103	0.224138
1.10.340	0.508062	0.136535	0.135849	0.219554
1.10.340	0.504141	0.137681	0.13285	0.225328
1.10.340	0.506041	0.13575	0.133618	0.224591
1.10.340	0.503717	0.138407	0.132743	0.225133
1.10.340	0.503753	0.147973	0.139181	0.209093
1.10.340	0.49515	0.152735	0.140351	0.211765
1.10.340	0.501686	0.138233	0.135536	0.224545
1.10.340	0.509164	0.134164	0.134164	0.222507
1.10.340	0.507199	0.137509	0.135349	0.219942
1.10.340	0.515887	0.131382	0.131025	0.221707
1.10.340	0.508549	0.132776	0.12841	0.230266
1.10.357	0.523595	0.115419	0.12083	0.240156
1.10.357	0.542214	0.106191	0.0945591	0.257036
1.10.357	0.530871	0.110214	0.109636	0.249279
1.10.357	0.526068	0.121951	0.121951	0.230029
1.10.357	0.543079	0.106261	0.0987938	0.251867
1.10.357	0.538226	0.106728	0.10581	0.249235
1.10.357	0.538387	0.0948387	0.10129	0.265484
1.10.357	0.534622	0.108857	0.112721	0.2438
1.10.357	0.51667	0.116394	0.127639	0.239298
1.10.357	0.525538	0.11828	0.119624	0.236559
1.10.357	0.531145	0.121232	0.115539	0.232083
1.10.357	0.533333	0.120563	0.114719	0.231385
1.10.357	0.522318	0.120364	0.121475	0.235843
1.10.357	0.51301	0.123098	0.135709	0.228183
1.10.357	0.526316	0.121575	0.11853	0.23358
1.10.357	0.524714	0.120656	0.119577	0.235053
1.10.357	0.52524	0.12161	0.119942	0.233208
1.10.357	0.526715	0.119363	0.107238	0.246684
1.10.357	0.541754	0.100557	0.0949896	0.2627
1.10.357	0.540677	0.105998	0.110748	0.242577
1.10.357	0.528952	0.112637	0.124472	0.233939
1.10.357	0.537801	0.11134	0.0996564	0.251203
1.10.357	0.532166	0.109031	0.121715	0.237088
1.10.357	0.523239	0.12511	0.114586	0.237065
1.10.357	0.534421	0.113077	0.106995	0.245507
1.10.357	0.52605	0.127881	0.109567	0.236501
1.10.357	0.528673	0.126812	0.113179	0.231335
1.10.357	0.52971	0.112681	0.102536	0.255072
1.10.357	0.523674	0.11587	0.12158	0.238877
1.10.357	0.528951	0.120501	0.110485	0.240063
1.10.357	0.523985	0.115476	0.127198	0.233341
1.10.357	0.529488	0.108859	0.114835	0.246817
1.10.357	0.524179	0.117016	0.124772	0.234033
1.10.357	0.530413	0.116566	0.108547	0.244475
1.10.357	0.526118	0.113511	0.120291	0.24008
1.10.357	0.523235	0.122602	0.12636	0.227803
1.10.357	0.52349	0.107919	0.120537	0.248054
1.10.357	0.535091	0.119403	0.104478	0.241029
1.10.357	0.515047	0.126474	0.127084	0.231395
1.10.357	0.534208	0.105967	0.116255	0.24357
1.10.357	0.540835	0.104537	0.0950998	0.259528
1.10.357	0.535285	0.107357	0.103979	0.253378
1.10.357	0.511599	0.129097	0.118003	0.241301
1.10.357	0.513459	0.132301	0.125444	0.228796
1.10.357	0.541258	0.108303	0.105982	0.244456
1.10.357	0.515447	0.121254	0.126132	0.237166
1.10.357	0.52144	0.117343	0.126149	0.235069
1.10.357	0.525106	0.117662	0.118411	0.238821
1.10.357	0.514821	0.118331	0.127579	0.23927
1.10.357	0.518573	0.128243	0.113208	0.239976
1.10.357	0.533643	0.105736	0.114109	0.246512
1.10.357	0.524276	0.121692	0.1219	0.232132
1.10.357	0.53222	0.11611	0.117289	0.234381
1.10.357	0.523173	0.128149	0.106065	0.242613
1.10.357	0.535662	0.111829	0.111829	0.240681
1.10.357	0.517452	0.124365	0.115554	0.24263
1.10.357	0.520557	0.12243	0.120146	0.236866
1.10.357	0.515481	0.12692	0.123139	0.23446
1.10.357	0.531915	0.112494	0.112494	0.243096
1.10.357	0.523951	0.119526	0.121122	0.235401
1.10.357	0.526614	0.109606	0.125984	0.237795
1.10.357	0.523428	0.119194	0.126182	0.231196
1.10.357	0.526921	0.1194	0.120016	0.233662
1.10.357	0.534123	0.111873	0.107822	0.246183
1.10.357	0.527716	0.116227	0.120027	0.23603
1.10.357	0.534667	0.106222	0.0968889	0.262222
1.10.357	0.526701	0.120087	0.117376	0.235836
1.10.357	0.520051	0.126459	0.120942	0.232548
1.10.357	0.537935	0.10852	0.108831	0.244714
1.10.418	0.529246	0.122227	0.123437	0.225091
1.10.418	0.504643	0.129189	0.130803	0.235365
1.10.418	0.512481	0.140318	0.128215	0.218986
1.10.418	0.517385	0.138322	0.134543	0.209751
1.10.418	0.513941	0.13253	0.137694	0.215835
1.10.418	0.527534	0.128492	0.129689	0.214286
1.10.418	0.5253	0.128645	0.117925	0.22813
1.10.418	0.520692	0.122732	0.144274	0.212302
1.10.418	0.522384	0.117733	0.140988	0.218895
1.10.418	0.526477	0.130084	0.123177	0.220261
1.10.418	0.513535	0.139394	0.125657	0.221414
1.10.418	0.539651	0.114195	0.114988	0.231166
1.10.418	0.51874	0.143939	0.120016	0.217305
1.10.418	0.517606	0.135563	0.12544	0.221391
1.10.418	0.522121	0.13638	0.126874	0.214625
1.10.418	0.502089	0.142061	0.141017	0.214833
1.10.418	0.518797	0.132474	0.126387	0.222342
1.10.418	0.511507	0.134173	0.13287	0.22145
1.10.418	0.518707	0.140476	0.128571	0.212245
1.10.418	0.520154	0.135077	0.135506	0.209262
1.10.418	0.501715	0.15435	0.136264	0.207671
1.10.418	0.516264	0.1329	0.130576	0.22026
1.10.418	0.520532	0.13727	0.120454	0.221744
1.10.418	0.52254	0.128185	0.128185	0.22109
1.10.418	0.513253	0.143201	0.138382	0.205164
1.10.418	0.520426	0.139149	0.119574	0.220851
1.10.418	0.515228	0.137418	0.136693	0.21066
1.10.418	0.523723	0.128939	0.134372	0.212966
1.10.418	0.520111	0.13546	0.139621	0.204808
1.10.418	0.526383	0.132766	0.118298	0.222553
1.10.418	0.527722	0.126512	0.121976	0.22379
1.10.418	0.527975	0.14032	0.12167	0.210036
1.10.418	0.511566	0.13968	0.136121	0.212633
1.10.418	0.511993	0.140199	0.135649	0.212159
1.10.418	0.533816	0.118841	0.116425	0.230918
1.10.418	0.529244	0.129815	0.116025	0.224917
1.10.418	0.516165	0.138134	0.130419	0.215283
1.10.418	0.534348	0.125874	0.114768	0.22501
1.10.418	0.518007	0.140415	0.123318	0.218261
1.10.418	0.504291	0.148987	0.135942	0.210779
1.10.418	0.509943	0.141557	0.139198	0.209302
1.10.418	0.498427	0.151982	0.139081	0.21051
1.10.418	0.518213	0.140443	0.123545	0.217799
1.10.418	0.502883	0.158232	0.134209	0.204676
1.10.418	0.521538	0.135385	0.119615	0.223462
1.10.418	0.512989	0.133165	0.140479	0.213367
1.10.490	0.529396	0.122087	0.110434	0.238083
1.10.490	0.533435	0.119627	0.11485	0.232089
1.10.490	0.526125	0.121822	0.118469	0.233585
1.10.490	0.523285	0.115439	0.124471	0.236805
1.10.490	0.530221	0.114139	0.109282	0.246357
1.10.490	0.521025	0.121423	0.117193	0.240358
1.10.490	0.535703	0.110791	0.11015	0.243356
1.10.490	0.522482	0.123801	0.116906	0.236811
1.10.490	0.530697	0.124557	0.105077	0.239669
1.10.490	0.514278	0.136189	0.133169	0.216365
1.10.490	0.52299	0.12522	0.130894	0.220896
1.10.490	0.534468	0.110883	0.103843	0.250807
1.10.490	0.532294	0.110802	0.105512	0.251392
1.10.490	0.545138	0.0966107	0.097561	0.260691
1.10.490	0.509319	0.118296	0.133511	0.238874
1.10.490	0.523868	0.108527	0.119135	0.24847
1.10.490	0.530033	0.119802	0.111551	0.238614
1.10.490	0.538331	0.108911	0.113154	0.239604
1.10.490	0.532123	0.109218	0.110615	0.248045
1.10.490	0.526611	0.120448	0.115355	0.237586
1.10.490	0.516947	0.136925	0.127946	0.218182
1.10.490	0.532011	0.111898	0.107082	0.249008
1.10.490	0.538395	0.107276	0.101237	0.253092
1.10.490	0.542323	0.10794	0.103346	0.246391
1.10.490	0.534684	0.119705	0.108349	0.237262
1.10.490	0.527469	0.118644	0.122735	0.231151
1.10.490	0.523001	0.12226	0.116703	0.238036
1.10.490	0.525489	0.117987	0.112536	0.243988
1.10.490	0.536019	0.10938	0.105263	0.249338
1.10.490	0.527732	0.112867	0.10843	0.250971
1.10.490	0.538841	0.113913	0.102609	0.244638
1.10.490	0.522758	0.127121	0.117425	0.232696
1.10.490	0.538883	0.113738	0.105858	0.241521
1.10.490	0.523901	0.130895	0.125441	0.219763
1.10.490	0.537411	0.113629	0.110525	0.238435
1.10.490	0.556289	0.10231	0.106711	0.23469
1.10.490	0.520897	0.130639	0.119015	0.229449
1.10.490	0.511535	0.144118	0.116206	0.22814
1.10.490	0.52145	0.11994	0.121148	0.237462
1.10.490	0.530783	0.114465	0.112971	0.241781
1.10.490	0.537209	0.116576	0.10412	0.242095
1.10.490	0.536563	0.105119	0.102072	0.256246
1.10.490	0.53303	0.109394	0.104242	0.253333
1.10.490	0.542158	0.109353	0.107338	0.241151
1.10.490	0.527602	0.120759	0.114434	0.237205
1.10.490	0.547308	0.10258	0.0981204	0.251991
1.10.490	0.539054	0.119819	0.101488	0.239639
1.10.490	0.527391	0.123186	0.11223	0.237193
1.10.490	0.528407	0.124227	0.110392	0.236974
1.10.490	0.517556	0.124363	0.121683	0.236398
1.10.490	0.539508	0.108484	0.106865	0.245142
1.10.490	0.526444	0.1231	0.113678	0.236778
1.10.490	0.524722	0.123791	0.125761	0.225726
1.10.490	0.511437	0.119371	0.121158	0.248034
1.10.490	0.534361	0.117103	0.113097	0.235439
1.10.490	0.521649	0.123122	0.117526	0.237703
1.10.490	0.522351	0.125977	0.117224	0.234448
1.10.490	0.517989	0.109158	0.124693	0.24816
1.10.490	0.509931	0.122788	0.126038	0.241242
1.10.490	0.531954	0.117772	0.112295	0.237979
1.10.490	0.516907	0.132483	0.118348	0.232262
1.10.490	0.528329	0.120035	0.112442	0.239194
1.10.490	0.529496	0.126575	0.111397	0.232532
1.10.490	0.52445	0.125822	0.112096	0.237632
1.10.490	0.530391	0.116015	0.116808	0.236786
1.10.490	0.501147	0.12881	0.135693	0.234349
1.10.490	0.520085	0.117336	0.129316	0.233263
1.10.490	0.520392	0.123411	0.10964	0.246557
1.10.490	0.524087	0.119422	0.115112	0.241379
1.10.490	0.535258	0.110638	0.101216	0.252888
1.10.490	0.540074	0.103087	0.102237	0.254602
1.10.490	0.535357	0.113892	0.107322	0.243429
1.10.490	0.519783	0.13252	0.121409	0.226287
1.10.490	0.537873	0.115787	0.104055	0.242285
1.10.490	0.527959	0.119435	0.116992	0.235613
1.10.490	0.518587	0.110409	0.130855	0.240149
1.10.490	0.53148	0.118264	0.112309	0.237947
1.10.490	0.527738	0.121479	0.111238	0.239545
1.10.490	0.563813	0.0656974	0.0613893	0.309101
1.10.490	0.528807	0.12522	0.109935	0.236038
1.10.490	0.525666	0.115288	0.120898	0.238149
1.10.490	0.520231	0.127993	0.119736	0.23204
1.10.490	0.508665	0.121645	0.12946	0.240231
1.10.490	0.533667	0.11306	0.108049	0.245224
1.10.490	0.521874	0.13322	0.115721	0.229184
1.10.490	0.523896	0.119026	0.11933	0.237747
1.10.490	0.531758	0.119975	0.112304	0.235962
1.10.490	0.529648	0.128044	0.11544	0.226869
1.10.490	0.527424	0.121393	0.118534	0.232649
1.10.490	0.536845	0.110693	0.10693	0.245532
1.10.490	0.525638	0.114661	0.118011	0.24169
1.10.490	0.532442	0.111554	0.104724	0.251281
1.10.490	0.529963	0.116444	0.112752	0.240841
1.10.490	0.525357	0.115425	0.114105	0.245114
1.10.490	0.530948	0.125781	0.108745	0.234526
1.10.490	0.513846	0.133254	0.128284	0.224615
1.10.490	0.52385	0.112539	0.119966	0.243645
1.10.490	0.508631	0.112006	0.136939	0.242424
1.10.490	0.505162	0.128871	0.128538	0.237429
1.10.490	0.510334	0.121622	0.122814	0.245231
1.10.490	0.528893	0.123479	0.115876	0.231752
1.10.490	0.528159	0.125182	0.116428	0.230231
1.10.490	0.526797	0.123934	0.112363	0.236906
1.10.490	0.530372	0.125113	0.112421	0.232094
1.10.490	0.522812	0.12769	0.117934	0.231564
1.10.490	0.526362	0.127835	0.114286	0.231517
1.10.490	0.513346	0.128067	0.130493	0.228094
1.10.490	0.520688	0.129371	0.116259	0.233683
1.10.490	0.521523	0.123865	0.116837	0.237775
1.10.490	0.522101	0.132032	0.112514	0.233352
1.10.490	0.53577	0.110278	0.108404	0.245548
1.10.490	0.529464	0.125	0.1125	0.233036
1.10.490	0.517698	0.129784	0.117122	0.235396
1.10.490	0.535472	0.114744	0.109192	0.240592
1.10.490	0.520636	0.133296	0.118238	0.22783
1.10.490	0.532447	0.110939	0.114339	0.242274
1.10.490	0.531915	0.124745	0.111338	0.232002
1.10.490	0.524397	0.11936	0.113326	0.242917
1.10.490	0.521501	0.119364	0.116497	0.242637
1.10.490	0.520478	0.125561	0.123169	0.230792
1.10.490	0.522037	0.118225	0.122394	0.237344
1.10.490	0.524336	0.117889	0.116625	0.24115
1.10.490	0.520772	0.122487	0.122755	0.233986
1.10.510	0.479831	0.160559	0.15054	0.209069
1.10.510	0.492131	0.149636	0.150576	0.207658
1.10.510	0.489421	0.153401	0.151385	0.205793
1.10.510	0.490613	0.147893	0.163955	0.197539
1.10.510	0.486611	0.158996	0.154393	0.2
1.10.510	0.481597	0.155794	0.162804	0.199805
1.10.510	0.486611	0.159908	0.147921	0.20556
1.10.510	0.493644	0.152542	0.158663	0.195151
1.10.510	0.482042	0.155367	0.158596	0.203995
1.10.510	0.487353	0.152925	0.160649	0.199073
1.10.510	0.497148	0.145811	0.160071	0.19697
1.10.510	0.485184	0.162386	0.154287	0.198143
1.10.510	0.490205	0.148829	0.151457	0.209508
1.10.510	0.488731	0.151937	0.155482	0.203849
1.10.510	0.49552	0.151237	0.143131	0.210111
1.10.510	0.490499	0.15677	0.159739	0.192993
1.10.510	0.487377	0.153883	0.1522	0.20654
1.10.510	0.486563	0.155116	0.153701	0.20462
1.10.510	0.490734	0.146845	0.152709	0.209711
1.10.510	0.492252	0.151356	0.144438	0.211954
1.10.510	0.479619	0.1594	0.165484	0.195498
1.10.510	0.491483	0.146945	0.157847	0.203725
1.10.510	0.478026	0.169654	0.148785	0.203535
1.10.510	0.489476	0.142798	0.1591	0.208626
1.10.510	0.479719	0.154997	0.160662	0.204623
1.10.510	0.485951	0.157219	0.163554	0.193276
1.10.510	0.487334	0.153846	0.152684	0.206135
1.10.510	0.487062	0.154568	0.154568	0.203801
1.10.510	0.482124	0.147451	0.173048	0.197377
1.10.510	0.488336	0.157298	0.151522	0.202844
1.10.510	0.494996	0.152742	0.144256	0.208007
1.10.510	0.493077	0.150199	0.14574	0.210983
1.10.510	0.481513	0.161787	0.156016	0.200684
1.10.510	0.469968	0.168794	0.169474	0.191765
1.10.510	0.494429	0.151114	0.153435	0.201021
1.10.510	0.486779	0.161357	0.15532	0.196544
1.10.510	0.482846	0.159527	0.155456	0.202171
1.10.510	0.486074	0.152267	0.162228	0.199431
1.10.510	0.484821	0.147032	0.17082	0.197327
1.10.510	0.498378	0.147091	0.152931	0.201601
1.10.510	0.488803	0.152908	0.157253	0.201036
1.10.510	0.483951	0.155263	0.160239	0.200547
1.10.510	0.491015	0.149383	0.152197	0.207404
1.10.510	0.489108	0.155306	0.148747	0.20684
1.10.510	0.474547	0.154443	0.169327	0.201682
1.10.510	0.484763	0.157808	0.1545	0.202929
1.10.510	0.490179	0.157483	0.155397	0.196941
1.10.510	0.487911	0.148601	0.149959	0.213529
1.10.510	0.490168	0.156834	0.149794	0.203205
1.10.510	0.480116	0.163215	0.157208	0.199461
1.10.510	0.500526	0.132492	0.143796	0.223186
1.10.510	0.484503	0.156652	0.16382	0.195024
1.10.510	0.488152	0.151659	0.153239	0.206951
1.10.510	0.490765	0.15228	0.148134	0.20882
1.10.510	0.485649	0.143964	0.158314	0.212073
1.10.510	0.473496	0.159655	0.163021	0.203828
1.10.510	0.482809	0.151031	0.15889	0.207269
1.10.510	0.48443	0.151408	0.163341	0.20082
1.10.510	0.49613	0.147066	0.154307	0.202497
1.10.510	0.489265	0.151211	0.151439	0.208086
1.10.510	0.485547	0.157101	0.161709	0.195643
1.10.510	0.489487	0.155088	0.155929	0.199495
1.10.510	0.487995	0.147342	0.161502	0.20316
1.10.510	0.494246	0.154305	0.155158	0.196292
1.10.510	0.477506	0.159465	0.15902	0.204009
1.10.510	0.487138	0.160312	0.14791	0.204639
1.10.510	0.491032	0.152353	0.150876	0.20574
1.10.510	0.489785	0.158618	0.156018	0.195579
1.10.510	0.488157	0.156846	0.148469	0.206528
1.10.510	0.489649	0.152084	0.150704	0.207563
1.10.510	0.492262	0.153279	0.139769	0.214689
1.10.510	0.490235	0.152534	0.152534	0.204697
1.10.510	0.487342	0.151168	0.151412	0.210078
1.10.510	0.485204	0.156411	0.153124	0.205261
1.10.510	0.490096	0.14886	0.158764	0.202281
1.10.510	0.485481	0.153131	0.161751	0.199637
1.10.510	0.494265	0.14932	0.148046	0.208369
1.10.510	0.478841	0.162185	0.156139	0.202835
1.10.510	0.483676	0.151166	0.157202	0.207956
1.10.510	0.480686	0.155235	0.161372	0.202708
1.10.510	0.474645	0.156412	0.162723	0.20622
1.10.510	0.488318	0.147664	0.148364	0.215654
1.10.510	0.501966	0.142494	0.129308	0.226232
1.10.510	0.488966	0.145877	0.155401	0.209756
1.10.510	0.487089	0.158739	0.147051	0.207122
1.10.510	0.489388	0.150437	0.153974	0.206201
1.10.510	0.481747	0.158409	0.159061	0.200782
1.10.510	0.495915	0.144095	0.156474	0.203516
1.10.510	0.487294	0.153486	0.163854	0.195365
1.10.510	0.476067	0.158761	0.166125	0.199047
1.10.510	0.495743	0.149851	0.153895	0.200511
1.10.510	0.4914	0.152406	0.161768	0.194426
1.10.510	0.480892	0.156613	0.167291	0.195204
1.10.510	0.482112	0.155603	0.156897	0.205388
1.10.510	0.484878	0.153983	0.152599	0.208539
1.10.510	0.491707	0.154146	0.156098	0.198049
1.10.510	0.487056	0.15226	0.151821	0.208864
1.10.510	0.490069	0.151963	0.152887	0.205081
1.10.510	0.494024	0.15073	0.156264	0.198982
1.10.510	0.488298	0.152011	0.150648	0.209043
1.10.510	0.480796	0.151991	0.166745	0.200468
1.10.510	0.491474	0.154062	0.150652	0.203811
1.10.510	0.495827	0.151139	0.153846	0.199188
1.10.510	0.478027	0.154044	0.164329	0.2036
1.10.510	0.486559	0.14619	0.15952	0.207732
1.10.510	0.47892	0.155348	0.155348	0.210384
1.10.510	0.482448	0.157732	0.159867	0.199953
1.10.510	0.488588	0.153662	0.151805	0.205945
1.10.510	0.485173	0.150705	0.154594	0.209528
1.10.510	0.497805	0.142888	0.144644	0.214662
1.10.510	0.49534	0.139791	0.152217	0.212652
1.10.510	0.493611	0.15452	0.147421	0.204449
1.10.510	0.48023	0.156888	0.151148	0.211735
1.10.510	0.482339	0.153959	0.157125	0.206577
1.10.510	0.489942	0.156301	0.154682	0.199075
1.10.510	0.495264	0.147453	0.150849	0.206434
1.10.510	0.491626	0.157303	0.146279	0.204791
1.10.510	0.473338	0.160851	0.166996	0.198815
1.10.510	0.478385	0.16252	0.159462	0.199633
1.10.510	0.48898	0.152238	0.157919	0.200863
1.10.510	0.484001	0.157595	0.16164	0.196764
1.10.510	0.480359	0.169981	0.151552	0.198109
1.10.510	0.48111	0.153218	0.164179	0.201493
1.10.510	0.476673	0.167406	0.165083	0.190838
1.10.510	0.486793	0.151052	0.16591	0.196244
1.10.510	0.481722	0.154878	0.167424	0.195977
1.10.510	0.483382	0.153968	0.152611	0.210038
1.10.510	0.476327	0.159656	0.165382	0.198635
1.10.510	0.484139	0.15471	0.155198	0.205954
1.10.510	0.484903	0.157503	0.157278	0.200315
1.10.510	0.486514	0.15611	0.162444	0.194933
1.10.510	0.491592	0.15184	0.154034	0.202535
1.10.510	0.482336	0.152338	0.162957	0.202369
1.10.510	0.485893	0.155985	0.155381	0.202741
1.10.510	0.474387	0.163922	0.163008	0.198683
1.10.510	0.486251	0.153529	0.159487	0.200733
1.10.510	0.48334	0.15314	0.168304	0.195216
1.10.510	0.489177	0.14992	0.156756	0.204147
1.10.510	0.481683	0.154383	0.158308	0.205626
1.10.510	0.480617	0.162985	0.158816	0.197582
1.10.510	0.496215	0.135882	0.156699	0.211204
1.10.510	0.480017	0.157037	0.158775	0.20417
1.10.510	0.489018	0.137867	0.167505	0.20561
1.10.510	0.480045	0.151549	0.152386	0.21602
1.10.510	0.494354	0.156336	0.148557	0.200753
1.10.510	0.492875	0.148924	0.148645	0.209556
1.10.510	0.491591	0.15185	0.15137	0.20519
1.10.510	0.488423	0.151766	0.163258	0.196552
1.10.510	0.487955	0.155883	0.157476	0.198686
1.10.510	0.499517	0.146996	0.149701	0.203786
1.10.510	0.486958	0.15842	0.155543	0.199079
1.10.510	0.495394	0.152303	0.151689	0.200614
1.10.510	0.482371	0.157999	0.15866	0.20097
1.10.510	0.48998	0.153794	0.152218	0.204008
1.10.510	0.498077	0.15	0.151683	0.20024
1.10.510	0.477219	0.153746	0.162384	0.206651
1.10.510	0.487958	0.158237	0.146195	0.207611
1.10.510	0.486161	0.151865	0.159085	0.202888
1.10.510	0.486814	0.151373	0.166727	0.195087
1.10.510	0.489245	0.155832	0.154398	0.200526
1.10.510	0.488889	0.149395	0.152915	0.208801
1.10.510	0.484868	0.153846	0.157629	0.203657
1.10.510	0.50421	0.138601	0.131153	0.226036
1.10.510	0.484522	0.15324	0.161507	0.200731
1.10.510	0.492693	0.152836	0.146644	0.207828
1.10.510	0.483508	0.157421	0.156672	0.202399
1.10.510	0.495341	0.148626	0.150538	0.205496
1.10.510	0.484705	0.15632	0.157445	0.201529
1.10.510	0.497554	0.148239	0.146526	0.207681
1.10.510	0.486984	0.158214	0.154174	0.200628
1.10.510	0.481431	0.159945	0.153338	0.205286
1.10.510	0.49458	0.142051	0.153117	0.210253
1.10.510	0.493429	0.150513	0.153388	0.202669
1.10.510	0.485246	0.158963	0.156746	0.199045
1.10.510	0.493574	0.147898	0.155304	0.203224
1.10.510	0.489037	0.154312	0.147839	0.208812
1.10.510	0.486399	0.148917	0.160443	0.204242
1.10.510	0.48091	0.157392	0.158002	0.203696
1.10.510	0.485961	0.158387	0.150948	0.204704
1.10.510	0.480357	0.158532	0.170238	0.190873
1.10.510	0.493846	0.147908	0.159991	0.198255
1.10.510	0.491095	0.155704	0.155528	0.197672
1.10.510	0.476723	0.162207	0.163856	0.197214
1.10.510	0.485944	0.159176	0.158102	0.196777
1.10.510	0.496901	0.14713	0.153597	0.202371
1.10.510	0.507262	0.140398	0.134481	0.217859
1.10.510	0.50997	0.136575	0.147774	0.205682
1.10.510	0.471399	0.1583	0.167173	0.203129
1.10.510	0.487118	0.158158	0.15792	0.196803
1.10.510	0.489133	0.154995	0.157409	0.198463
1.10.510	0.481466	0.152086	0.160771	0.205677
1.10.510	0.484279	0.152103	0.165374	0.198244
1.10.510	0.487257	0.155752	0.157522	0.199469
1.10.510	0.490951	0.152484	0.157682	0.198883
1.10.510	0.496367	0.148158	0.147898	0.207577
1.10.510	0.490929	0.154317	0.153005	0.201749
1.10.510	0.485442	0.151736	0.166293	0.196529
1.10.530	0.504406	0.142323	0.146061	0.20721
1.10.530	0.497447	0.152443	0.149161	0.200948
1.10.530	0.502621	0.152744	0.144355	0.20028
1.10.530	0.487198	0.159034	0.143527	0.210242
1.10.530	0.485332	0.163015	0.147234	0.204419
1.10.530	0.49843	0.149137	0.145997	0.206436
1.10.530	0.502011	0.159781	0.140402	0.197806
1.10.530	0.501123	0.153817	0.137725	0.207335
1.10.530	0.503528	0.144077	0.143706	0.208689
1.10.530	0.528621	0.13183	0.130095	0.209454
1.10.530	0.503691	0.144631	0.144295	0.207383
1.10.530	0.504224	0.144643	0.148023	0.203109
1.10.530	0.501012	0.150472	0.154184	0.194332
1.10.530	0.496653	0.157417	0.131937	0.213993
1.10.530	0.481048	0.159569	0.128217	0.231165
1.10.530	0.508961	0.136263	0.132089	0.222686
1.10.530	0.508103	0.141361	0.131638	0.218898
1.10.530	0.500272	0.153804	0.125272	0.220652
1.10.530	0.495579	0.137738	0.153094	0.213588
1.10.530	0.499824	0.16146	0.137592	0.201123
1.10.530	0.492308	0.154188	0.147692	0.205812
1.10.530	0.487472	0.149064	0.154456	0.209007
1.10.530	0.503521	0.148528	0.147247	0.200704
1.10.530	0.487767	0.155466	0.152369	0.204398
1.10.530	0.511867	0.132911	0.131593	0.223629
1.10.530	0.49462	0.151225	0.149432	0.204722
1.10.530	0.498757	0.146986	0.149782	0.204475
1.10.530	0.499834	0.148259	0.148259	0.203648
1.10.530	0.489587	0.149518	0.153559	0.207336
1.10.530	0.502726	0.134951	0.134133	0.22819
1.10.530	0.498472	0.158579	0.134314	0.208636
1.10.530	0.492251	0.162728	0.137931	0.20709
1.10.565	0.512305	0.147664	0.126947	0.213084
1.10.565	0.520436	0.137602	0.123127	0.218835
1.10.565	0.5215	0.135535	0.123495	0.21947
1.10.565	0.530575	0.125254	0.121929	0.222243
1.10.565	0.536091	0.120726	0.11545	0.227733
1.10.565	0.515942	0.134859	0.124027	0.225172
1.10.565	0.517537	0.132225	0.125967	0.224271
1.10.565	0.522784	0.134869	0.127191	0.215156
1.10.565	0.512686	0.139078	0.133354	0.214882
1.10.565	0.50816	0.141937	0.134751	0.215152
1.10.565	0.522943	0.140831	0.118305	0.217921
1.10.565	0.515095	0.14276	0.124169	0.217977
1.10.565	0.533165	0.12235	0.117098	0.227388
1.10.565	0.525806	0.132796	0.11595	0.225448
1.10.565	0.522624	0.136791	0.117821	0.222764
1.10.565	0.514674	0.14058	0.128804	0.215942
1.10.565	0.524749	0.129584	0.123993	0.221674
1.10.565	0.529402	0.120007	0.120693	0.229899
1.10.565	0.524042	0.134667	0.121217	0.220074
1.10.565	0.518481	0.131378	0.138409	0.211732
1.10.565	0.51677	0.134319	0.129232	0.219679
1.10.565	0.517104	0.133629	0.130116	0.219151
1.10.565	0.524587	0.136037	0.118988	0.220388
1.10.565	0.526744	0.125814	0.123953	0.223488
1.10.565	0.511586	0.144454	0.127855	0.216105
1.10.565	0.516301	0.139436	0.131884	0.212378
1.10.565	0.529895	0.127967	0.118508	0.22363
1.10.565	0.5067	0.146157	0.131834	0.215309
1.10.565	0.527963	0.131451	0.118144	0.222442
1.10.565	0.521951	0.127017	0.129081	0.221951
1.10.565	0.52195	0.135045	0.125475	0.21753
1.10.565	0.514313	0.135814	0.132952	0.216921
1.10.565	0.534964	0.130856	0.115624	0.218555
1.10.565	0.540251	0.117658	0.110715	0.231375
1.10.565	0.504437	0.152026	0.128956	0.214581
1.10.565	0.52247	0.136535	0.118182	0.222813
1.10.565	0.520438	0.137785	0.128574	0.213203
1.10.565	0.500793	0.148824	0.139836	0.210547
1.10.565	0.532613	0.120923	0.117747	0.228717
1.10.565	0.52595	0.128053	0.121608	0.224389
1.10.565	0.518207	0.135135	0.134811	0.211847
1.10.565	0.515866	0.13705	0.127078	0.220006
1.10.565	0.517768	0.131062	0.131898	0.219273
1.10.565	0.524738	0.133808	0.119565	0.221889
1.10.565	0.517795	0.132507	0.135049	0.214649
1.10.565	0.506696	0.146372	0.127998	0.218935
1.10.565	0.50988	0.148863	0.128807	0.21245
1.10.565	0.520252	0.135734	0.125113	0.218902
1.10.565	0.514388	0.143391	0.125996	0.216225
1.10.565	0.53206	0.126537	0.115188	0.226215
1.10.630	0.499083	0.151694	0.151115	0.198109
1.10.630	0.502472	0.142059	0.15216	0.20331
1.10.630	0.495815	0.150669	0.150016	0.2035
1.10.630	0.495311	0.151434	0.153457	0.199798
1.10.630	0.494205	0.145791	0.156161	0.203843
1.10.630	0.501828	0.149064	0.146591	0.202517
1.10.630	0.501114	0.152755	0.147184	0.198947
1.10.630	0.500802	0.144433	0.151755	0.203009
1.10.630	0.495815	0.153917	0.152159	0.198108
1.10.630	0.50163	0.147718	0.150469	0.200183
1.10.630	0.506499	0.14182	0.142447	0.209234
1.10.630	0.498567	0.150015	0.15209	0.199328
1.10.630	0.499168	0.149803	0.151467	0.199562
1.10.630	0.499615	0.148332	0.149213	0.202841
1.10.630	0.497812	0.148866	0.155529	0.197792
1.10.630	0.503253	0.147578	0.144273	0.204895
1.10.630	0.498258	0.1536	0.1506	0.197542
1.10.630	0.496151	0.154266	0.146996	0.202587
1.10.630	0.505508	0.141412	0.151707	0.201373
1.10.630	0.489242	0.160247	0.155206	0.195305
1.10.630	0.500128	0.147738	0.151061	0.201074
1.10.630	0.506474	0.145891	0.146409	0.201226
1.10.630	0.504836	0.145208	0.144203	0.205753
1.10.630	0.494966	0.148378	0.151327	0.205329
1.10.630	0.497538	0.151793	0.149201	0.201469
1.10.630	0.509664	0.141492	0.144118	0.204727
1.10.630	0.500954	0.145613	0.151971	0.201462
1.10.630	0.499339	0.147738	0.152313	0.20061
1.10.630	0.486891	0.156861	0.166952	0.189296
1.10.630	0.491681	0.156244	0.149837	0.202238
1.10.630	0.503742	0.149046	0.150206	0.197006
1.10.630	0.495645	0.149629	0.15678	0.197946
1.10.630	0.487645	0.152482	0.159029	0.200845
1.10.630	0.505242	0.141129	0.150302	0.203327
1.10.630	0.496264	0.151225	0.155645	0.196866
1.10.630	0.49572	0.152883	0.15466	0.196737
1.10.630	0.500661	0.14995	0.150116	0.199273
1.10.630	0.489792	0.158494	0.160591	0.191123
1.10.630	0.493048	0.152651	0.156199	0.198101
1.10.630	0.501783	0.147309	0.15062	0.200289
1.10.630	0.496004	0.151543	0.155185	0.197269
1.10.630	0.507011	0.141331	0.143223	0.208435
1.10.760	0.515248	0.127902	0.138371	0.21848
1.10.760	0.496815	0.137155	0.151168	0.214862
1.10.760	0.48858	0.157564	0.141013	0.212843
1.10.760	0.494143	0.152711	0.135792	0.217354
1.10.760	0.498661	0.150893	0.135268	0.215179
1.10.760	0.496044	0.14557	0.140823	0.217563
1.10.760	0.507064	0.147567	0.133438	0.211931
1.10.760	0.50177	0.145575	0.129204	0.223451
1.10.760	0.49983	0.151752	0.136101	0.212317
1.10.760	0.514834	0.126266	0.132055	0.226845
1.10.760	0.504013	0.12199	0.144061	0.229936
1.10.760	0.478001	0.148227	0.143101	0.230671
1.10.760	0.503292	0.161317	0.132922	0.202469
1.10.760	0.512941	0.145412	0.127529	0.214118
1.10.760	0.506907	0.13897	0.124738	0.229385
1.10.760	0.499362	0.150149	0.125479	0.225011
1.10.760	0.512803	0.125982	0.136565	0.22465
1.10.760	0.50501	0.144289	0.125852	0.22485
1.10.760	0.52381	0.121429	0.12381	0.230952
1.10.760	0.510439	0.144348	0.12635	0.218862
1.10.760	0.501493	0.137313	0.126866	0.234328
1.10.760	0.471721	0.159647	0.143602	0.22503
1.10.760	0.521631	0.135106	0.125532	0.21773
1.10.760	0.502054	0.13738	0.141944	0.218622
1.10.760	0.484071	0.161504	0.137168	0.217257
1.10.760	0.496243	0.155491	0.15578	0.192486
1.10.760	0.482085	0.149023	0.140879	0.228013
1.10.760	0.518441	0.129505	0.119028	0.233026
1.10.760	0.477201	0.162156	0.157035	0.203609
1.10.760	0.489747	0.150215	0.13257	0.227468
1.10.760	0.501608	0.142283	0.142283	0.213826
1.10.760	0.474948	0.144513	0.146584	0.233954
1.10.760	0.495331	0.160311	0.135798	0.20856
1.10.760	0.471518	0.160685	0.140599	0.227198
1.10.760	0.504567	0.142047	0.132913	0.220472
1.10.760	0.507237	0.127903	0.154493	0.210367
1.10.760	0.499483	0.148991	0.147698	0.203828
1.10.760	0.505939	0.147994	0.137079	0.208989
1.10.760	0.483449	0.158754	0.158537	0.19926
1.10.760	0.475962	0.160714	0.136676	0.226648
1.10.760	0.503733	0.138267	0.141512	0.216488
1.10.760	0.497704	0.154071	0.131524	0.216701
1.10.760	0.475049	0.154813	0.142633	0.227505
1.10.760	0.508374	0.138444	0.131373	0.221809
1.10.760	0.489421	0.148104	0.133733	0.228743
1.10.760	0.506313	0.129492	0.140822	0.223373
1.10.760	0.488351	0.151434	0.137993	0.222222
