b.1	0.432496	0.220923	0.178843	0.167738
b.1	0.45744	0.174525	0.184323	0.183711
b.1	0.409718	0.214246	0.197129	0.178907
b.1	0.433136	0.191237	0.196257	0.17937
b.1	0.450667	0.176533	0.184533	0.188267
b.1	0.408813	0.202007	0.199389	0.189791
b.1	0.415085	0.205408	0.197818	0.181689
b.1	0.429653	0.193232	0.195459	0.181656
b.1	0.451178	0.189113	0.177329	0.182379
b.1	0.417257	0.182301	0.216372	0.184071
b.1	0.555556	0.15015	0.13964	0.154655
b.1	0.44707	0.180529	0.197543	0.174858
b.1	0.463876	0.178933	0.175557	0.181634
b.1	0.4341	0.192372	0.195177	0.178351
b.1	0.468003	0.177117	0.167421	0.18746
b.1	0.461345	0.162162	0.196732	0.179761
b.1	0.430762	0.195167	0.189591	0.18448
b.1	0.430753	0.212217	0.182201	0.174829
b.1	0.449498	0.18547	0.18606	0.178972
b.1	0.430457	0.18859	0.203678	0.177275
b.1	0.397389	0.196654	0.22807	0.177887
b.1	0.449252	0.199786	0.163996	0.186966
b.1	0.447393	0.194505	0.184515	0.173587
b.1	0.424354	0.189246	0.207169	0.17923
b.1	0.452023	0.179769	0.178035	0.190173
b.1	0.419424	0.206274	0.19596	0.178341
b.1	0.402749	0.214868	0.193992	0.188391
b.1	0.43772	0.174525	0.210415	0.17734
b.1	0.405012	0.220862	0.190559	0.183566
b.1	0.439628	0.184727	0.198658	0.176987
b.1	0.427822	0.187402	0.195276	0.189501
b.1	0.450569	0.176153	0.189934	0.183343
b.1	0.418976	0.187882	0.208549	0.184594
b.1	0.442917	0.204423	0.17633	0.17633
b.1	0.433529	0.19968	0.194875	0.171917
b.1	0.452632	0.182825	0.177839	0.186704
b.1	0.455059	0.171849	0.193895	0.179197
b.1	0.414944	0.18656	0.207707	0.190789
b.1	0.44569	0.185004	0.205326	0.16398
b.1	0.429104	0.205846	0.208955	0.156095
b.1	0.430162	0.199393	0.194838	0.175607
b.1	0.410979	0.195227	0.212888	0.180907
b.1	0.421164	0.18827	0.214195	0.176371
b.1	0.420247	0.192593	0.209383	0.177778
b.1	0.459784	0.181273	0.17407	0.184874
b.1	0.416667	0.208561	0.191712	0.18306
b.1	0.453303	0.191913	0.175968	0.178815
b.1	0.430309	0.185688	0.203461	0.180543
b.1	0.454494	0.180328	0.176371	0.188807
b.1	0.42077	0.199642	0.195166	0.184423
b.1	0.436525	0.187263	0.198229	0.177984
b.1	0.430433	0.190786	0.202885	0.175896
b.1	0.443201	0.186905	0.184667	0.185227
b.1	0.432037	0.198169	0.197254	0.17254
b.1	0.463768	0.178324	0.173283	0.184625
b.1	0.437969	0.185556	0.189131	0.187344
b.1	0.454779	0.173188	0.197883	0.17415
b.1	0.411738	0.184713	0.215196	0.188353
b.1	0.403003	0.204545	0.198864	0.193588
b.1	0.411551	0.186187	0.218901	0.18336
b.1	0.432796	0.204301	0.181452	0.181452
b.1	0.461115	0.190447	0.167789	0.180649
b.1	0.410952	0.193514	0.210526	0.185008
b.1	0.433857	0.211323	0.176009	0.178812
b.1	0.432407	0.174282	0.212906	0.180405
b.1	0.444295	0.201342	0.169799	0.184564
b.1	0.429392	0.204404	0.18382	0.182384
b.1	0.453766	0.190447	0.172688	0.183099
b.1	0.427565	0.193422	0.198121	0.180893
b.1	0.422261	0.19523	0.203622	0.178887
b.1	0.416074	0.210558	0.200474	0.172894
b.1	0.425812	0.185689	0.200615	0.187884
b.1	0.440587	0.182885	0.196577	0.179951
b.1	0.441481	0.189984	0.190528	0.178008
b.1	0.416584	0.195631	0.207051	0.180735
b.1	0.434506	0.2087	0.179374	0.177419
b.1	0.421117	0.207501	0.191194	0.180188
b.1	0.422874	0.190774	0.202307	0.184046
b.1	0.402412	0.184211	0.226974	0.186404
b.1	0.414234	0.201186	0.202099	0.182482
b.1	0.429072	0.190309	0.198482	0.182137
b.1	0.443299	0.179503	0.183141	0.194057
b.1	0.416126	0.183144	0.213533	0.187196
b.1	0.44083	0.189533	0.186233	0.183404
b.1	0.44004	0.201204	0.167085	0.191671
b.1	0.410853	0.224437	0.186785	0.177925
b.1	0.429613	0.186333	0.196355	0.187699
b.1	0.434783	0.195652	0.199488	0.170077
b.1	0.436181	0.196818	0.191975	0.175026
b.1	0.441575	0.199685	0.180787	0.177953
b.1	0.436336	0.179668	0.204831	0.179165
b.1	0.418251	0.198352	0.203739	0.179658
b.1	0.428292	0.202978	0.196708	0.172022
b.1	0.423905	0.198309	0.196387	0.181399
b.1	0.421595	0.192652	0.205645	0.180108
b.1	0.42101	0.187879	0.210101	0.18101
b.1	0.434755	0.190715	0.186951	0.187578
b.1	0.414025	0.20365	0.20317	0.179155
b.1	0.444201	0.184902	0.179978	0.190919
b.1	0.436448	0.191526	0.195589	0.176436
b.1	0.433388	0.200109	0.19304	0.173464
b.1	0.428634	0.189142	0.202277	0.179947
b.1	0.427126	0.203947	0.189777	0.17915
b.1	0.431223	0.191048	0.187227	0.190502
b.1	0.427326	0.193798	0.196705	0.182171
b.1	0.460427	0.170681	0.176187	0.192705
b.1	0.427239	0.198228	0.202425	0.172108
b.1	0.458521	0.190354	0.177492	0.173633
b.1	0.452229	0.184006	0.177636	0.186129
b.1	0.455826	0.195903	0.172855	0.175416
b.1	0.428513	0.175937	0.208076	0.187474
b.1	0.409155	0.206229	0.193959	0.190656
b.1	0.422676	0.200695	0.192441	0.184188
b.1	0.448655	0.18154	0.204156	0.165648
b.1	0.439918	0.167901	0.200412	0.19177
b.1	0.435424	0.185556	0.196099	0.18292
b.1	0.408648	0.204629	0.208283	0.178441
b.1	0.429032	0.190645	0.202903	0.177419
b.1	0.429764	0.19541	0.191238	0.183588
b.1	0.467218	0.192234	0.154679	0.185869
b.1	0.489796	0.165816	0.190476	0.153912
b.1	0.41733	0.210773	0.192974	0.178923
b.1	0.432811	0.216685	0.159574	0.190929
b.1	0.462096	0.174687	0.18062	0.182597
b.1	0.458907	0.182423	0.171496	0.187173
b.1	0.421546	0.184543	0.208899	0.185012
b.1	0.420471	0.201826	0.191735	0.185968
b.1	0.456492	0.169864	0.18293	0.190714
b.1	0.441502	0.185364	0.198363	0.174771
b.1	0.449371	0.194573	0.179351	0.176704
b.1	0.452675	0.179012	0.179698	0.188615
b.1	0.417027	0.207311	0.190476	0.185185
b.1	0.438114	0.191225	0.182711	0.18795
b.1	0.437212	0.19631	0.195284	0.171194
b.1	0.424519	0.1875	0.220673	0.167308
b.1	0.436537	0.207647	0.172597	0.183218
b.1	0.421867	0.210185	0.194209	0.173739
b.1	0.475352	0.16608	0.181338	0.17723
b.1	0.437092	0.187325	0.207363	0.16822
b.1	0.417869	0.190321	0.204746	0.187064
b.1	0.421507	0.18819	0.211714	0.178589
b.1	0.427295	0.195037	0.195037	0.18263
b.1	0.415441	0.218137	0.189542	0.176879
b.1	0.421996	0.215534	0.192963	0.169507
b.1	0.420493	0.197197	0.199613	0.182697
b.1	0.400562	0.208517	0.212133	0.178787
b.1	0.427792	0.191563	0.1866	0.194045
b.1	0.433529	0.195408	0.195942	0.17512
b.1	0.422888	0.201375	0.189587	0.186149
b.1	0.440838	0.198429	0.17644	0.184293
b.1	0.419314	0.186785	0.21474	0.179161
b.1	0.41742	0.194669	0.2099	0.17801
b.1	0.436893	0.174186	0.209023	0.179897
b.1	0.426489	0.214195	0.185044	0.174271
b.1	0.450484	0.192999	0.188853	0.167665
b.1	0.41826	0.192639	0.206501	0.1826
b.1	0.412094	0.198208	0.212766	0.176932
b.1	0.456808	0.19108	0.174178	0.177934
b.1	0.421335	0.198734	0.197272	0.18266
b.1	0.42151	0.206865	0.198627	0.172998
b.1	0.420401	0.192488	0.213402	0.173709
b.1	0.426759	0.218494	0.182488	0.172259
b.1	0.44325	0.176822	0.204898	0.17503
b.1	0.423529	0.203361	0.181513	0.191597
b.1	0.463164	0.177536	0.167874	0.191425
b.1	0.422117	0.182444	0.208262	0.187177
b.1	0.412776	0.198526	0.20688	0.181818
b.1	0.447154	0.191638	0.174216	0.186992
b.1	0.416805	0.202579	0.202163	0.178453
b.1	0.454215	0.19766	0.173054	0.175071
b.1	0.440737	0.187445	0.182616	0.189201
b.1	0.426545	0.202746	0.191304	0.179405
b.1	0.419453	0.188016	0.207121	0.18541
b.1	0.444343	0.190822	0.19582	0.169014
b.1	0.459125	0.182059	0.198851	0.159965
b.1	0.42382	0.195955	0.20809	0.172135
b.1	0.416615	0.191755	0.213929	0.177701
b.1	0.428798	0.201694	0.187401	0.182107
b.1	0.449647	0.153303	0.194355	0.202694
b.1	0.421694	0.21887	0.173941	0.185494
b.1	0.430345	0.191264	0.201379	0.177011
b.1	0.462626	0.182492	0.181145	0.173737
b.1	0.436354	0.184914	0.193295	0.185437
b.1	0.448024	0.189666	0.174468	0.187842
b.1	0.426916	0.183601	0.204545	0.184938
b.1	0.445417	0.182801	0.19001	0.181771
b.1	0.448257	0.192584	0.171002	0.188157
b.1	0.423037	0.21436	0.191632	0.170971
b.1	0.426428	0.180058	0.21636	0.177154
b.1	0.44	0.196632	0.173053	0.190316
b.1	0.428967	0.174911	0.213296	0.182825
b.1	0.44389	0.155682	0.196651	0.203776
b.1	0.428718	0.179104	0.195574	0.196603
b.1	0.468452	0.167499	0.180663	0.183386
b.1	0.417258	0.182624	0.204492	0.195626
b.1	0.425433	0.197736	0.191744	0.185087
b.1	0.460656	0.17541	0.185246	0.178689
b.1	0.446142	0.199389	0.181054	0.173415
b.1	0.428412	0.194072	0.200224	0.177293
b.1	0.436712	0.195302	0.195737	0.172249
b.1	0.450658	0.188596	0.17818	0.182566
b.1	0.448059	0.198321	0.173137	0.180483
b.1	0.462195	0.168293	0.188415	0.181098
b.1	0.450964	0.176445	0.188437	0.184154
b.1	0.430367	0.183007	0.205128	0.181498
b.1	0.426543	0.186582	0.199314	0.187561
b.1	0.451397	0.181652	0.178007	0.188943
b.1	0.441586	0.1806	0.202036	0.175777
b.1	0.455379	0.184597	0.179095	0.180929
b.1	0.423462	0.181211	0.215069	0.180258
b.1	0.399907	0.211333	0.205295	0.183465
b.1	0.440687	0.193237	0.178744	0.187332
b.1	0.442039	0.18203	0.189711	0.18622
b.1	0.436112	0.206954	0.181818	0.175115
b.1	0.425788	0.18692	0.207328	0.179963
b.1	0.440685	0.179198	0.209273	0.170844
b.1	0.428225	0.216233	0.180497	0.175045
b.1	0.431851	0.181241	0.197851	0.189057
b.1	0.440141	0.186117	0.172032	0.20171
b.1	0.424914	0.196947	0.195963	0.182176
b.1	0.423794	0.187769	0.20258	0.185858
b.1	0.443451	0.190952	0.178853	0.186744
b.1	0.431484	0.195187	0.194853	0.178476
b.1	0.433766	0.192208	0.197922	0.176104
b.1	0.428656	0.197979	0.192628	0.180737
b.1	0.450677	0.18891	0.186331	0.174081
b.1	0.42427	0.185219	0.216697	0.173814
b.1	0.425216	0.194631	0.203739	0.176414
b.1	0.450273	0.197268	0.169399	0.18306
b.1	0.431034	0.197044	0.195074	0.176847
b.1	0.434315	0.180458	0.214586	0.17064
b.1	0.458793	0.16353	0.193381	0.184296
b.1	0.436689	0.187919	0.196421	0.178971
b.1	0.426054	0.202349	0.190069	0.181527
b.1	0.416981	0.202642	0.205283	0.175094
b.1	0.426418	0.187943	0.202128	0.183511
b.1	0.417929	0.183081	0.219276	0.179714
b.1	0.415754	0.212833	0.188315	0.183099
b.1	0.427824	0.204536	0.189272	0.178369
b.1	0.430703	0.193455	0.19538	0.180462
b.1	0.458165	0.185805	0.170225	0.185805
b.1	0.439282	0.187434	0.197994	0.17529
b.1	0.427746	0.192678	0.197816	0.18176
b.1	0.43038	0.193281	0.200584	0.175755
b.1	0.45036	0.191367	0.176978	0.181295
b.1	0.423774	0.208422	0.190299	0.177505
b.1	0.457702	0.183712	0.166035	0.192551
b.1	0.44011	0.181319	0.189835	0.188736
b.1	0.477502	0.187742	0.164856	0.169899
b.1	0.433228	0.178759	0.200315	0.187697
b.1	0.442824	0.200117	0.176196	0.180863
b.1	0.43875	0.193125	0.17875	0.189375
b.1	0.427694	0.201323	0.180529	0.190454
b.1	0.441696	0.192327	0.180212	0.185765
b.1	0.421164	0.194772	0.209106	0.174958
b.1	0.438317	0.192723	0.18249	0.18647
b.1	0.416072	0.199239	0.206372	0.178317
b.1	0.44357	0.199475	0.172703	0.184252
b.1	0.416509	0.223022	0.181749	0.17872
b.1	0.409378	0.201791	0.209168	0.179663
b.1	0.430894	0.183435	0.214431	0.17124
b.1	0.441296	0.196356	0.194332	0.168016
b.1	0.457265	0.183761	0.172365	0.18661
b.1	0.418058	0.184238	0.212422	0.185282
b.1	0.45812	0.181197	0.169231	0.191453
b.1	0.430894	0.18742	0.192127	0.189559
b.1	0.447699	0.171548	0.196653	0.1841
b.1	0.417859	0.205229	0.198816	0.178096
b.1	0.456384	0.18602	0.177354	0.180243
b.1	0.421788	0.201583	0.199721	0.176909
b.1	0.456945	0.187932	0.16719	0.187932
b.1	0.434426	0.201898	0.181622	0.182053
b.1	0.428111	0.197235	0.196313	0.178341
b.1	0.432381	0.184286	0.199524	0.18381
b.1	0.450512	0.186007	0.17463	0.188851
b.1	0.430049	0.188934	0.201529	0.179487
b.1	0.431714	0.193401	0.197525	0.17736
b.1	0.446334	0.18916	0.177471	0.187035
b.1	0.453431	0.181373	0.186887	0.178309
b.1	0.441611	0.194799	0.18562	0.17797
b.1	0.433799	0.193548	0.195956	0.176697
b.1	0.410867	0.211844	0.200855	0.176435
b.1	0.456345	0.193248	0.165308	0.185099
b.1	0.456429	0.182815	0.165753	0.195003
b.1	0.456261	0.19211	0.178388	0.173242
b.1	0.444111	0.175589	0.194004	0.186296
b.1	0.423864	0.202815	0.197377	0.175944
b.1	0.427803	0.190135	0.211211	0.170852
b.1	0.426189	0.195684	0.194213	0.183914
b.1	0.438727	0.205305	0.169761	0.186207
b.1	0.416769	0.212084	0.196465	0.174681
b.1	0.428692	0.190576	0.198149	0.182583
b.1	0.470627	0.198433	0.157963	0.172977
b.1	0.426383	0.202979	0.19617	0.174468
b.1	0.461415	0.163451	0.174705	0.200429
b.1	0.425137	0.207104	0.189071	0.178689
b.1	0.426722	0.201968	0.180218	0.191093
b.1	0.436937	0.181869	0.201577	0.179617
b.1	0.423873	0.198408	0.193634	0.184085
b.1	0.452932	0.199846	0.176312	0.17091
b.1	0.408911	0.194021	0.218838	0.178229
b.1	0.451985	0.198984	0.176824	0.172207
b.1	0.422886	0.207297	0.185738	0.18408
b.1	0.43828	0.193118	0.181075	0.187527
b.1	0.408019	0.196226	0.209906	0.185849
b.1	0.458438	0.205709	0.161209	0.174643
b.1	0.474175	0.154232	0.174319	0.197274
b.1	0.443006	0.199582	0.185386	0.172025
b.1	0.45885	0.19053	0.18292	0.1677
b.1	0.44635	0.193492	0.186456	0.173703
b.1	0.467614	0.168539	0.184402	0.179445
b.1	0.430745	0.195563	0.19271	0.180983
b.1	0.432879	0.197416	0.185212	0.184494
b.1	0.424377	0.190836	0.200623	0.184164
b.1	0.428431	0.197245	0.191835	0.182489
b.1	0.445354	0.189363	0.180012	0.185272
b.1	0.414201	0.209073	0.191815	0.184911
b.1	0.457926	0.199609	0.164384	0.178082
b.1	0.513916	0.126861	0.131392	0.227832
b.1	0.425625	0.190873	0.211935	0.171566
b.1	0.438491	0.202296	0.184254	0.174959
b.1	0.409554	0.207006	0.203822	0.179618
b.1	0.425511	0.195716	0.196689	0.182084
b.1	0.426209	0.186773	0.208818	0.1782
b.1	0.433241	0.195672	0.200276	0.17081
b.1	0.443223	0.194139	0.19536	0.167277
b.1	0.431522	0.199457	0.197826	0.171196
b.1	0.443517	0.185309	0.193656	0.177518
b.1	0.422273	0.189545	0.208182	0.18
b.1	0.417083	0.195366	0.208542	0.17901
b.1	0.410724	0.208955	0.199558	0.180763
b.1	0.423476	0.195034	0.195034	0.186456
b.1	0.432828	0.187663	0.191323	0.188186
b.1	0.422298	0.213722	0.189708	0.174271
b.1	0.413231	0.204219	0.207095	0.175455
b.1	0.440377	0.194121	0.18081	0.184692
b.1	0.426434	0.189526	0.206983	0.177057
b.1	0.441045	0.18993	0.181644	0.18738
b.1	0.461064	0.174562	0.182025	0.182349
b.1	0.42883	0.201988	0.19521	0.173972
b.1	0.419389	0.214783	0.189609	0.176219
b.1	0.442809	0.191393	0.174972	0.190827
b.1	0.423961	0.180929	0.212714	0.182396
b.1	0.459005	0.184812	0.18078	0.175403
b.1	0.447545	0.191997	0.180565	0.179892
b.1	0.436979	0.19045	0.189895	0.182676
b.1	0.408098	0.204277	0.216106	0.17152
b.1	0.428041	0.181058	0.207985	0.182916
b.1	0.455899	0.183849	0.171249	0.189003
b.1	0.437965	0.210298	0.17928	0.172457
b.1	0.4375	0.202922	0.172078	0.1875
b.1	0.436979	0.21316	0.178869	0.170992
b.1	0.42549	0.215686	0.183333	0.17549
b.1	0.420975	0.21615	0.168882	0.193993
b.1	0.441328	0.18524	0.194834	0.178598
b.1	0.435052	0.204811	0.17732	0.182818
b.1	0.420753	0.215507	0.18244	0.1813
b.1	0.426123	0.196513	0.202128	0.175236
b.1	0.460519	0.18548	0.170111	0.18389
b.1	0.425437	0.191223	0.206897	0.176444
b.1	0.450737	0.212979	0.151622	0.184661
b.1	0.443779	0.168203	0.210138	0.17788
b.1	0.439024	0.195861	0.17221	0.192905
b.1	0.413978	0.217986	0.185239	0.182796
b.1	0.456423	0.165239	0.2	0.178338
b.1	0.462561	0.179146	0.191043	0.16725
b.1	0.439655	0.183333	0.201149	0.175862
b.1	0.436037	0.16331	0.217746	0.182907
b.1	0.450692	0.185986	0.184689	0.178633
b.1	0.458288	0.160263	0.199232	0.182217
b.1	0.442374	0.199635	0.183379	0.174612
b.1	0.432331	0.179914	0.211063	0.176692
b.1	0.431959	0.176736	0.210051	0.181254
b.1	0.428416	0.190889	0.201735	0.178959
b.1	0.444161	0.178047	0.203574	0.174218
b.1	0.409413	0.210526	0.199393	0.180668
b.1	0.407773	0.214037	0.188515	0.189675
b.1	0.426336	0.20013	0.20339	0.170143
b.1	0.439501	0.182311	0.206186	0.172002
b.1	0.425358	0.173824	0.222904	0.177914
b.1	0.445954	0.177791	0.199055	0.1772
b.1	0.496382	0.153401	0.173661	0.176556
b.1	0.425124	0.178218	0.203589	0.193069
b.1	0.480981	0.173288	0.181741	0.16399
b.1	0.452158	0.189141	0.18202	0.17668
b.1	0.43238	0.192458	0.194408	0.180754
b.1	0.431843	0.192475	0.193021	0.182661
b.1	0.472498	0.160371	0.196156	0.170974
b.1	0.475553	0.156974	0.172928	0.194545
b.1	0.438356	0.205479	0.177487	0.178678
b.1	0.404744	0.200459	0.201989	0.192808
b.1	0.422192	0.19337	0.200276	0.184162
b.1	0.444215	0.188017	0.172865	0.194904
b.1	0.445501	0.185808	0.180688	0.188003
b.1	0.452749	0.181594	0.189623	0.176035
b.1	0.425	0.204545	0.187727	0.182727
b.1	0.451674	0.183196	0.191409	0.173721
b.1	0.414453	0.191476	0.205683	0.188388
b.1	0.452546	0.189236	0.188657	0.16956
b.1	0.445628	0.171525	0.202915	0.179933
b.1	0.450265	0.187003	0.195623	0.167109
b.1	0.430323	0.179487	0.200669	0.189521
b.1	0.436422	0.192971	0.191693	0.178914
b.1	0.441567	0.197211	0.188579	0.172643
b.1	0.455133	0.168701	0.203159	0.173008
b.1	0.427986	0.203747	0.193208	0.175059
b.1	0.431343	0.18734	0.199081	0.182236
b.1	0.429086	0.192225	0.201944	0.176746
b.1	0.473956	0.151889	0.182903	0.191252
b.1	0.44499	0.162083	0.209725	0.183202
b.1	0.424075	0.198893	0.194051	0.182982
b.1	0.447739	0.165775	0.203209	0.183277
b.1	0.435078	0.184109	0.186531	0.194283
b.1	0.452915	0.193386	0.162556	0.191143
b.1	0.43341	0.190586	0.195752	0.180253
b.1	0.451594	0.184928	0.183188	0.18029
b.1	0.424743	0.205002	0.18803	0.182224
b.1	0.460337	0.179888	0.173017	0.186758
b.1	0.440409	0.15437	0.221339	0.183882
b.1	0.436	0.177143	0.208	0.178857
b.1	0.433628	0.163717	0.223451	0.179204
b.121	0.377542	0.217065	0.222812	0.182582
b.121	0.414267	0.197377	0.210173	0.178183
b.121	0.401636	0.223052	0.206688	0.168623
b.121	0.38618	0.211818	0.224088	0.177914
b.121	0.391304	0.218055	0.210422	0.180219
b.121	0.435179	0.179898	0.183456	0.201468
b.121	0.42136	0.201674	0.196601	0.180365
b.121	0.432399	0.168753	0.219329	0.179519
b.121	0.426818	0.185845	0.194752	0.192585
b.121	0.418132	0.203415	0.194124	0.184329
b.121	0.424804	0.200522	0.183715	0.190959
b.121	0.39673	0.217217	0.213213	0.17284
b.121	0.40679	0.218248	0.218248	0.156714
b.121	0.416306	0.213977	0.196339	0.173378
b.121	0.39481	0.213432	0.205546	0.186212
b.121	0.424549	0.201421	0.181687	0.192343
b.121	0.411952	0.221004	0.205799	0.161245
b.121	0.433897	0.211097	0.173819	0.181188
b.121	0.42735	0.179739	0.197335	0.195576
b.121	0.438384	0.190765	0.183261	0.18759
b.121	0.404586	0.212981	0.200155	0.182277
b.121	0.417032	0.196078	0.204419	0.18247
b.121	0.413731	0.19478	0.195037	0.196452
b.121	0.436477	0.214003	0.171654	0.177866
b.121	0.410423	0.218965	0.190011	0.180601
b.121	0.389301	0.218838	0.210392	0.181469
b.121	0.413484	0.209293	0.200193	0.17703
b.121	0.419403	0.201834	0.188576	0.190187
b.121	0.392069	0.237586	0.201034	0.16931
b.121	0.395473	0.208833	0.204394	0.1913
b.121	0.408218	0.211982	0.192396	0.187404
b.121	0.421279	0.20334	0.208592	0.166789
b.121	0.441885	0.197017	0.195465	0.165632
b.121	0.408093	0.216961	0.176496	0.19845
b.121	0.429913	0.199683	0.199796	0.170608
b.121	0.958801	0.0187266	0.0205993	0.00187266
b.121	0.424472	0.210044	0.170187	0.195297
b.121	0.426142	0.202426	0.195409	0.176023
b.121	0.432912	0.186315	0.191055	0.189718
b.121	0.410936	0.222331	0.200065	0.166667
b.121	0.406519	0.20908	0.204424	0.179977
b.121	0.415879	0.204749	0.184069	0.195303
b.121	0.448841	0.194556	0.195817	0.160786
b.121	0.42615	0.188136	0.1954	0.190315
b.121	0.422382	0.202286	0.198033	0.177299
b.121	0.409065	0.212181	0.2	0.178754
b.121	0.351682	0.221713	0.244648	0.181957
b.121	0.417474	0.209814	0.203661	0.169051
b.121	0.393737	0.213135	0.215871	0.177258
b.121	0.416582	0.21301	0.190428	0.17998
b.121	0.389708	0.224478	0.215577	0.170236
b.121	0.429977	0.19312	0.197662	0.179241
b.121	0.395685	0.238403	0.189644	0.176268
b.121	0.444992	0.191171	0.171158	0.192679
b.121	0.457756	0.181887	0.17828	0.182077
b.121	0.450365	0.187389	0.168443	0.193803
b.121	0.459926	0.177151	0.178522	0.184401
b.121	0.436485	0.195835	0.197034	0.170647
b.121	0.394971	0.212603	0.210694	0.181731
b.121	0.421795	0.202564	0.192628	0.183013
b.121	0.413216	0.212922	0.210573	0.163289
b.121	0.387322	0.220919	0.219968	0.171791
b.121	0.35997	0.232877	0.221461	0.185693
b.121	0.403216	0.217836	0.213743	0.165205
b.121	0.411448	0.209764	0.198316	0.180471
b.121	0.418105	0.194049	0.19855	0.189297
b.121	0.429872	0.201991	0.189758	0.178378
b.121	0.419512	0.194371	0.203002	0.183114
b.121	0.420081	0.200813	0.196434	0.182671
b.121	0.435823	0.179115	0.190476	0.194585
b.121	0.430581	0.196024	0.19633	0.177064
b.121	0.428792	0.208447	0.191434	0.171327
b.121	0.414683	0.207067	0.183266	0.194984
b.121	0.409201	0.198547	0.205273	0.186979
b.121	0.366265	0.219679	0.251004	0.163052
b.121	0.419984	0.202799	0.185849	0.191368
b.121	0.411751	0.202559	0.209192	0.176498
b.121	0.435103	0.1973	0.188708	0.178889
b.121	0.394168	0.214338	0.206075	0.185419
b.121	0.397155	0.20762	0.20979	0.185435
b.121	0.397076	0.233194	0.195974	0.173756
b.121	0.376009	0.217416	0.222607	0.183968
b.121	0.408381	0.235004	0.172966	0.183648
b.121	0.37814	0.220299	0.230143	0.171419
b.121	0.38339	0.222222	0.230186	0.164202
b.121	0.420185	0.204931	0.201233	0.173652
b.121	0.422243	0.20289	0.184887	0.18998
b.121	0.378776	0.218435	0.224116	0.178673
b.121	0.429261	0.19467	0.199934	0.176135
b.121	0.416069	0.202719	0.201236	0.179975
b.121	0.42425	0.209051	0.201426	0.165273
b.121	0.424165	0.199943	0.201371	0.174522
b.121	0.399872	0.217317	0.217104	0.165707
b.121	0.455172	0.18518	0.182757	0.176891
b.121	0.407355	0.205222	0.213083	0.17434
b.1	0.452567	0.185216	0.17577	0.186448
b.1	0.416587	0.218121	0.1721	0.193193
b.1	0.421173	0.19615	0.197984	0.184693
b.1	0.439951	0.190564	0.183824	0.185662
b.1	0.438404	0.189189	0.197989	0.174419
b.1	0.413062	0.20017	0.206955	0.179813
b.1	0.425532	0.220061	0.184195	0.170213
b.1	0.422809	0.218359	0.168289	0.190542
b.1	0.419476	0.219725	0.188514	0.172285
b.1	0.426829	0.188347	0.20551	0.179313
b.1	0.444648	0.197554	0.170642	0.187156
b.1	0.419614	0.202036	0.196141	0.182208
b.1	0.446136	0.193794	0.178571	0.181499
b.1	0.426843	0.19912	0.19582	0.178218
b.1	0.413235	0.198284	0.218873	0.169608
b.1	0.42404	0.195326	0.202003	0.178631
b.1	0.435299	0.198982	0.177344	0.188375
b.1	0.432845	0.208211	0.173607	0.185337
b.1	0.424336	0.216183	0.183447	0.176035
b.1	0.411341	0.19606	0.211437	0.181163
b.1	0.429116	0.198983	0.192626	0.179275
b.1	0.4862	0.184713	0.164897	0.16419
b.1	0.45582	0.196222	0.171237	0.176722
b.1	0.466736	0.172557	0.177235	0.183472
b.1	0.44338	0.184057	0.191242	0.181321
b.1	0.468137	0.181373	0.191176	0.159314
b.1	0.439707	0.170553	0.206529	0.183211
b.1	0.445044	0.210384	0.1706	0.173972
b.1	0.423818	0.206655	0.193812	0.175715
b.1	0.46496	0.20283	0.151617	0.180593
b.1	0.449594	0.200463	0.168598	0.181344
b.1	0.439008	0.203083	0.172252	0.185657
b.1	0.439802	0.229462	0.161473	0.169263
b.1	0.458101	0.2083	0.154828	0.178771
b.1	0.417572	0.19151	0.219151	0.171767
b.1	0.474535	0.184133	0.169931	0.171401
b.1	0.418854	0.188942	0.217184	0.17502
b.1	0.441084	0.189666	0.182105	0.187146
b.1	0.421151	0.180159	0.211044	0.187646
b.1	0.45	0.189326	0.17191	0.188764
b.1	0.435454	0.175398	0.183349	0.2058
b.1	0.422725	0.187771	0.190178	0.199326
b.1	0.422279	0.19403	0.197306	0.186385
b.1	0.456919	0.160313	0.201044	0.181723
b.1	0.44419	0.192144	0.186907	0.176759
b.1	0.441836	0.182497	0.197439	0.178228
b.1	0.448373	0.169024	0.195191	0.187412
b.1	0.466752	0.193947	0.159847	0.179454
b.1	0.400359	0.214542	0.192549	0.192549
b.1	0.424917	0.19188	0.199666	0.183537
b.1	0.44278	0.175554	0.194727	0.186938
b.1	0.457143	0.179272	0.187675	0.17591
b.1	0.440722	0.181057	0.190722	0.1875
b.1	0.460393	0.162597	0.203693	0.173317
b.1	0.406635	0.211374	0.201422	0.180569
b.1	0.450102	0.180923	0.192125	0.17685
b.1	0.444003	0.19947	0.177601	0.178926
b.1	0.42918	0.195421	0.205005	0.170394
b.1	0.442421	0.192127	0.193302	0.17215
b.1	0.453209	0.182861	0.192542	0.171388
b.1	0.437584	0.191528	0.184768	0.18612
b.1	0.435476	0.173265	0.202571	0.188689
b.1	0.422951	0.187432	0.201639	0.187978
b.1	0.446256	0.189614	0.186594	0.177536
b.1	0.447649	0.19185	0.169906	0.190596
b.1	0.446429	0.178013	0.1875	0.188058
b.1	0.4421	0.185606	0.191017	0.181277
b.1	0.417284	0.204938	0.189136	0.188642
b.1	0.433078	0.186424	0.205067	0.17543
b.1	0.449118	0.190412	0.177748	0.182723
b.1	0.43359	0.189803	0.189803	0.186804
b.1	0.420838	0.200233	0.197322	0.181607
b.1	0.436937	0.202703	0.179279	0.181081
b.1	0.42709	0.211104	0.183038	0.178768
b.1	0.431127	0.18873	0.196333	0.18381
b.1	0.441333	0.196041	0.169966	0.192661
b.1	0.416667	0.209891	0.194704	0.178738
b.1	0.428739	0.184164	0.202933	0.184164
b.1	0.436946	0.17734	0.188177	0.197537
b.1	0.428501	0.196252	0.189349	0.185897
b.1	0.480769	0.164941	0.161982	0.192308
b.1	0.449536	0.188762	0.179487	0.182215
b.1	0.439104	0.186783	0.179137	0.194975
b.1	0.437274	0.204956	0.179143	0.178627
b.1	0.406405	0.201546	0.209277	0.182772
b.1	0.431308	0.183908	0.193213	0.191571
b.1	0.43914	0.179433	0.195698	0.185729
b.1	0.423246	0.166118	0.222039	0.188596
b.1	0.452125	0.176139	0.176139	0.195597
b.1	0.422819	0.204698	0.197427	0.175056
b.1	0.404275	0.208731	0.21146	0.175534
b.1	0.394528	0.213592	0.204325	0.187555
b.1	0.478441	0.187832	0.169522	0.164206
b.1	0.419832	0.198323	0.201776	0.180069
b.1	0.443257	0.182756	0.183125	0.190862
b.1	0.421769	0.184099	0.207058	0.187075
b.1	0.422535	0.188315	0.215441	0.173709
b.1	0.422854	0.216956	0.183254	0.176935
b.1	0.45042	0.187115	0.178151	0.184314
b.1	0.42915	0.191633	0.190283	0.188934
b.1	0.419201	0.198523	0.199392	0.182884
b.1	0.416853	0.188705	0.21022	0.184222
b.1	0.405518	0.209787	0.20406	0.180635
b.1	0.455542	0.183922	0.175396	0.18514
b.18	0.410367	0.202407	0.209195	0.178031
b.18	0.408259	0.214363	0.211131	0.166248
b.18	0.400935	0.222364	0.206207	0.170493
b.18	0.398084	0.218198	0.207124	0.176594
b.18	0.400834	0.219178	0.20399	0.175998
b.18	0.393722	0.220877	0.219365	0.166036
b.18	0.39308	0.215399	0.210411	0.18111
b.18	0.39069	0.215862	0.22069	0.172759
b.18	0.408241	0.217139	0.186552	0.188069
b.18	0.386929	0.215718	0.228148	0.169206
b.18	0.398896	0.223948	0.207384	0.169772
b.18	0.400552	0.214434	0.214434	0.17058
b.18	0.413308	0.213687	0.200703	0.172302
b.18	0.413031	0.206073	0.200767	0.18013
b.18	0.409764	0.204761	0.207918	0.177556
b.18	0.408636	0.225907	0.177722	0.187735
b.18	0.402026	0.2127	0.208414	0.17686
b.18	0.39017	0.22923	0.215963	0.164637
b.18	0.387787	0.226631	0.212081	0.173501
b.18	0.4202	0.210247	0.190224	0.179329
b.18	0.417625	0.206897	0.198276	0.177203
b.18	0.416502	0.221565	0.198882	0.163051
b.18	0.403561	0.217507	0.203858	0.175074
b.18	0.386638	0.222845	0.219397	0.171121
b.18	0.409417	0.201117	0.203246	0.18622
b.18	0.393725	0.219028	0.211134	0.176113
b.18	0.38517	0.226774	0.216965	0.171091
b.18	0.402021	0.225043	0.19793	0.175006
b.18	0.382495	0.227085	0.209511	0.18091
b.18	0.382439	0.212344	0.223365	0.181852
b.18	0.387457	0.207772	0.220085	0.184686
b.18	0.396515	0.233369	0.20169	0.168427
b.18	0.385714	0.220816	0.216327	0.177143
b.18	0.394987	0.216792	0.210025	0.178195
b.18	0.411171	0.214263	0.207636	0.16693
b.18	0.410105	0.21916	0.205381	0.165354
b.18	0.402569	0.206767	0.210526	0.180138
b.18	0.417684	0.195315	0.203893	0.183108
b.18	0.389784	0.21611	0.221611	0.172495
b.18	0.404323	0.225514	0.199093	0.17107
b.18	0.407908	0.21384	0.207596	0.170656
b.18	0.384412	0.225643	0.214337	0.175607
b.18	0.391286	0.199915	0.225972	0.182828
b.18	0.384732	0.218002	0.216483	0.180782
b.18	0.381564	0.209294	0.227427	0.181715
b.18	0.383558	0.221999	0.221427	0.173016
b.18	0.349523	0.234537	0.234122	0.181818
b.18	0.387097	0.207924	0.22195	0.183029
b.18	0.382609	0.22971	0.209058	0.178623
b.18	0.390988	0.233276	0.203466	0.17227
b.18	0.351279	0.235083	0.230148	0.18349
b.18	0.405303	0.215035	0.206294	0.173368
b.18	0.404934	0.206452	0.211006	0.177609
b.18	0.424135	0.200259	0.193788	0.181818
b.18	0.4069	0.226484	0.205485	0.161131
b.18	0.393425	0.223542	0.207635	0.175398
b.18	0.385397	0.21746	0.226349	0.170794
b.18	0.41916	0.192651	0.211549	0.17664
b.18	0.375471	0.238095	0.206235	0.180199
b.18	0.414513	0.195577	0.203032	0.186879
b.18	0.390244	0.223522	0.216839	0.169395
b.18	0.405213	0.217417	0.20231	0.175059
b.18	0.41959	0.204169	0.195235	0.181006
b.18	0.408351	0.212911	0.201066	0.177672
b.18	0.393103	0.217555	0.212539	0.176803
b.18	0.39649	0.20572	0.232044	0.165746
b.18	0.404249	0.208885	0.215232	0.171634
b.18	0.417664	0.210995	0.19776	0.173581
b.1	0.415767	0.207883	0.190065	0.186285
b.1	0.440329	0.20341	0.168724	0.187537
b.1	0.418818	0.189842	0.218152	0.173189
b.2	0.425482	0.202595	0.197937	0.173985
b.2	0.457434	0.174636	0.179009	0.188921
b.2	0.458459	0.173913	0.193715	0.173913
b.2	0.428379	0.202562	0.189754	0.179306
b.2	0.40383	0.214468	0.211489	0.170213
b.2	0.402468	0.209462	0.21049	0.17758
b.2	0.420176	0.209625	0.201296	0.168903
b.2	0.486709	0.155986	0.170204	0.187101
b.2	0.473951	0.165619	0.169674	0.190756
b.2	0.4546	0.196785	0.178922	0.169693
b.2	0.43641	0.202762	0.169695	0.191134
b.2	0.433261	0.199134	0.17785	0.189755
b.2	0.425794	0.204362	0.189663	0.18018
b.2	0.418684	0.200849	0.208493	0.171975
b.2	0.425926	0.206349	0.178571	0.189153
b.2	0.430115	0.20245	0.192363	0.175072
b.2	0.405486	0.215466	0.197951	0.181097
b.2	0.397227	0.226502	0.199384	0.176888
b.2	0.442001	0.192479	0.184831	0.180688
b.2	0.451268	0.182644	0.177036	0.189052
b.2	0.439387	0.203902	0.181143	0.175569
b.2	0.438077	0.201923	0.174231	0.185769
b.2	0.442789	0.196913	0.191059	0.169239
b.2	0.44378	0.202106	0.181327	0.172787
b.2	0.412313	0.210059	0.206373	0.171255
b.2	0.422658	0.205727	0.19639	0.175226
b.2	0.387304	0.213029	0.225392	0.174275
b.2	0.448189	0.190391	0.175332	0.186088
b.2	0.451216	0.188987	0.1807	0.179096
b.2	0.439831	0.20572	0.173305	0.181144
b.2	0.439324	0.204576	0.177553	0.178548
b.2	0.407592	0.214189	0.201085	0.177135
b.2	0.428821	0.212227	0.183843	0.175109
b.2	0.436094	0.202964	0.195025	0.165917
b.2	0.397716	0.204568	0.225122	0.172594
b.2	0.478189	0.175594	0.176698	0.16952
b.2	0.461087	0.177505	0.177239	0.184168
b.2	0.462932	0.178218	0.175561	0.183289
b.2	0.425914	0.215127	0.187229	0.17173
b.2	0.431694	0.193244	0.196721	0.178341
b.2	0.43234	0.210739	0.193669	0.163253
b.2	0.432685	0.200778	0.178599	0.187938
b.2	0.431009	0.190961	0.193655	0.184376
b.2	0.424035	0.209311	0.185853	0.180801
b.2	0.416722	0.214997	0.200066	0.168215
b.2	0.441785	0.193079	0.184023	0.181113
b.2	0.440527	0.19765	0.18661	0.175214
b.2	0.451268	0.181438	0.183764	0.183531
b.2	0.421429	0.204839	0.183871	0.189862
b.2	0.409897	0.211965	0.194978	0.183161
b.2	0.428933	0.20978	0.180644	0.180644
b.2	0.48699	0.153513	0.151778	0.207719
b.2	0.411322	0.2058	0.204685	0.178193
b.2	0.431288	0.214503	0.179513	0.174696
b.2	0.39779	0.222573	0.190608	0.189029
b.2	0.476945	0.176273	0.149616	0.197166
b.2	0.398855	0.215967	0.206743	0.178435
b.2	0.444732	0.189722	0.184874	0.180672
b.2	0.464822	0.177444	0.175116	0.182618
b.2	0.466877	0.173788	0.170921	0.188414
b.2	0.413384	0.205098	0.199305	0.182213
b.2	0.434412	0.206672	0.180085	0.178831
b.2	0.444845	0.203928	0.186907	0.164321
b.2	0.416839	0.200413	0.201963	0.180785
b.2	0.419365	0.205635	0.189443	0.185557
b.2	0.408314	0.203125	0.200767	0.187795
b.2	0.418472	0.205929	0.205017	0.170582
b.2	0.409224	0.216871	0.199358	0.174548
b.2	0.398854	0.218403	0.211242	0.1715
b.2	0.435017	0.204512	0.170672	0.189799
b.2	0.438765	0.188498	0.193823	0.178914
b.2	0.438243	0.205911	0.176519	0.179326
b.2	0.44586	0.18719	0.186483	0.180467
b.2	0.39375	0.220417	0.216667	0.169167
b.2	0.434859	0.196009	0.191901	0.17723
b.2	0.4583	0.185304	0.172432	0.183964
b.2	0.434683	0.206728	0.19595	0.162639
b.2	0.394105	0.213895	0.226526	0.165474
b.2	0.416609	0.211164	0.204759	0.167467
b.2	0.422963	0.199881	0.198691	0.178465
b.2	0.457796	0.17828	0.179069	0.184854
b.2	0.422579	0.190094	0.212405	0.174922
b.2	0.394303	0.225637	0.204273	0.175787
b.2	0.382308	0.230448	0.208428	0.178815
b.2	0.494031	0.148301	0.15427	0.203398
b.29	0.431902	0.184458	0.208998	0.174642
b.29	0.463599	0.179771	0.181712	0.174917
b.29	0.417853	0.206123	0.204183	0.171841
b.29	0.390546	0.226419	0.215595	0.16744
b.29	0.425135	0.206968	0.200747	0.167151
b.29	0.415122	0.210932	0.202023	0.171924
b.29	0.43492	0.184368	0.205484	0.175228
b.29	0.451613	0.177976	0.200501	0.169911
b.29	0.425678	0.193196	0.204131	0.176995
b.29	0.428624	0.173945	0.209174	0.188257
b.29	0.414536	0.216142	0.199451	0.169871
b.29	0.411996	0.190851	0.220539	0.176613
b.29	0.433333	0.204591	0.196208	0.165868
b.29	0.406619	0.176254	0.2456	0.171526
b.29	0.419654	0.188032	0.228011	0.164302
b.29	0.432416	0.214209	0.179302	0.174074
b.29	0.433635	0.194816	0.198071	0.173478
b.29	0.448063	0.191348	0.182791	0.177799
b.29	0.429412	0.208932	0.196296	0.165359
b.29	0.434028	0.203241	0.199537	0.163194
b.29	0.418524	0.215907	0.204866	0.160703
b.29	0.438484	0.201729	0.198404	0.161383
b.29	0.424439	0.214647	0.197451	0.163463
b.29	0.434435	0.2035	0.204364	0.157701
b.29	0.419056	0.215995	0.197887	0.167062
b.29	0.433564	0.19325	0.195562	0.177624
b.29	0.425186	0.209078	0.199036	0.1667
b.29	0.413161	0.216133	0.207256	0.16345
b.29	0.422856	0.211715	0.194104	0.171325
b.29	0.432314	0.184414	0.212294	0.170977
b.29	0.437968	0.188454	0.200944	0.172634
b.29	0.427971	0.211046	0.191726	0.169257
b.29	0.38519	0.217029	0.234742	0.163039
b.29	0.42993	0.197219	0.194658	0.178192
b.29	0.425073	0.216537	0.189137	0.169253
b.29	0.433711	0.175829	0.207357	0.183104
b.29	0.437223	0.20384	0.197299	0.161637
b.29	0.423906	0.213874	0.18698	0.17524
b.29	0.4565	0.181636	0.186458	0.175407
b.29	0.431013	0.197374	0.202376	0.169237
b.29	0.42549	0.190196	0.21098	0.173333
b.29	0.416573	0.193851	0.209411	0.180165
b.29	0.481577	0.176093	0.158098	0.184233
b.29	0.434646	0.201837	0.182415	0.181102
b.29	0.448696	0.187944	0.186929	0.176431
b.29	0.432051	0.208761	0.19359	0.165598
b.29	0.434176	0.200159	0.19757	0.168094
b.29	0.422165	0.213354	0.197748	0.166733
b.29	0.430415	0.208295	0.192396	0.168894
b.29	0.414506	0.215413	0.2	0.170082
b.29	0.383704	0.221799	0.233228	0.16127
b.29	0.434674	0.203376	0.193374	0.168577
b.29	0.431587	0.208879	0.200631	0.158903
b.29	0.387826	0.217767	0.230927	0.163479
b.29	0.436461	0.206685	0.186178	0.170677
b.29	0.436846	0.19957	0.188817	0.174767
b.29	0.423603	0.217129	0.191998	0.16727
b.29	0.426807	0.208923	0.199363	0.164907
b.29	0.436177	0.199161	0.192869	0.171794
b.29	0.423695	0.207827	0.195318	0.173159
b.29	0.420428	0.219066	0.19144	0.169066
b.29	0.432982	0.21511	0.187249	0.164659
b.29	0.431618	0.185817	0.212477	0.170088
b.29	0.445135	0.191659	0.19304	0.170167
b.29	0.422358	0.204878	0.204065	0.168699
b.29	0.513541	0.146439	0.162487	0.177533
b.29	0.420814	0.208762	0.20835	0.162073
b.29	0.422403	0.192331	0.221618	0.163647
b.29	0.426758	0.191394	0.210205	0.171644
b.29	0.422704	0.209737	0.196816	0.170743
b.29	0.430455	0.195236	0.194385	0.179923
b.29	0.442435	0.211156	0.183902	0.162506
b.29	0.415035	0.199011	0.209693	0.176261
b.29	0.430349	0.211503	0.19641	0.161738
b.29	0.424399	0.200344	0.202749	0.172509
b.29	0.440518	0.202285	0.185682	0.171516
b.29	0.426088	0.207399	0.200713	0.1658
b.29	0.427331	0.217804	0.189746	0.165119
b.29	0.424842	0.201345	0.200554	0.173259
b.29	0.421835	0.21198	0.203483	0.162702
b.29	0.431836	0.19376	0.205485	0.168919
b.29	0.440558	0.199369	0.186481	0.173593
b.29	0.416815	0.188214	0.212598	0.182372
b.29	0.438082	0.198818	0.197455	0.165644
b.29	0.419965	0.210922	0.205872	0.163241
b.29	0.435227	0.208022	0.187344	0.169407
b.29	0.413695	0.212661	0.198966	0.174677
b.29	0.413716	0.207337	0.20638	0.172568
b.29	0.438751	0.202991	0.186057	0.172201
b.29	0.43435	0.206576	0.194246	0.164828
b.29	0.433726	0.207167	0.192931	0.166176
b.29	0.423112	0.208277	0.197648	0.170963
b.29	0.442365	0.181281	0.19803	0.178325
b.29	0.434924	0.198965	0.192831	0.17328
b.29	0.443471	0.18544	0.201919	0.16917
b.29	0.426953	0.205469	0.199609	0.167969
b.29	0.427461	0.201873	0.198884	0.171782
b.29	0.465537	0.152919	0.178531	0.203013
b.29	0.438182	0.204406	0.192895	0.164517
b.29	0.420723	0.211615	0.198245	0.169417
b.29	0.420445	0.215141	0.203807	0.160607
b.29	0.428709	0.211668	0.188831	0.170793
b.29	0.394863	0.217466	0.212671	0.175
b.29	0.41958	0.212443	0.197974	0.170002
b.29	0.421835	0.211614	0.191173	0.175377
b.29	0.442898	0.184285	0.191128	0.181689
b.29	0.42781	0.205801	0.198123	0.168266
b.29	0.451702	0.2062	0.179629	0.162469
b.29	0.419279	0.198916	0.215414	0.166392
b.29	0.474908	0.180443	0.160886	0.183764
b.29	0.42581	0.214955	0.196603	0.162632
b.29	0.453281	0.186877	0.186645	0.173197
b.29	0.420763	0.183224	0.211413	0.1846
b.29	0.439227	0.191575	0.188624	0.180574
b.29	0.420553	0.197126	0.207701	0.17462
b.29	0.440558	0.194753	0.190735	0.173954
b.29	0.434417	0.190493	0.199339	0.175751
b.29	0.424676	0.196089	0.205728	0.173506
b.29	0.442796	0.196453	0.18774	0.173011
b.34	0.973856	0.0130719	0.0130719	0
b.34	1	0	0	0
b.34	0.460911	0.176499	0.156835	0.205755
b.34	0.472142	0.166735	0.155592	0.20553
b.34	0.422734	0.190676	0.206915	0.179675
b.34	0.475039	0.186427	0.167707	0.170827
b.34	0.494101	0.154407	0.148508	0.202984
b.34	0.466732	0.161937	0.180528	0.190802
b.34	0.474937	0.158145	0.159649	0.207268
b.34	0.432907	0.189696	0.183706	0.19369
b.34	0.484709	0.164118	0.156473	0.194699
b.34	0.480952	0.140136	0.157823	0.221088
b.34	0.485674	0.139064	0.163522	0.21174
b.34	0.502	0.127333	0.143333	0.227333
b.34	0.471366	0.142228	0.161737	0.22467
b.34	0.484122	0.136099	0.154893	0.224887
b.34	0.488118	0.14924	0.167776	0.194867
b.34	0.45865	0.162718	0.173894	0.204738
b.34	0.455425	0.157412	0.170657	0.216505
b.34	0.477134	0.158028	0.146341	0.218496
b.34	0.514238	0.120603	0.126047	0.239112
b.34	0.48852	0.143136	0.15828	0.210064
b.34	0.467828	0.148794	0.172922	0.210456
b.34	0.506276	0.137552	0.120293	0.235879
b.34	0.464538	0.163074	0.169492	0.202896
b.34	0.490142	0.148785	0.137552	0.223521
b.34	0.502765	0.138495	0.133926	0.224814
b.34	0.468627	0.153137	0.176393	0.201843
b.34	0.458175	0.177757	0.154468	0.209601
b.34	0.470398	0.166308	0.151238	0.212056
b.34	0.505629	0.150094	0.145403	0.198874
b.34	0.483221	0.179195	0.150336	0.187248
b.34	0.44	0.213846	0.166154	0.18
b.34	0.461124	0.200154	0.157814	0.180908
b.34	0.476946	0.139078	0.181406	0.20257
b.34	0.515617	0.138761	0.134665	0.210958
b.34	0.501714	0.14599	0.152844	0.199452
b.34	0.928144	0.0359281	0.0359281	0
b.34	0.920635	0.0396825	0.0396825	0
b.34	0.965517	0.0172414	0.0172414	0
b.34	0.41284	0.214008	0.189494	0.183658
b.34	0.497467	0.157992	0.132658	0.211884
b.34	0.46524	0.175571	0.164789	0.1944
b.34	0.454782	0.182173	0.175016	0.188029
b.34	0.472325	0.18893	0.15941	0.179336
b.34	0.522491	0.156574	0.137543	0.183391
b.34	0.477323	0.15545	0.161302	0.205925
b.34	0.48391	0.15422	0.15847	0.2034
b.34	0.516304	0.13587	0.170652	0.177174
b.34	0.452889	0.160854	0.169183	0.217074
b.34	0.475209	0.161422	0.161422	0.201947
b.34	0.460626	0.166667	0.162352	0.210356
b.36	0.482304	0.169766	0.15117	0.196761
b.36	0.455826	0.174776	0.172215	0.197183
b.36	0.446186	0.188088	0.161964	0.203762
b.36	0.417	0.198	0.182	0.203
b.36	0.471461	0.175228	0.158105	0.195205
b.36	0.454545	0.169842	0.173653	0.20196
b.36	0.445302	0.176963	0.177606	0.200129
b.36	0.463945	0.175504	0.181336	0.179215
b.36	0.472792	0.172438	0.161837	0.192933
b.36	0.43331	0.196895	0.178546	0.191249
b.36	0.460594	0.180879	0.166667	0.19186
b.36	0.458888	0.171705	0.160218	0.20919
b.36	0.425714	0.207429	0.180571	0.186286
b.36	0.454306	0.167653	0.171598	0.206443
b.36	0.464875	0.178986	0.180208	0.175932
b.36	0.470075	0.168329	0.163965	0.197631
b.36	0.452626	0.187872	0.157553	0.201949
b.36	0.469064	0.175568	0.16605	0.189318
b.36	0.459858	0.16706	0.172963	0.200118
b.36	0.458553	0.168421	0.176316	0.196711
b.36	0.484926	0.171264	0.161642	0.182168
b.36	0.475836	0.181537	0.140025	0.202602
b.36	0.465551	0.179008	0.162267	0.193175
b.36	0.476015	0.166052	0.146125	0.211808
b.36	0.465499	0.169413	0.167868	0.197219
b.36	0.430778	0.181224	0.184789	0.203209
b.36	0.4701	0.168882	0.146179	0.214839
b.36	0.465625	0.183125	0.164375	0.186875
b.36	0.470096	0.171704	0.160129	0.198071
b.36	0.479273	0.166545	0.157091	0.197091
b.36	0.457746	0.173122	0.174296	0.194836
b.36	0.492271	0.162307	0.137931	0.207491
b.36	0.468339	0.164875	0.172043	0.194743
b.36	0.451991	0.168033	0.166862	0.213115
b.36	0.497689	0.157935	0.141757	0.202619
b.36	0.449819	0.187424	0.165659	0.197098
b.36	0.447788	0.19174	0.165782	0.19469
b.36	0.463704	0.15037	0.174074	0.211852
b.36	0.514033	0.137734	0.133576	0.214657
b.40	0.469995	0.169411	0.162507	0.198088
b.40	0.473887	0.185788	0.149829	0.190497
b.40	0.466281	0.166667	0.179672	0.18738
b.40	0.491389	0.164155	0.133477	0.21098
b.40	0.47789	0.17528	0.154502	0.192328
b.40	0.479735	0.152911	0.166175	0.201179
b.40	0.492202	0.156581	0.134747	0.216469
b.40	0.469298	0.164474	0.169737	0.196491
b.40	0.498413	0.15619	0.156825	0.188571
b.40	0.487616	0.163055	0.141383	0.207946
b.40	0.465816	0.160942	0.170101	0.20314
b.40	0.448449	0.174889	0.196012	0.18065
b.40	0.463128	0.184124	0.167215	0.185533
b.40	0.427686	0.180785	0.210227	0.181302
b.40	0.47615	0.184888	0.147742	0.19122
