3.30.420.10	0.481169	0.156822	0.167318	0.19469	
3.30.420.10	0.495787	0.158409	0.139872	0.205932	
3.30.420.10	0.482377	0.154103	0.15822	0.2053	
3.30.420.10	0.508687	0.147672	0.134468	0.209173	
3.30.420.10	0.483965	0.16482	0.15277	0.198445	
3.30.420.10	0.488747	0.144769	0.158455	0.208029	
3.30.420.10	0.489465	0.159799	0.144882	0.205855	
3.30.420.10	0.488278	0.161159	0.145837	0.204726	
3.30.420.10	0.504157	0.145079	0.130866	0.219898	
3.30.420.10	0.514169	0.140662	0.135541	0.209628	
3.30.420.10	0.517241	0.139324	0.125392	0.218042	
3.30.420.10	0.504819	0.138917	0.141243	0.215022	
3.30.420.10	0.47281	0.165629	0.156912	0.204649	
3.30.420.10	0.509994	0.143036	0.129606	0.217364	
3.30.420.10	0.478124	0.165784	0.155778	0.200314	
3.30.420.10	0.501787	0.145724	0.138576	0.213913	
3.30.420.10	0.487701	0.140492	0.158467	0.21334	
3.30.420.10	0.483643	0.173688	0.137679	0.204989	
3.30.420.10	0.49233	0.1589	0.14848	0.200289	
3.30.420.10	0.490875	0.155274	0.154036	0.199814	
3.30.420.10	0.509133	0.14281	0.128861	0.219196	
3.30.420.10	0.507902	0.145867	0.134787	0.211444	
3.30.420.10	0.501273	0.159452	0.13379	0.205485	
3.30.420.10	0.494385	0.16085	0.135357	0.209408	
3.30.420.10	0.49931	0.158391	0.135172	0.207126	
3.30.420.10	0.496427	0.161233	0.138901	0.203439	
3.30.420.10	0.462872	0.171881	0.159442	0.205805	
3.30.420.10	0.481308	0.164826	0.148683	0.205183	
3.30.420.10	0.477352	0.161562	0.156794	0.204291	
3.30.420.10	0.48151	0.165134	0.153982	0.199374	
3.30.420.10	0.490276	0.167747	0.14141	0.200567	
3.30.420.10	0.485832	0.168831	0.131936	0.2134	
3.30.420.10	0.489772	0.170844	0.127917	0.211466	
3.30.420.10	0.488342	0.15107	0.15618	0.204408	
3.30.420.10	0.47247	0.165587	0.15587	0.206073	
3.30.420.10	0.47573	0.172073	0.1562	0.195997	
3.30.420.10	0.493624	0.153391	0.14452	0.208464	
3.30.420.10	0.493774	0.175954	0.151868	0.178404	
3.30.420.10	0.496934	0.161708	0.137179	0.204179	
3.30.420.10	0.494136	0.162502	0.141084	0.202278	
3.30.420.10	0.47582	0.159016	0.163525	0.201639	
3.30.420.10	0.493954	0.166361	0.145841	0.193844	
3.30.420.10	0.467097	0.163149	0.168364	0.201391	
3.30.420.10	0.491765	0.162092	0.145359	0.200784	
3.30.420.10	0.480844	0.153989	0.171386	0.193781	
3.30.420.10	0.488312	0.147619	0.160823	0.203247	
3.30.420.10	0.502852	0.147719	0.142586	0.206844	
3.30.420.10	0.495742	0.155463	0.141511	0.207284	
3.30.420.10	0.493366	0.161907	0.138071	0.206656	
3.30.420.10	0.477208	0.169851	0.154152	0.198789	
3.30.420.10	0.48429	0.160121	0.149245	0.206344	
3.30.420.10	0.494323	0.146231	0.149637	0.209809	
3.30.420.10	0.491193	0.15853	0.138903	0.211374	
3.30.420.10	0.472645	0.166629	0.158683	0.202043	
3.30.420.10	0.495913	0.159401	0.137602	0.207084	
3.30.420.10	0.501269	0.157785	0.133333	0.207612	
3.30.420.10	0.491875	0.144928	0.158542	0.204655	
3.30.420.10	0.495276	0.163911	0.134624	0.206188	
3.30.420.10	0.476763	0.168896	0.1528	0.201542	
3.30.420.10	0.503854	0.146435	0.142823	0.206888	
3.30.420.10	0.485562	0.163723	0.13709	0.213625	
3.30.420.10	0.491393	0.148361	0.143443	0.216803	
3.30.420.10	0.495674	0.15822	0.140915	0.205192	
3.30.420.10	0.492184	0.161456	0.144179	0.20218	
3.30.420.10	0.492117	0.169014	0.140845	0.198024	
3.30.420.10	0.505289	0.155474	0.132349	0.206888	
3.30.420.10	0.499771	0.159706	0.137219	0.203304	
3.30.420.10	0.493987	0.162138	0.142094	0.201782	
3.30.420.10	0.506941	0.156173	0.129152	0.207734	
3.30.420.10	0.50324	0.154548	0.136309	0.205904	
3.30.420.10	0.460388	0.162086	0.172595	0.204931	
3.30.420.10	0.477604	0.168533	0.158455	0.195409	
3.30.420.10	0.476271	0.166855	0.15838	0.198493	
3.30.420.10	0.497819	0.160964	0.137543	0.203674	
3.30.420.10	0.474856	0.161883	0.16372	0.199541	
3.30.420.10	0.495061	0.162551	0.138303	0.204086	
3.30.420.10	0.496671	0.162228	0.13826	0.202841	
3.30.420.10	0.475222	0.168996	0.161796	0.193986	
3.30.420.10	0.456768	0.175408	0.16584	0.201984	
3.30.420.10	0.477307	0.166542	0.158477	0.197674	
3.30.420.10	0.461847	0.172691	0.163454	0.202008	
3.30.420.10	0.475876	0.155464	0.157113	0.211546	
3.30.420.10	0.48796	0.152658	0.152658	0.206724	
3.30.420.10	0.470404	0.168953	0.164249	0.196394	
3.30.420.10	0.481654	0.171961	0.135816	0.21057	
3.30.420.10	0.478374	0.164099	0.156302	0.201225	
3.30.420.10	0.479649	0.164557	0.157741	0.198053	
3.30.420.10	0.473588	0.170492	0.154645	0.201275	
3.30.420.10	0.46433	0.171954	0.163891	0.199825	
3.30.420.10	0.486646	0.171212	0.13607	0.206073	
3.30.420.10	0.446578	0.175279	0.172835	0.205307	
3.30.420.10	0.471837	0.172299	0.156233	0.199631	
3.30.420.10	0.48632	0.160341	0.143572	0.209768	
3.30.420.40	0.49794	0.142514	0.152816	0.206731	
3.30.420.40	0.498035	0.144851	0.139347	0.217767	
3.30.420.40	0.473161	0.165911	0.1626	0.198327	
3.30.420.40	0.487229	0.14937	0.155189	0.208212	
3.30.420.40	0.499045	0.144494	0.150859	0.205602	
3.30.420.40	0.497504	0.14571	0.132636	0.22415	
3.30.420.40	0.507407	0.137374	0.139731	0.215488	
3.30.420.40	0.496406	0.157717	0.148837	0.19704	
3.30.420.40	0.484076	0.138254	0.162982	0.214687	
3.30.420.40	0.512953	0.12978	0.147545	0.209721	
3.30.420.40	0.474335	0.170851	0.153241	0.201574	
3.30.420.40	0.508224	0.136229	0.134121	0.221426	
3.30.420.40	0.474038	0.167308	0.157212	0.201442	
3.30.420.40	0.496929	0.134174	0.159392	0.209505	
3.30.420.40	0.513885	0.132527	0.140225	0.213363	
3.30.420.40	0.477408	0.144928	0.165388	0.212276	
3.30.420.40	0.508197	0.135315	0.151431	0.205057	
3.30.420.40	0.477338	0.15149	0.162515	0.208657	
3.30.420.40	0.479721	0.134781	0.174109	0.211389	
3.30.420.40	0.503341	0.150227	0.145148	0.201283	
3.30.420.40	0.506329	0.145365	0.142507	0.205798	
3.30.420.40	0.471171	0.16082	0.173671	0.194338	
3.30.420.40	0.5	0.1435	0.137652	0.218848	
3.30.420.40	0.466589	0.16377	0.171109	0.198532	
3.30.420.40	0.511182	0.133044	0.142629	0.213145	
3.30.420.40	0.515335	0.129118	0.143506	0.212041	
3.30.420.40	0.497782	0.131766	0.147737	0.222715	
3.30.420.40	0.502952	0.137375	0.134877	0.224796	
3.30.420.40	0.504468	0.143336	0.135145	0.217051	
3.30.420.40	0.494074	0.132816	0.157336	0.215774	
3.30.420.40	0.492218	0.141375	0.160182	0.206226	
3.30.420.40	0.503595	0.141757	0.14792	0.206728	
3.30.420.40	0.471593	0.160111	0.162098	0.206198	
3.30.420.40	0.4781	0.16341	0.16442	0.19407	
3.30.420.40	0.501719	0.132737	0.150275	0.215268	
3.30.420.40	0.482813	0.161991	0.15646	0.198736	
3.30.420.40	0.506844	0.130236	0.14185	0.22107	
3.30.420.40	0.493075	0.146122	0.147507	0.213296	
3.30.420.40	0.486957	0.153318	0.155835	0.20389	
3.30.420.40	0.495802	0.152011	0.155988	0.1962	
3.30.420.40	0.485332	0.148631	0.167862	0.198175	
3.30.420.40	0.464171	0.170477	0.172779	0.192573	
3.30.420.40	0.493984	0.157643	0.146497	0.201875	
3.30.420.40	0.499573	0.139624	0.134927	0.225875	
3.30.420.40	0.514273	0.127532	0.13628	0.221915	
3.30.420.40	0.502148	0.14057	0.142132	0.21515	
3.30.420.40	0.487816	0.152247	0.13928	0.220657	
3.30.420.40	0.483041	0.165114	0.154305	0.19754	
3.30.420.40	0.461122	0.169291	0.17372	0.195866	
3.30.420.40	0.492819	0.150808	0.151481	0.204892	
3.30.420.40	0.486256	0.149842	0.163221	0.200681	
3.30.420.40	0.496451	0.1356	0.153904	0.214046	
3.30.420.40	0.497617	0.143862	0.139097	0.219424	
