3.10.100	0.456729	0.172633	0.186226	0.184413
3.10.100	0.432638	0.195446	0.18833	0.183586
3.10.100	0.467373	0.144087	0.16893	0.219609
3.10.100	0.43164	0.177975	0.191954	0.198432
3.10.100	0.46658	0.167535	0.179253	0.186632
3.10.100	0.460205	0.171187	0.175634	0.192975
3.10.100	0.427746	0.193472	0.188031	0.190751
3.10.100	0.435451	0.196209	0.182633	0.185707
3.10.100	0.450906	0.166035	0.184998	0.198062
3.10.100	0.435877	0.180601	0.189935	0.193588
3.10.100	0.448573	0.1842	0.170512	0.196715
3.10.100	0.440928	0.172996	0.191983	0.194093
3.10.100	0.443056	0.180293	0.188147	0.188504
3.10.100	0.435435	0.195946	0.182432	0.186186
3.10.100	0.434798	0.185589	0.192619	0.186995
3.10.100	0.409385	0.208333	0.19377	0.188511
3.10.100	0.445869	0.184836	0.19238	0.176914
3.10.100	0.460369	0.171335	0.159416	0.20888
3.10.100	0.446547	0.181607	0.162351	0.209495
3.10.100	0.453144	0.177282	0.170385	0.199189
3.10.100	0.439969	0.177599	0.192175	0.190257
3.10.100	0.441933	0.180851	0.172429	0.204787
3.10.100	0.449588	0.169111	0.18011	0.201192
3.10.100	0.41947	0.199166	0.192915	0.188449
3.10.100	0.423473	0.203807	0.188343	0.184377
3.10.100	0.437048	0.194645	0.178968	0.189339
3.10.100	0.454973	0.153898	0.169355	0.221774
3.10.100	0.462401	0.167212	0.167679	0.202709
3.10.100	0.457381	0.163005	0.185413	0.1942
3.10.100	0.464901	0.159541	0.158264	0.217294
3.10.100	0.43953	0.182792	0.182446	0.195232
3.10.100	0.426947	0.194526	0.188632	0.189895
3.10.100	0.440841	0.162631	0.204203	0.192325
3.10.100	0.444612	0.174669	0.190926	0.189792
3.10.100	0.449721	0.174115	0.178305	0.197858
3.10.100	0.432111	0.189296	0.184671	0.193921
3.10.100	0.424596	0.190604	0.190604	0.194195
3.10.100	0.450365	0.160965	0.173023	0.215648
3.10.100	0.456922	0.170862	0.187318	0.184898
3.10.100	0.420632	0.204326	0.189684	0.185358
3.10.100	0.439893	0.181818	0.186813	0.191475
3.10.100	0.451074	0.180589	0.166667	0.201671
3.10.100	0.441765	0.181038	0.187168	0.190029
3.10.100	0.43588	0.193688	0.183056	0.187375
3.10.100	0.438686	0.192336	0.170803	0.198175
3.10.100	0.459583	0.17375	0.174167	0.1925
3.10.100	0.437843	0.189519	0.189214	0.183425
3.10.100	0.444762	0.184672	0.170404	0.200163
3.10.100	0.449275	0.176812	0.183437	0.190476
3.10.100	0.428483	0.1875	0.189055	0.194963
3.10.100	0.450457	0.173399	0.1875	0.188643
3.10.100	0.46418	0.167555	0.17762	0.190645
3.10.100	0.447962	0.174672	0.190684	0.186681
3.10.100	0.43964	0.182703	0.19027	0.187387
3.10.100	0.45423	0.170933	0.17397	0.200868
3.10.100	0.466249	0.165847	0.174341	0.193563
3.10.100	0.420994	0.190282	0.199184	0.18954
3.10.100	0.430737	0.184421	0.194105	0.190737
3.10.100	0.443118	0.188904	0.179073	0.188904
3.10.100	0.43311	0.191639	0.185284	0.189967
3.10.100	0.430864	0.191533	0.189826	0.187777
3.10.100	0.458866	0.164864	0.16552	0.210751
3.10.100	0.434202	0.180361	0.203073	0.182365
3.10.100	0.449156	0.183746	0.175893	0.191205
3.10.100	0.452853	0.172742	0.177892	0.196513
3.10.100	0.431935	0.183548	0.187419	0.197097
3.10.100	0.469091	0.155556	0.189495	0.185859
3.10.100	0.456916	0.15422	0.191781	0.197084
3.10.100	0.444157	0.183432	0.181583	0.190828
3.10.100	0.443341	0.174393	0.208609	0.173657
3.10.100	0.459022	0.16097	0.193679	0.186329
3.10.100	0.482843	0.154412	0.176879	0.185866
3.10.100	0.437696	0.185345	0.181818	0.195141
3.10.100	0.435784	0.191461	0.184005	0.18875
3.10.100	0.457293	0.170171	0.157687	0.214849
3.10.110	0.498651	0.150435	0.147438	0.203476
3.10.110	0.518489	0.148312	0.13746	0.19574
3.10.110	0.494962	0.156336	0.14626	0.202443
3.10.110	0.506947	0.148763	0.136564	0.207726
3.10.110	0.484957	0.167757	0.153041	0.194245
3.10.110	0.503058	0.155455	0.137432	0.204055
3.10.110	0.498118	0.160916	0.136449	0.204517
3.10.110	0.478632	0.182336	0.144587	0.194444
3.10.110	0.505179	0.146341	0.137989	0.210491
3.10.110	0.500869	0.144247	0.136948	0.217935
3.10.110	0.548592	0.11762	0.113987	0.2198
3.10.110	0.521337	0.128422	0.138486	0.211755
3.10.110	0.490826	0.158544	0.149083	0.201548
3.10.110	0.500292	0.152835	0.144068	0.202805
3.10.110	0.500712	0.15446	0.142206	0.202622
3.10.110	0.488475	0.160789	0.149681	0.201055
3.10.110	0.49771	0.152977	0.143817	0.205496
3.10.110	0.497074	0.153988	0.143209	0.205728
3.10.110	0.48345	0.172852	0.148445	0.195252
3.10.110	0.494596	0.147489	0.150668	0.207247
3.10.110	0.489908	0.161468	0.144343	0.204281
3.10.110	0.494461	0.155685	0.143732	0.206122
3.10.110	0.503713	0.155631	0.133973	0.206683
3.10.110	0.482799	0.162599	0.149074	0.205528
3.10.110	0.488857	0.159768	0.146454	0.20492
3.10.110	0.490628	0.170526	0.147372	0.191474
3.10.110	0.5	0.150142	0.14245	0.207407
3.10.110	0.485667	0.172667	0.151	0.190667
3.10.110	0.500796	0.156956	0.135307	0.20694
3.10.110	0.509874	0.146649	0.126902	0.216575
3.10.110	0.489449	0.153283	0.153283	0.203986
3.10.110	0.500918	0.149021	0.148103	0.201958
3.10.110	0.499038	0.15466	0.147374	0.198928
3.10.110	0.491469	0.156923	0.146014	0.205594
3.10.110	0.496344	0.158605	0.144826	0.200225
3.10.110	0.484796	0.157834	0.149725	0.207646
3.10.110	0.494953	0.154441	0.149058	0.201548
3.10.110	0.488567	0.157836	0.150307	0.203291
3.10.110	0.514336	0.135974	0.133314	0.216376
3.10.129	0.470857	0.176264	0.159761	0.193118
3.10.129	0.481534	0.185133	0.130208	0.203125
3.10.129	0.481918	0.165094	0.154481	0.198506
3.10.129	0.476663	0.192944	0.147372	0.183021
3.10.129	0.473517	0.170551	0.154308	0.201624
3.10.129	0.484071	0.187764	0.146885	0.18128
3.10.129	0.480814	0.169538	0.1574	0.192247
3.10.129	0.498689	0.156469	0.144668	0.200175
3.10.129	0.445362	0.180623	0.174991	0.199024
3.10.129	0.496772	0.171449	0.132353	0.199426
3.10.129	0.484498	0.160254	0.144938	0.21031
3.10.129	0.464161	0.170864	0.156528	0.208446
3.10.129	0.460996	0.18985	0.158835	0.19032
3.10.129	0.487138	0.169212	0.153537	0.190113
3.10.129	0.496906	0.165893	0.139598	0.197602
3.10.129	0.50198	0.154785	0.142244	0.20099
3.10.129	0.484599	0.15462	0.161635	0.199146
3.10.129	0.506082	0.159971	0.143015	0.190933
3.10.129	0.488688	0.16365	0.154223	0.193439
3.10.129	0.493016	0.17009	0.134758	0.202136
3.10.129	0.485316	0.165304	0.145625	0.203754
3.10.129	0.482353	0.170588	0.149321	0.197738
3.10.129	0.492178	0.148616	0.145608	0.213598
3.10.129	0.489446	0.163918	0.147098	0.199538
3.10.129	0.475208	0.186023	0.151082	0.187687
3.10.129	0.495964	0.154157	0.163035	0.186844
3.10.129	0.484145	0.15708	0.155605	0.203171
3.10.129	0.500999	0.1666	0.123052	0.209349
3.10.129	0.490625	0.170313	0.143229	0.195833
3.10.129	0.495301	0.171679	0.141917	0.191103
3.10.129	0.468446	0.17995	0.166246	0.185359
3.10.129	0.484604	0.160893	0.148961	0.205543
3.10.129	0.484859	0.168151	0.15497	0.19202
3.10.129	0.483355	0.152049	0.169974	0.194622
3.10.129	0.46252	0.181818	0.161404	0.194258
3.10.129	0.486593	0.168084	0.151733	0.193591
3.10.129	0.485957	0.161493	0.156319	0.196231
3.10.129	0.47392	0.178484	0.149552	0.198044
3.10.129	0.502302	0.144412	0.156969	0.196316
3.10.129	0.49749	0.153112	0.151606	0.197791
3.10.129	0.469538	0.179972	0.145658	0.204832
3.10.129	0.4846	0.167251	0.151267	0.196881
3.10.129	0.483568	0.172368	0.138162	0.205902
3.10.129	0.505854	0.159871	0.142511	0.191764
3.10.129	0.476882	0.188023	0.140467	0.194628
3.10.129	0.508576	0.155564	0.131631	0.204228
3.10.129	0.466033	0.190074	0.147131	0.196762
3.10.129	0.470039	0.180735	0.151095	0.198131
3.10.129	0.469207	0.180523	0.1505	0.199769
3.10.129	0.485932	0.182476	0.141479	0.190113
3.10.129	0.501654	0.163175	0.140573	0.194598
3.10.129	0.483442	0.160941	0.142061	0.213556
3.10.129	0.489455	0.168723	0.14047	0.201353
3.10.129	0.477371	0.183728	0.161369	0.177532
3.10.129	0.480422	0.167169	0.152485	0.199925
3.10.180	0.478434	0.165026	0.156821	0.199719
3.10.180	0.461957	0.171739	0.168478	0.197826
3.10.180	0.460592	0.181321	0.159909	0.198178
3.10.180	0.437037	0.175704	0.188148	0.199111
3.10.180	0.449006	0.182168	0.182168	0.186658
3.10.180	0.447425	0.174838	0.180389	0.197348
3.10.180	0.45527	0.182386	0.175451	0.186893
3.10.180	0.479771	0.165649	0.153817	0.200763
3.10.180	0.467429	0.174043	0.157633	0.200895
3.10.180	0.457627	0.169492	0.166449	0.206432
3.10.180	0.45607	0.176917	0.169329	0.197684
3.10.180	0.433214	0.18167	0.188495	0.19662
3.10.180	0.433594	0.180339	0.192708	0.193359
3.10.180	0.451363	0.176638	0.172568	0.19943
3.10.180	0.458882	0.166607	0.181203	0.193307
3.10.180	0.443971	0.174312	0.179882	0.201835
3.10.180	0.467147	0.187099	0.147436	0.198317
3.10.180	0.48325	0.169179	0.144472	0.203099
3.10.180	0.469868	0.173448	0.148363	0.208321
3.10.180	0.466232	0.17047	0.165813	0.197485
3.10.180	0.465433	0.180136	0.157741	0.196689
3.10.180	0.484681	0.156705	0.153189	0.205424
3.10.180	0.452267	0.184666	0.165871	0.197196
3.10.180	0.463832	0.160961	0.170624	0.204583
3.10.180	0.454604	0.178352	0.167044	0.2
3.10.180	0.464257	0.173092	0.151406	0.211245
3.10.180	0.463374	0.165728	0.172025	0.198873
3.10.180	0.478971	0.157654	0.1615	0.201875
3.10.180	0.443191	0.182669	0.177442	0.196699
3.10.180	0.471557	0.166795	0.159588	0.202059
3.10.180	0.472718	0.167163	0.150298	0.209821
3.10.180	0.467036	0.151683	0.188566	0.192716
3.10.180	0.462511	0.168925	0.166667	0.201897
3.10.180	0.439338	0.18148	0.183846	0.195336
3.10.180	0.472553	0.170058	0.151631	0.205758
3.10.180	0.444094	0.171654	0.194646	0.189606
3.10.180	0.464607	0.171686	0.161908	0.201799
3.10.180	0.462592	0.17066	0.166748	0.2
3.10.180	0.443721	0.187442	0.169767	0.19907
3.10.180	0.451829	0.207404	0.159233	0.181534
3.10.180	0.467429	0.170286	0.162286	0.2
3.10.180	0.456046	0.168386	0.167974	0.207594
3.10.180	0.449588	0.189734	0.162695	0.197984
3.10.180	0.46606	0.172382	0.160019	0.20154
3.10.180	0.456272	0.155922	0.164918	0.222889
3.10.180	0.456376	0.17726	0.15831	0.208054
3.10.180	0.461973	0.177314	0.161669	0.199044
3.10.180	0.456203	0.16962	0.155443	0.218734
3.10.180	0.46281	0.17731	0.158152	0.201728
3.10.180	0.446363	0.181258	0.181874	0.190506
3.10.180	0.436586	0.179349	0.185019	0.199045
3.10.180	0.456154	0.173417	0.17499	0.195438
3.10.180	0.426785	0.173741	0.20204	0.197433
3.10.180	0.443111	0.177333	0.178222	0.201333
3.10.180	0.47502	0.165848	0.157658	0.201474
3.10.180	0.473191	0.162553	0.160851	0.203404
3.10.180	0.438857	0.176813	0.193753	0.190577
3.10.180	0.459954	0.183066	0.157437	0.199542
3.10.180	0.45512	0.182679	0.16599	0.196211
3.10.180	0.464887	0.170021	0.155647	0.209446
3.10.180	0.438826	0.182107	0.1814	0.197666
3.10.180	0.454132	0.171218	0.180672	0.193978
3.10.180	0.459472	0.186145	0.150801	0.203582
3.10.180	0.469253	0.165085	0.167974	0.197689
3.10.180	0.46569	0.166889	0.161226	0.206196
3.10.180	0.451585	0.176292	0.173686	0.198437
3.10.180	0.456362	0.171399	0.177708	0.194532
3.10.180	0.446981	0.179954	0.17144	0.201625
3.10.20	0.441283	0.177507	0.181572	0.199639
3.10.20	0.438391	0.167006	0.1889	0.205703
3.10.20	0.419089	0.177729	0.198574	0.204608
3.10.20	0.4362	0.174858	0.197543	0.191399
3.10.20	0.535196	0.105028	0.139665	0.220112
3.10.20	0.401281	0.200285	0.206332	0.192102
3.10.20	0.454633	0.174268	0.167067	0.204033
3.10.20	0.420127	0.177821	0.192477	0.209575
3.10.20	0.497067	0.130231	0.133359	0.239343
3.10.20	0.42217	0.178774	0.202358	0.196698
3.10.20	0.438055	0.191678	0.182796	0.187471
3.10.20	0.441299	0.174438	0.176936	0.207327
3.10.20	0.452094	0.172117	0.173838	0.201951
3.10.20	0.450335	0.187854	0.174472	0.187339
3.10.20	0.458286	0.162857	0.177714	0.201143
3.10.20	0.437979	0.173558	0.194997	0.193466
3.10.20	0.428173	0.180381	0.200837	0.190609
3.10.20	0.471564	0.14139	0.180885	0.206161
3.10.20	0.432447	0.171622	0.203443	0.192488
3.10.20	0.414899	0.199906	0.187647	0.197548
3.10.20	0.442435	0.166365	0.189873	0.201326
3.10.20	0.439225	0.143277	0.201409	0.216089
3.10.20	0.424103	0.173846	0.20359	0.198462
3.10.20	0.482909	0.149161	0.137352	0.230578
3.10.20	0.439303	0.158955	0.196516	0.205226
3.10.20	0.408696	0.205383	0.189648	0.196273
3.10.20	0.44703	0.153705	0.192284	0.206981
3.10.20	0.452015	0.180902	0.175624	0.191459
3.10.20	0.449406	0.169121	0.176247	0.205226
3.10.20	0.427376	0.172146	0.206216	0.194262
3.10.20	0.421769	0.181057	0.197802	0.199372
3.10.20	0.467968	0.147041	0.171446	0.213545
3.10.20	0.435101	0.156612	0.215722	0.192566
3.10.20	0.550075	0.0994021	0.105381	0.245142
3.10.20	0.478147	0.155251	0.158513	0.208089
3.10.20	0.476891	0.153361	0.172969	0.196779
3.10.20	0.425854	0.18115	0.197147	0.19585
3.10.20	0.431899	0.180759	0.180253	0.207089
3.10.20	0.437561	0.177154	0.193611	0.191675
3.10.20	0.420797	0.180272	0.207969	0.190962
3.10.20	0.436947	0.173104	0.197766	0.192182
3.10.20	0.438482	0.185366	0.179946	0.196206
3.10.20	0.420537	0.173891	0.211042	0.19453
3.10.20	0.465326	0.160888	0.17129	0.202497
3.10.20	0.446399	0.174272	0.191864	0.187466
3.10.20	0.434255	0.172111	0.18258	0.211055
3.10.20	0.420914	0.176038	0.200736	0.202312
3.10.20	0.43148	0.177215	0.183269	0.208035
3.10.20	0.408416	0.185149	0.214356	0.192079
3.10.20	0.428496	0.176253	0.196306	0.198945
3.10.20	0.449135	0.16927	0.167159	0.214436
3.10.20	0.440094	0.17217	0.172642	0.215094
3.10.20	0.431963	0.181735	0.194521	0.191781
3.10.20	0.446075	0.157415	0.18636	0.210151
3.10.20	0.444766	0.173661	0.165943	0.21563
3.10.20	0.429194	0.188453	0.186275	0.196078
3.10.20	0.446271	0.173216	0.181235	0.199278
3.10.20	0.449171	0.175691	0.18011	0.195028
3.10.20	0.443009	0.170281	0.190586	0.196124
3.10.20	0.447447	0.171672	0.186186	0.194695
3.10.20	0.437346	0.156634	0.207002	0.199017
3.10.20	0.429503	0.187657	0.180632	0.202208
3.10.20	0.4545	0.174085	0.184965	0.186449
3.10.20	0.434879	0.177152	0.190397	0.197572
3.10.20	0.452436	0.166473	0.181555	0.199536
3.10.20	0.427975	0.175887	0.200418	0.19572
3.10.20	0.443124	0.151669	0.199774	0.205433
3.10.20	0.476855	0.155992	0.170577	0.196576
3.10.20	0.432576	0.19043	0.17883	0.198163
3.10.28	0.498876	0.155955	0.137528	0.20764
3.10.28	0.497113	0.147675	0.140383	0.214828
3.10.28	0.508977	0.144973	0.115799	0.230251
3.10.28	0.507123	0.133333	0.135043	0.224501
3.10.28	0.492532	0.150782	0.129801	0.226885
3.10.28	0.49625	0.147256	0.135413	0.221082
3.10.28	0.499388	0.147797	0.133415	0.2194
3.10.28	0.491064	0.153617	0.129787	0.225532
3.10.28	0.507704	0.147149	0.137904	0.207242
3.10.28	0.484089	0.164899	0.13838	0.212633
3.10.28	0.496626	0.155646	0.131804	0.215924
3.10.28	0.49373	0.148148	0.135608	0.222514
3.10.28	0.490012	0.147474	0.135135	0.22738
3.10.28	0.502024	0.140143	0.135783	0.222049
3.10.28	0.503842	0.147344	0.126629	0.222185
3.10.28	0.492641	0.157242	0.136716	0.2134
3.10.28	0.498517	0.152335	0.128984	0.220163
3.10.28	0.500696	0.143334	0.134428	0.221542
3.10.28	0.496525	0.148988	0.137202	0.217286
3.10.28	0.494315	0.151107	0.134351	0.220227
3.10.28	0.493256	0.147456	0.127223	0.232066
3.10.28	0.490986	0.150841	0.139123	0.21905
3.10.28	0.492222	0.149105	0.136777	0.221896
3.10.28	0.494355	0.148247	0.135769	0.221628
3.10.28	0.491964	0.149107	0.134226	0.224702
3.10.28	0.496058	0.149788	0.132505	0.221649
3.10.28	0.491698	0.149432	0.134576	0.224294
3.10.28	0.50208	0.14464	0.12672	0.22656
3.10.28	0.495868	0.148442	0.129053	0.226637
3.10.28	0.489516	0.157258	0.140323	0.212903
3.10.28	0.50416	0.149773	0.136536	0.209531
3.10.28	0.503376	0.143937	0.139076	0.213611
3.10.28	0.495458	0.14586	0.14586	0.212821
3.10.28	0.514217	0.131276	0.132486	0.222021
3.10.28	0.50534	0.139123	0.134626	0.220911
3.10.28	0.508417	0.137803	0.13495	0.21883
3.10.28	0.495593	0.150118	0.132491	0.221798
3.10.28	0.492573	0.146465	0.136067	0.224896
3.10.28	0.48444	0.15699	0.151881	0.206688
3.10.28	0.492114	0.157729	0.131591	0.218567
3.10.28	0.475057	0.163387	0.15103	0.210526
3.10.28	0.495287	0.159755	0.130066	0.214892
3.10.450	0.497762	0.145479	0.153984	0.202775
3.10.450	0.454253	0.175125	0.189064	0.181558
3.10.450	0.479431	0.164551	0.171153	0.184865
3.10.450	0.522371	0.131432	0.149329	0.196868
3.10.450	0.457678	0.166611	0.186015	0.189696
3.10.450	0.532926	0.1222	0.133062	0.211813
3.10.450	0.489362	0.159315	0.163467	0.187857
3.10.450	0.48696	0.144079	0.1646	0.204361
3.10.450	0.477408	0.167093	0.155158	0.200341
3.10.450	0.492379	0.152413	0.156647	0.198561
3.10.450	0.49201	0.158677	0.138239	0.211074
3.10.450	0.48095	0.158832	0.175656	0.184562
3.10.450	0.486648	0.151115	0.150173	0.212064
3.10.450	0.457546	0.174287	0.183224	0.184943
3.10.450	0.498886	0.147474	0.144131	0.20951
3.10.450	0.489095	0.164027	0.14401	0.202868
3.10.450	0.496471	0.164034	0.140504	0.198992
3.10.450	0.502463	0.145868	0.149425	0.202244
3.10.450	0.526882	0.123373	0.148274	0.201471
3.10.450	0.529302	0.126559	0.137781	0.206359
3.10.450	0.487534	0.156334	0.164757	0.191375
3.10.450	0.499354	0.15282	0.136461	0.211365
3.10.450	0.480258	0.154518	0.160592	0.204632
3.10.450	0.493838	0.153846	0.146621	0.205695
3.10.450	0.488403	0.162028	0.151756	0.197813
3.10.450	0.46875	0.175481	0.186699	0.169071
3.10.450	0.476569	0.157383	0.182582	0.183466
3.10.450	0.492709	0.14715	0.157313	0.202828
3.10.450	0.507708	0.138737	0.156141	0.197414
3.10.450	0.509786	0.1379	0.158363	0.19395
3.10.450	0.498319	0.148621	0.150639	0.202421
3.10.450	0.494134	0.150449	0.150794	0.204624
3.10.450	0.491656	0.151904	0.142918	0.213522
3.10.450	0.519081	0.141978	0.140747	0.198195
3.10.450	0.515345	0.1326	0.130863	0.221193
3.10.450	0.477332	0.163536	0.15544	0.203692
3.10.450	0.487637	0.160725	0.157274	0.194365
3.10.450	0.488815	0.143745	0.155758	0.211682
3.10.450	0.517394	0.124793	0.161789	0.196024
3.10.450	0.524857	0.130019	0.124761	0.220363
3.10.450	0.521091	0.128601	0.143519	0.20679
3.10.450	0.533063	0.123707	0.137652	0.205578
3.10.450	0.486155	0.15815	0.162432	0.193263
3.10.450	0.486566	0.161207	0.146117	0.20611
3.10.450	0.484812	0.145883	0.165068	0.204237
3.10.450	0.488489	0.154841	0.159886	0.196783
3.10.450	0.500389	0.144488	0.149935	0.205188
3.10.450	0.527541	0.127631	0.142409	0.202418
3.10.450	0.491613	0.145376	0.156989	0.206022
3.10.450	0.495069	0.15286	0.145299	0.206772
3.10.450	0.480824	0.157579	0.160971	0.200626
3.10.450	0.508933	0.139063	0.140512	0.211492
3.10.450	0.493535	0.146957	0.165878	0.19363
3.10.450	0.499779	0.144685	0.154389	0.201147
3.10.450	0.51004	0.14257	0.157831	0.189558
3.10.450	0.495116	0.155147	0.141998	0.207739
3.10.450	0.517807	0.13567	0.1368	0.209723
3.10.450	0.494062	0.145685	0.155186	0.205067
3.10.450	0.511298	0.147662	0.137677	0.203363
3.10.450	0.45106	0.168012	0.179112	0.201816
3.10.450	0.493708	0.153104	0.14094	0.212248
3.10.450	0.492825	0.151292	0.154982	0.200902
3.10.450	0.494267	0.160833	0.130054	0.214846
3.10.450	0.478883	0.171439	0.149606	0.200072
3.10.450	0.502056	0.148026	0.134457	0.215461
3.10.450	0.487267	0.155348	0.139219	0.218166
3.10.450	0.51348	0.147059	0.142157	0.197304
3.10.450	0.504849	0.145474	0.134698	0.214978
3.10.450	0.4761	0.165128	0.165128	0.193645
3.10.450	0.489391	0.179428	0.146218	0.184963
3.10.450	0.479418	0.153846	0.156341	0.210395
3.10.450	0.483013	0.16859	0.151923	0.196474
3.10.450	0.482884	0.163915	0.139348	0.213854
3.10.450	0.490683	0.15528	0.138302	0.215735
3.10.450	0.477855	0.160554	0.157093	0.204498
3.10.450	0.514268	0.136476	0.120968	0.228288
3.10.450	0.497087	0.146759	0.143846	0.212309
3.10.450	0.491554	0.152872	0.148226	0.207348
3.10.450	0.489663	0.158029	0.157746	0.194562
3.10.450	0.51326	0.137569	0.145856	0.203315
3.10.450	0.482001	0.160758	0.164606	0.192635
3.10.450	0.517591	0.130597	0.138593	0.21322
3.10.450	0.480192	0.164866	0.162065	0.192877
3.10.450	0.509007	0.153749	0.13783	0.199413
