2.1	0.451198	0.186733	0.171245	0.190824
2.1	0.439403	0.194627	0.167164	0.198806
2.1	0.444298	0.199077	0.162162	0.194463
2.1	0.465162	0.168646	0.171021	0.19517
2.1	0.416054	0.19333	0.192764	0.197852
2.1	0.458308	0.173965	0.175765	0.191962
2.1	0.451064	0.180142	0.176596	0.192199
2.1	0.511843	0.146241	0.139032	0.202884
2.1	0.40435	0.223648	0.173452	0.19855
2.1	0.4516	0.167844	0.193187	0.18737
2.1	0.46529	0.172117	0.174986	0.187608
2.1	0.490223	0.14176	0.148045	0.219972
2.1	0.472839	0.159143	0.146136	0.221882
2.1	0.392105	0.232632	0.204737	0.170526
2.1	0.449749	0.156407	0.168342	0.225503
2.1	0.431124	0.201693	0.183357	0.183827
2.1	0.438122	0.164296	0.204125	0.193457
2.1	0.397119	0.218107	0.211934	0.17284
2.1	0.432074	0.166335	0.216037	0.185553
2.1	0.444728	0.161022	0.200639	0.19361
2.1	0.440118	0.165192	0.20236	0.19233
2.1	0.442131	0.168402	0.171464	0.218004
2.1	0.447806	0.165406	0.169945	0.216843
2.1	0.455975	0.158491	0.184277	0.201258
2.1	0.435622	0.187411	0.163805	0.213162
2.1	0.441158	0.169439	0.168207	0.221195
2.1	0.417883	0.170925	0.211679	0.199513
2.1	0.417795	0.175371	0.209542	0.197292
2.1	0.458763	0.168557	0.186082	0.186598
2.1	0.460938	0.158203	0.154297	0.226562
2.1	0.470217	0.13665	0.160477	0.232656
2.1	0.475262	0.176023	0.14177	0.206946
2.1	0.462916	0.148849	0.191816	0.196419
2.1	0.46652	0.165752	0.18112	0.186608
2.1	0.440403	0.164522	0.174035	0.221041
2.1	0.445879	0.159902	0.159287	0.234932
2.1	0.441101	0.171575	0.165173	0.222151
2.1	0.445066	0.168871	0.171923	0.21414
2.1	0.471311	0.14959	0.159836	0.219262
2.1	0.476225	0.141917	0.13899	0.242868
2.1	0.438317	0.163161	0.172825	0.225696
2.1	0.451493	0.169154	0.163557	0.215796
2.1	0.443908	0.157419	0.210495	0.188179
2.1	0.442623	0.176545	0.180748	0.200084
2.12	0.474591	0.187935	0.170431	0.167043
2.12	0.471694	0.179939	0.180879	0.167489
2.12	0.448607	0.185465	0.20639	0.159539
2.12	0.484395	0.16539	0.186133	0.164081
2.12	0.46662	0.175952	0.198166	0.159262
2.12	0.50389	0.157047	0.17514	0.163923
2.12	0.469323	0.179367	0.182533	0.168777
2.12	0.505234	0.153994	0.17135	0.169421
2.12	0.458517	0.180704	0.200608	0.160172
2.12	0.481617	0.167931	0.190108	0.160344
2.12	0.464153	0.181865	0.19174	0.162242
2.12	0.490978	0.186844	0.158793	0.163386
2.12	0.494045	0.177451	0.163358	0.165145
2.12	0.419751	0.192786	0.21972	0.167743
2.12	0.473719	0.171109	0.191705	0.163467
2.12	0.49364	0.171313	0.166982	0.168065
2.12	0.450494	0.179601	0.210683	0.159222
2.12	0.47274	0.179976	0.188792	0.158492
2.12	0.494588	0.16536	0.149309	0.190743
2.12	0.490641	0.160295	0.175826	0.173238
2.12	0.470484	0.17627	0.188052	0.165194
2.12	0.470368	0.184996	0.185146	0.15949
2.12	0.465357	0.17718	0.190394	0.167069
2.12	0.500507	0.148936	0.155015	0.195542
2.12	0.479877	0.170727	0.179029	0.170366
2.12	0.474635	0.173869	0.185865	0.165631
2.12	0.490158	0.164036	0.180528	0.165278
2.12	0.457799	0.176746	0.204372	0.161083
2.12	0.483369	0.159827	0.183153	0.17365
2.12	0.487795	0.167149	0.179561	0.165494
2.12	0.465604	0.180509	0.1875	0.166387
2.12	0.486844	0.175719	0.171719	0.165718
2.12	0.466367	0.188569	0.18183	0.163235
2.12	0.471861	0.162771	0.187013	0.178355
2.12	0.483404	0.167021	0.17766	0.171915
2.12	0.46621	0.188432	0.189802	0.155556
2.12	0.494691	0.157336	0.162162	0.185811
2.12	0.482662	0.172259	0.173758	0.171321
2.12	0.465957	0.186713	0.190912	0.156419
2.12	0.456065	0.192932	0.190664	0.160339
2.12	0.454917	0.181838	0.206663	0.156582
2.12	0.496588	0.155381	0.165879	0.182152
2.12	0.491295	0.1659	0.170502	0.172303
2.12	0.461685	0.176122	0.20163	0.160563
2.12	0.472204	0.175433	0.18762	0.164742
2.13	0.471363	0.18574	0.183615	0.159282
2.13	0.503289	0.160736	0.164175	0.1718
2.13	0.475076	0.190268	0.177311	0.157345
2.13	0.49518	0.169586	0.16334	0.171894
2.13	0.490213	0.170258	0.175327	0.164202
2.13	0.486897	0.174745	0.179769	0.158588
2.13	0.477325	0.176076	0.185331	0.161268
2.13	0.492734	0.17005	0.176234	0.160981
2.13	0.508599	0.15747	0.163003	0.170929
2.13	0.467389	0.184151	0.185291	0.16317
2.13	0.482344	0.160586	0.179194	0.177875
2.13	0.494305	0.171128	0.172551	0.162016
2.13	0.501672	0.163545	0.167893	0.16689
2.13	0.47901	0.179472	0.172829	0.168689
2.13	0.474342	0.18766	0.179082	0.158916
2.13	0.485449	0.172625	0.179003	0.162924
2.13	0.490723	0.169205	0.179313	0.160759
2.13	0.493992	0.169064	0.170418	0.166526
2.13	0.48568	0.17502	0.173926	0.165374
2.13	0.472574	0.174479	0.186797	0.16615
2.13	0.492524	0.170791	0.175561	0.161124
2.13	0.478798	0.164255	0.188451	0.168496
2.13	0.477021	0.191021	0.171341	0.160617
2.13	0.474478	0.182139	0.179277	0.164106
2.13	0.465517	0.191236	0.183333	0.159914
2.13	0.492216	0.172364	0.173969	0.161451
2.13	0.474159	0.182369	0.178331	0.165141
2.13	0.49305	0.165749	0.173223	0.167978
2.13	0.480606	0.181843	0.180314	0.157236
2.13	0.492167	0.162774	0.181145	0.163913
2.13	0.475506	0.171715	0.181842	0.170936
2.13	0.487431	0.172005	0.166901	0.173663
2.13	0.506613	0.153072	0.173326	0.166988
2.13	0.476719	0.184452	0.173062	0.165767
2.13	0.471269	0.184248	0.181103	0.163379
2.13	0.454942	0.185164	0.194107	0.165788
2.13	0.484557	0.176962	0.173797	0.164684
2.13	0.488542	0.157726	0.180003	0.173729
2.13	0.492587	0.175142	0.171678	0.160593
2.13	0.477619	0.182744	0.181289	0.158348
2.13	0.482734	0.174677	0.177406	0.165183
2.13	0.473684	0.196992	0.164745	0.164578
2.16	0.500347	0.162159	0.165395	0.172099
2.16	0.50977	0.151089	0.168388	0.170753
2.16	0.496763	0.15894	0.177747	0.16655
2.16	0.5181	0.152393	0.142857	0.18665
2.16	0.502878	0.160094	0.160094	0.176935
2.16	0.49909	0.168083	0.159587	0.17324
2.16	0.483061	0.169104	0.174578	0.173257
2.16	0.511929	0.139004	0.160788	0.188278
2.16	0.510217	0.150511	0.164341	0.174931
2.16	0.532995	0.14745	0.133672	0.185883
2.16	0.508461	0.155568	0.165939	0.170033
2.16	0.493737	0.167482	0.168436	0.170345
2.16	0.534526	0.155738	0.138599	0.171138
2.16	0.510007	0.145818	0.152966	0.191208
2.16	0.507965	0.155626	0.167257	0.169153
2.16	0.511348	0.136864	0.153026	0.198762
2.16	0.521772	0.146835	0.126835	0.204557
2.16	0.528974	0.153093	0.124119	0.193814
2.16	0.509796	0.151331	0.171598	0.167275
2.16	0.491625	0.160478	0.168795	0.179103
2.16	0.525026	0.145725	0.130865	0.198384
2.16	0.525569	0.149126	0.146486	0.178819
2.16	0.499671	0.165433	0.161895	0.173001
2.16	0.490889	0.176231	0.16695	0.165931
2.16	0.482615	0.171419	0.166087	0.179879
2.16	0.497033	0.166508	0.165678	0.170781
2.16	0.499941	0.164844	0.161199	0.174015
2.16	0.512883	0.154376	0.144158	0.188583
2.16	0.514421	0.153447	0.144209	0.187922
2.16	0.498699	0.160696	0.171003	0.169602
2.16	0.492006	0.171149	0.165049	0.171796
2.16	0.502851	0.15426	0.175325	0.167564
2.16	0.52022	0.165252	0.130804	0.183724
2.16	0.50829	0.175091	0.148403	0.168217
2.16	0.518043	0.155462	0.141869	0.184627
2.16	0.486954	0.168241	0.165061	0.179744
2.16	0.491713	0.170194	0.157828	0.180265
2.16	0.524474	0.150393	0.136191	0.188942
2.16	0.525627	0.140313	0.150491	0.18357
2.16	0.511153	0.153612	0.166667	0.168568
2.16	0.530999	0.155939	0.138902	0.17416
2.16	0.489024	0.173582	0.159371	0.178023
2.16	0.4849	0.171478	0.164904	0.178718
2.16	0.541364	0.145909	0.125682	0.187045
2.16	0.523928	0.147557	0.135842	0.192672
2.16	0.491569	0.162683	0.173481	0.172267
2.16	0.5	0.164703	0.152919	0.182378
2.16	0.540166	0.144275	0.123269	0.19229
2.16	0.50769	0.154309	0.159034	0.178967
2.16	0.509121	0.150521	0.159184	0.181175
2.16	0.527841	0.137566	0.141093	0.1935
2.16	0.494177	0.171221	0.167413	0.167189
2.16	0.495391	0.159519	0.170541	0.174549
2.16	0.5253	0.147513	0.147513	0.179674
2.16	0.535672	0.143579	0.125446	0.195303
2.16	0.51652	0.150606	0.140694	0.192181
2.16	0.538601	0.14643	0.138818	0.176151
2.16	0.51783	0.134355	0.147664	0.200151
2.16	0.519951	0.146059	0.141133	0.192857
2.16	0.518358	0.141949	0.153513	0.186181
2.16	0.509434	0.160063	0.150314	0.180189
2.16	0.521925	0.151458	0.131548	0.19507
2.16	0.51072	0.165773	0.148928	0.174579
2.16	0.523126	0.147663	0.135543	0.193668
2.16	0.533772	0.156791	0.136796	0.172641
2.16	0.519961	0.16067	0.13652	0.182849
2.16	0.521183	0.149747	0.125766	0.203304
2.16	0.527486	0.152211	0.142683	0.17762
2.16	0.518953	0.148202	0.137686	0.195158
2.16	0.52107	0.137804	0.146416	0.194709
2.17	0.476131	0.138191	0.141332	0.244347
2.17	0.482714	0.146607	0.133163	0.237516
2.17	0.443041	0.18913	0.178424	0.189404
2.17	0.400475	0.186843	0.225839	0.186843
2.17	0.404908	0.234151	0.167689	0.193252
2.17	0.453339	0.18536	0.189212	0.172089
2.17	0.455946	0.160809	0.167549	0.215696
2.17	0.475113	0.145362	0.165158	0.214367
2.17	0.490782	0.139224	0.132231	0.237762
2.17	0.477032	0.17447	0.150618	0.19788
2.17	0.439464	0.177911	0.191312	0.191312
2.17	0.435808	0.192459	0.184594	0.187139
2.17	0.415816	0.210459	0.185268	0.188457
2.17	0.517807	0.130852	0.128852	0.222489
2.17	0.43871	0.195853	0.180645	0.184793
2.17	0.393612	0.197321	0.209171	0.199897
2.17	0.441885	0.197017	0.195465	0.165632
2.17	0.508232	0.146044	0.144981	0.200743
2.17	0.485559	0.148229	0.167847	0.198365
2.17	0.429913	0.199683	0.199796	0.170608
2.17	0.48501	0.127915	0.148568	0.238508
2.17	0.455634	0.177879	0.180355	0.186133
2.17	0.451384	0.192209	0.164842	0.191565
2.17	0.438819	0.169982	0.202532	0.188668
2.17	0.426142	0.202426	0.195409	0.176023
2.17	0.492833	0.143345	0.140614	0.223208
2.17	0.426539	0.195235	0.201853	0.176373
2.17	0.459846	0.194981	0.162741	0.182432
2.17	0.462008	0.189385	0.164376	0.184231
2.17	0.448841	0.194556	0.195817	0.160786
2.17	0.468234	0.192503	0.167726	0.171537
2.17	0.440429	0.199081	0.170291	0.190199
2.17	0.473056	0.172055	0.160893	0.193995
2.17	0.497674	0.134884	0.148062	0.21938
2.17	0.480215	0.139504	0.144869	0.235412
2.17	0.424017	0.223188	0.183023	0.169772
2.17	0.434765	0.214821	0.171857	0.178557
2.17	0.436485	0.195835	0.197034	0.170647
2.17	0.465977	0.159773	0.175117	0.199133
2.17	0.48929	0.129853	0.135877	0.24498
2.17	0.473317	0.156608	0.17606	0.194015
2.17	0.45865	0.162718	0.173894	0.204738
2.17	0.497021	0.140851	0.142979	0.219149
2.17	0.486227	0.144138	0.148623	0.221012
2.17	0.492976	0.137931	0.145594	0.223499
2.17	0.428792	0.208447	0.191434	0.171327
2.17	0.489848	0.140863	0.147843	0.221447
2.17	0.48852	0.143136	0.15828	0.210064
2.17	0.467828	0.148794	0.172922	0.210456
2.17	0.384739	0.236709	0.205545	0.173006
2.17	0.392889	0.235824	0.20117	0.170117
2.17	0.470874	0.168689	0.158374	0.202063
2.17	0.468627	0.153137	0.176393	0.201843
2.17	0.434719	0.209336	0.181619	0.174325
2.17	0.472843	0.136848	0.161342	0.228967
2.17	0.457916	0.173043	0.175397	0.193643
2.17	0.472474	0.159974	0.151878	0.215674
2.17	0.445774	0.194201	0.179766	0.180259
2.17	0.438378	0.210608	0.166927	0.184087
2.17	0.429261	0.19467	0.199934	0.176135
2.17	0.420877	0.206758	0.183004	0.189361
2.17	0.416307	0.209403	0.201908	0.172382
2.17	0.445309	0.189364	0.167315	0.198011
2.17	0.44398	0.18311	0.186873	0.186037
2.17	0.44397	0.191358	0.176638	0.188034
2.17	0.460813	0.187228	0.167634	0.184325
2.17	0.412207	0.211743	0.20345	0.172601
2.17	0.500711	0.150071	0.147937	0.20128
2.17	0.415512	0.224377	0.17412	0.185991
2.17	0.457527	0.160753	0.159677	0.222043
2.17	0.486809	0.150754	0.161432	0.201005
2.17	0.432539	0.20144	0.19424	0.171781
2.17	0.433506	0.188256	0.170984	0.207254
2.17	0.480419	0.169333	0.168229	0.182019
2.17	0.466667	0.171088	0.169388	0.192857
2.17	0.441209	0.177473	0.175824	0.205495
2.17	0.436893	0.220874	0.165534	0.176699
2.17	0.487235	0.154528	0.167966	0.190271
2.17	0.440239	0.189243	0.175299	0.195219
2.17	0.421053	0.20076	0.186652	0.191536
2.17	0.411417	0.204232	0.190453	0.193898
2.17	0.467677	0.15202	0.159091	0.221212
2.17	0.419801	0.210261	0.197285	0.172654
2.17	0.458088	0.174898	0.165383	0.201631
2.17	0.519981	0.145275	0.137283	0.197461
2.17	0.417488	0.207541	0.20353	0.171442
2.17	0.455172	0.18518	0.182757	0.176891
2.3	0.480535	0.165856	0.137875	0.215734
2.3	0.492088	0.151097	0.144972	0.211843
2.3	0.494801	0.174312	0.12844	0.202446
2.3	0.475781	0.164755	0.169216	0.190249
2.3	0.437786	0.187913	0.168614	0.205688
2.3	0.48566	0.159991	0.153828	0.200521
2.3	0.48034	0.179625	0.146113	0.193923
2.3	0.473547	0.165655	0.169124	0.191674
2.3	0.462547	0.189139	0.152622	0.195693
2.3	0.487862	0.146952	0.156767	0.208419
2.3	0.454148	0.20524	0.160116	0.180495
2.3	0.465328	0.16021	0.186992	0.18747
2.3	0.467735	0.168904	0.178432	0.184929
2.3	0.469734	0.179661	0.149637	0.200969
2.3	0.456779	0.201092	0.149682	0.192448
2.3	0.472925	0.166531	0.167075	0.193469
2.3	0.446413	0.179343	0.188418	0.185825
2.3	0.481019	0.166266	0.146084	0.206631
2.3	0.475983	0.149095	0.158453	0.216469
2.3	0.469285	0.182198	0.16214	0.186377
2.3	0.495354	0.16144	0.148664	0.194541
2.3	0.469782	0.17134	0.154517	0.204361
2.3	0.460911	0.176499	0.156835	0.205755
2.3	0.476774	0.136774	0.163871	0.222581
2.3	0.482236	0.166378	0.143414	0.207972
2.3	0.475383	0.169661	0.167665	0.187292
2.3	0.482304	0.169766	0.15117	0.196761
2.3	0.422734	0.190676	0.206915	0.179675
2.3	0.46663	0.188184	0.144967	0.200219
2.3	0.479545	0.131061	0.159091	0.230303
2.3	0.503195	0.15655	0.144302	0.195953
2.3	0.475039	0.186427	0.167707	0.170827
2.3	0.473948	0.159319	0.150301	0.216433
2.3	0.509004	0.14921	0.134142	0.207644
2.3	0.466875	0.149375	0.165625	0.218125
2.3	0.473821	0.178058	0.16307	0.185052
2.3	0.478972	0.16764	0.160631	0.192757
2.3	0.466732	0.161937	0.180528	0.190802
2.3	0.482821	0.151899	0.15431	0.21097
2.3	0.463833	0.179403	0.154475	0.202289
2.3	0.492512	0.157258	0.14977	0.200461
2.3	0.488038	0.163743	0.150452	0.197767
2.3	0.476576	0.159051	0.177559	0.186813
2.3	0.432907	0.189696	0.183706	0.19369
2.3	0.467779	0.173188	0.157652	0.201381
2.3	0.483727	0.161789	0.15617	0.198314
2.3	0.498568	0.160993	0.13713	0.203309
2.3	0.460074	0.189077	0.151427	0.199421
2.3	0.47841	0.163569	0.154704	0.203317
2.3	0.484882	0.154463	0.151548	0.209107
2.3	0.481274	0.151761	0.171045	0.19592
2.3	0.462794	0.155545	0.182909	0.198752
2.3	0.470022	0.150547	0.17593	0.203501
2.3	0.477119	0.149224	0.195782	0.177875
2.3	0.468342	0.158291	0.184422	0.188945
2.3	0.443324	0.167627	0.18684	0.202209
2.3	0.474095	0.183818	0.150461	0.191625
2.3	0.455826	0.174776	0.172215	0.197183
2.3	0.495401	0.169185	0.129106	0.206307
2.3	0.486767	0.164461	0.14225	0.206522
2.3	0.497323	0.158834	0.145747	0.198096
2.3	0.481387	0.18103	0.140235	0.197348
2.3	0.449471	0.188283	0.181286	0.18096
2.3	0.446186	0.188088	0.161964	0.203762
2.3	0.476625	0.164719	0.152301	0.206355
2.3	0.417	0.198	0.182	0.203
2.3	0.465415	0.173419	0.15168	0.209486
2.3	0.48154	0.180907	0.141878	0.195675
2.3	0.483457	0.164444	0.155062	0.197037
2.3	0.459474	0.196057	0.174699	0.16977
2.3	0.477246	0.149102	0.149701	0.223952
2.3	0.471461	0.175228	0.158105	0.195205
2.3	0.471439	0.177874	0.164859	0.185828
2.3	0.477134	0.158028	0.146341	0.218496
2.3	0.478562	0.143127	0.148802	0.229508
2.3	0.505986	0.136908	0.119729	0.237376
2.3	0.480256	0.161153	0.153682	0.204909
2.3	0.483824	0.166345	0.150652	0.199179
2.3	0.451804	0.154938	0.176818	0.21644
2.3	0.443739	0.183303	0.172868	0.200091
2.3	0.497214	0.144847	0.162953	0.194986
2.3	0.504227	0.170065	0.129289	0.19642
2.3	0.486398	0.156675	0.153149	0.203778
2.3	0.469639	0.179791	0.157021	0.193548
2.3	0.466568	0.178958	0.1588	0.195674
2.3	0.471196	0.173314	0.160512	0.194978
2.3	0.460836	0.181643	0.163383	0.194137
2.3	0.445302	0.176963	0.177606	0.200129
2.3	0.463945	0.175504	0.181336	0.179215
2.3	0.472792	0.172438	0.161837	0.192933
2.3	0.43331	0.196895	0.178546	0.191249
2.3	0.460594	0.180879	0.166667	0.19186
2.3	0.458888	0.171705	0.160218	0.20919
2.3	0.425714	0.207429	0.180571	0.186286
2.3	0.454306	0.167653	0.171598	0.206443
2.3	0.464875	0.178986	0.180208	0.175932
2.3	0.470075	0.168329	0.163965	0.197631
2.3	0.452626	0.187872	0.157553	0.201949
2.3	0.469064	0.175568	0.16605	0.189318
2.3	0.470613	0.175497	0.147351	0.20654
2.3	0.460333	0.177767	0.168952	0.192948
2.3	0.479576	0.174618	0.158403	0.187403
2.3	0.459858	0.16706	0.172963	0.200118
2.3	0.470353	0.160205	0.164196	0.205245
2.3	0.458553	0.168421	0.176316	0.196711
2.3	0.497545	0.157665	0.152209	0.19258
2.3	0.484926	0.171264	0.161642	0.182168
2.3	0.475836	0.181537	0.140025	0.202602
2.3	0.495465	0.154177	0.163723	0.186635
2.3	0.48232	0.169061	0.150829	0.19779
2.3	0.465551	0.179008	0.162267	0.193175
2.3	0.471333	0.176471	0.147803	0.204393
2.3	0.458156	0.176832	0.156028	0.208983
2.3	0.498883	0.164379	0.139483	0.197255
2.3	0.489922	0.142328	0.160428	0.207322
2.3	0.448583	0.187882	0.159533	0.204002
2.3	0.505629	0.150094	0.145403	0.198874
2.3	0.479053	0.162113	0.156648	0.202186
2.3	0.45542	0.188811	0.166084	0.189685
2.3	0.515617	0.138761	0.134665	0.210958
2.3	0.501714	0.14599	0.152844	0.199452
2.3	0.476612	0.134008	0.152971	0.23641
2.3	0.495749	0.167375	0.145058	0.191817
2.3	0.485412	0.188632	0.142857	0.183099
2.3	0.497658	0.159836	0.135831	0.206674
2.3	0.49472	0.1623	0.132968	0.210012
2.3	0.489666	0.1562	0.149444	0.20469
2.3	0.483871	0.169751	0.150714	0.195664
2.3	0.478093	0.182131	0.150344	0.189433
2.3	0.484688	0.159803	0.166843	0.188666
2.3	0.446473	0.183029	0.173162	0.197336
2.3	0.502214	0.151461	0.15899	0.187334
2.3	0.46473	0.149839	0.181189	0.204242
2.3	0.470309	0.16924	0.163302	0.19715
2.3	0.481521	0.166843	0.161563	0.190074
2.3	0.485344	0.154738	0.160873	0.199046
2.3	0.477187	0.170692	0.161031	0.19109
2.3	0.454925	0.185075	0.163582	0.196418
2.3	0.447788	0.179941	0.176991	0.19528
2.3	0.503181	0.145674	0.14631	0.204835
2.3	0.491671	0.17174	0.152786	0.183802
2.3	0.502649	0.16186	0.136551	0.198941
2.3	0.508795	0.145277	0.136808	0.209121
2.3	0.47009	0.177966	0.164008	0.187936
2.3	0.486619	0.170945	0.153468	0.188968
2.3	0.484716	0.168122	0.156477	0.190684
2.3	0.498574	0.160297	0.148888	0.192242
2.3	0.46039	0.176808	0.165327	0.197474
2.3	0.471969	0.179922	0.157757	0.190352
2.3	0.454759	0.187427	0.168038	0.189777
2.3	0.467516	0.173885	0.164331	0.194268
2.3	0.472896	0.166904	0.174037	0.186163
2.3	0.461538	0.179825	0.162618	0.196019
2.3	0.476508	0.177211	0.153903	0.192379
2.3	0.466866	0.170149	0.162985	0.2
2.3	0.491093	0.153587	0.164179	0.191141
2.3	0.435932	0.183692	0.183244	0.197133
2.3	0.466441	0.169483	0.170449	0.193626
2.3	0.460801	0.180485	0.168641	0.190073
2.3	0.447788	0.19174	0.165782	0.19469
2.3	0.475754	0.13827	0.16055	0.225426
2.3	0.462568	0.148509	0.167985	0.220937
2.3	0.455615	0.183957	0.162032	0.198396
2.3	0.475697	0.170916	0.16494	0.188446
2.3	0.493845	0.155684	0.149529	0.200941
2.3	0.483036	0.17218	0.141221	0.203562
2.3	0.465253	0.176895	0.165614	0.192238
2.3	0.470456	0.174109	0.15742	0.198015
2.3	0.464005	0.17059	0.167861	0.197544
2.3	0.434665	0.191685	0.183585	0.190065
2.3	0.477097	0.160834	0.158775	0.203294
2.3	0.480243	0.171733	0.148556	0.199468
2.3	0.475122	0.15878	0.165854	0.200244
2.3	0.490809	0.148529	0.168382	0.192279
2.3	0.41181	0.178681	0.220859	0.18865
2.3	0.471164	0.14309	0.174102	0.211643
2.3	0.524691	0.139095	0.134568	0.201646
2.3	0.452419	0.190856	0.169591	0.187135
2.3	0.444208	0.172689	0.173751	0.209352
2.3	0.467637	0.167085	0.155544	0.209734
2.3	0.45241	0.180723	0.165663	0.201205
2.3	0.440867	0.196904	0.167802	0.194427
2.3	0.439044	0.198056	0.168894	0.194006
2.3	0.477987	0.163152	0.167222	0.191639
2.3	0.470769	0.180769	0.158462	0.19
2.3	0.529871	0.130515	0.142463	0.197151
2.3	0.468582	0.146768	0.17684	0.20781
2.3	0.476782	0.169006	0.151188	0.203024
2.3	0.47418	0.163481	0.155207	0.207133
2.3	0.461504	0.190708	0.15531	0.192478
2.3	0.488099	0.168726	0.143417	0.199759
2.3	0.485185	0.17037	0.143981	0.200463
2.3	0.46661	0.191495	0.153253	0.188642
2.3	0.439632	0.194065	0.187244	0.179059
2.3	0.471222	0.176755	0.163387	0.188637
2.3	0.487488	0.145813	0.153032	0.213667
2.3	0.478983	0.154936	0.15738	0.2087
2.3	0.470588	0.17041	0.167558	0.191444
2.3	0.481518	0.155446	0.159736	0.2033
2.3	0.459533	0.185511	0.164292	0.190664
2.3	0.471049	0.178227	0.162545	0.188179
2.3	0.459618	0.175233	0.174743	0.190406
2.3	0.47679	0.162256	0.151844	0.209111
2.3	0.47743	0.167954	0.159821	0.194795
2.3	0.464628	0.160025	0.169293	0.206055
2.3	0.477068	0.155625	0.163857	0.20345
2.3	0.466521	0.178118	0.156236	0.199125
2.3	0.483286	0.171105	0.141643	0.203966
2.3	0.457599	0.18178	0.170445	0.190176
2.3	0.441117	0.196447	0.175127	0.18731
2.3	0.468817	0.171326	0.154839	0.205018
2.3	0.458166	0.171721	0.171721	0.198392
2.3	0.466261	0.181692	0.159569	0.192478
2.3	0.460496	0.171569	0.176182	0.191753
2.3	0.465405	0.185231	0.163823	0.185541
2.3	0.466882	0.156166	0.166397	0.210555
2.3	0.461779	0.174788	0.176576	0.186857
2.3	0.470944	0.176755	0.161622	0.190678
2.3	0.447705	0.175027	0.189968	0.1873
2.3	0.461612	0.180902	0.159789	0.197697
2.3	0.475026	0.174991	0.150878	0.199104
2.3	0.49168	0.156933	0.159543	0.191843
2.3	0.45446	0.18169	0.161972	0.201878
2.3	0.442708	0.187066	0.175781	0.194444
2.3	0.49118	0.142689	0.161505	0.204626
2.3	0.46061	0.166763	0.175963	0.196665
2.3	0.485197	0.145148	0.171053	0.198602
2.3	0.459184	0.165816	0.184184	0.190816
2.3	0.472437	0.183572	0.151599	0.192393
2.3	0.498115	0.143276	0.157101	0.201508
2.3	0.470131	0.156872	0.175814	0.197183
2.3	0.461216	0.176101	0.169811	0.192872
2.3	0.473992	0.184655	0.153446	0.187906
2.3	0.465776	0.171953	0.159711	0.20256
2.3	0.471722	0.162596	0.149743	0.215938
2.3	0.487844	0.161419	0.152252	0.198485
2.3	0.516294	0.143903	0.132918	0.206884
2.3	0.450181	0.171196	0.174366	0.204257
2.3	0.451938	0.175783	0.177908	0.194371
2.3	0.511671	0.0989729	0.123249	0.266106
2.3	0.460626	0.166667	0.162352	0.210356
2.3	0.445375	0.181021	0.1874	0.186204
2.4	0.469995	0.169411	0.162507	0.198088
2.4	0.441662	0.20148	0.177575	0.179283
2.4	0.484589	0.174658	0.15468	0.186073
2.4	0.515242	0.1315	0.163778	0.18948
2.4	0.421979	0.191518	0.19952	0.186983
2.4	0.462189	0.18826	0.173453	0.176097
2.4	0.436157	0.211125	0.171302	0.181416
2.4	0.481015	0.172921	0.171028	0.175036
2.4	0.444125	0.192848	0.17848	0.184547
2.4	0.447358	0.189909	0.174414	0.188319
2.4	0.460337	0.189881	0.163648	0.186134
2.4	0.455268	0.166998	0.192843	0.184891
2.4	0.440166	0.190758	0.185427	0.183649
2.4	0.473887	0.185788	0.149829	0.190497
2.4	0.491389	0.164155	0.133477	0.21098
2.4	0.494823	0.158758	0.152718	0.193701
2.4	0.452338	0.180209	0.186791	0.180663
2.4	0.478605	0.175383	0.155309	0.190703
2.4	0.469503	0.170485	0.169592	0.19042
2.4	0.475816	0.155606	0.169104	0.199475
2.4	0.435886	0.182874	0.181153	0.200086
2.4	0.459564	0.181964	0.174904	0.183569
2.4	0.465581	0.167179	0.182852	0.184388
2.4	0.442286	0.186286	0.188	0.183429
2.4	0.451323	0.183724	0.172242	0.192711
2.4	0.476589	0.193144	0.145067	0.185201
2.4	0.457255	0.179415	0.177728	0.185602
2.4	0.486726	0.156637	0.165929	0.190708
2.4	0.445902	0.198033	0.17377	0.182295
2.4	0.453115	0.171499	0.198026	0.17736
2.4	0.517451	0.147004	0.150484	0.18506
2.4	0.469298	0.164474	0.169737	0.196491
2.4	0.473493	0.157831	0.17847	0.190206
2.4	0.403826	0.196599	0.214134	0.185441
2.4	0.468069	0.16759	0.173865	0.190476
2.4	0.413142	0.197633	0.210473	0.178751
2.4	0.498413	0.15619	0.156825	0.188571
2.4	0.451757	0.198417	0.163286	0.186541
2.4	0.447022	0.193103	0.177429	0.182445
2.4	0.457098	0.192962	0.158561	0.19138
2.4	0.428571	0.189567	0.196386	0.185476
2.4	0.450194	0.189949	0.180676	0.17918
2.4	0.442361	0.179861	0.190278	0.1875
2.4	0.486477	0.171057	0.155602	0.186863
2.4	0.462025	0.163891	0.173218	0.200866
2.4	0.419468	0.185399	0.213999	0.181134
2.4	0.472283	0.168494	0.177576	0.181647
2.4	0.447952	0.185996	0.192248	0.173804
2.4	0.441987	0.183013	0.176923	0.198077
2.4	0.464119	0.183597	0.167288	0.184995
2.4	0.472097	0.184968	0.163816	0.179118
2.4	0.471176	0.171176	0.173529	0.184118
2.4	0.487036	0.153025	0.174377	0.185562
2.4	0.427562	0.179202	0.209995	0.183241
2.4	0.448	0.181	0.184	0.187
2.4	0.445881	0.204981	0.164272	0.184866
2.4	0.433638	0.212789	0.172488	0.181085
2.4	0.47615	0.184888	0.147742	0.19122
2.4	0.469625	0.177519	0.159694	0.193161
2.4	0.463277	0.187696	0.170119	0.178908
2.4	0.477535	0.158537	0.159178	0.20475
2.4	0.466548	0.173506	0.169938	0.190009
2.4	0.434736	0.186264	0.192736	0.186264
2.4	0.45	0.201807	0.162048	0.186145
2.4	0.414634	0.193988	0.20363	0.187748
2.4	0.471496	0.181102	0.167874	0.179528
2.4	0.502439	0.134756	0.156098	0.206707
2.4	0.466306	0.167928	0.173333	0.192432
2.4	0.474063	0.174352	0.144813	0.206772
2.4	0.38591	0.207676	0.222923	0.183491
2.4	0.493524	0.154533	0.159446	0.192497
2.4	0.521392	0.152499	0.134756	0.191353
2.4	0.442317	0.166247	0.196474	0.194962
2.4	0.483766	0.169295	0.144249	0.20269
2.4	0.45407	0.197674	0.159884	0.188372
2.4	0.454267	0.191109	0.181911	0.172713
2.4	0.414822	0.190427	0.209985	0.184766
2.4	0.455241	0.183157	0.177856	0.183746
2.4	0.438002	0.184271	0.207233	0.170494
2.4	0.462884	0.181866	0.157476	0.197773
2.4	0.472191	0.164586	0.160613	0.202611
2.4	0.449734	0.17601	0.195427	0.178829
2.4	0.448967	0.177833	0.174076	0.199123
2.4	0.438991	0.188991	0.182569	0.18945
2.4	0.43949	0.173885	0.199363	0.187261
2.4	0.440081	0.193857	0.180262	0.185801
2.4	0.484596	0.158618	0.156953	0.199833
2.4	0.445491	0.209287	0.164199	0.181023
2.4	0.449153	0.188136	0.183051	0.179661
2.4	0.420772	0.199734	0.189081	0.190413
2.4	0.416527	0.193747	0.209939	0.179788
2.4	0.429356	0.18082	0.198023	0.191801
2.4	0.437441	0.197156	0.178673	0.18673
2.4	0.436548	0.180203	0.183249	0.2
2.4	0.496437	0.154869	0.15962	0.189074
2.4	0.445657	0.193737	0.18202	0.178586
2.4	0.479374	0.173542	0.164296	0.182788
2.4	0.461844	0.185287	0.163919	0.18895
2.4	0.430778	0.184783	0.202517	0.181922
2.4	0.411981	0.179716	0.217551	0.190751
2.4	0.439628	0.194014	0.180083	0.186275
2.4	0.432633	0.194685	0.190358	0.182324
2.4	0.431017	0.197877	0.181787	0.189319
2.4	0.410446	0.191125	0.220707	0.177721
2.4	0.469436	0.157524	0.166536	0.206505
2.4	0.454924	0.204794	0.162064	0.178218
2.4	0.419317	0.187868	0.197291	0.195524
2.4	0.450928	0.197878	0.164987	0.186207
2.4	0.487554	0.16309	0.154077	0.195279
2.4	0.466612	0.182193	0.160346	0.190849
2.4	0.444315	0.190003	0.181234	0.184449
2.4	0.445578	0.188435	0.179592	0.186395
2.4	0.467704	0.180927	0.169767	0.181603
2.4	0.451625	0.185469	0.177072	0.185834
2.4	0.46584	0.18292	0.159504	0.191736
2.4	0.432092	0.216619	0.177077	0.174212
2.4	0.450991	0.202294	0.167362	0.179353
2.4	0.509351	0.153626	0.156679	0.180344
2.4	0.472155	0.154358	0.141646	0.23184
2.4	0.534521	0.13029	0.124722	0.210468
2.4	0.546821	0.0982659	0.0959538	0.25896
2.4	0.445578	0.196712	0.172902	0.184807
2.4	0.457857	0.183571	0.1725	0.186071
2.4	0.462716	0.177792	0.182025	0.177467
2.4	0.483896	0.167249	0.156383	0.192472
2.4	0.425844	0.192317	0.202328	0.179511
2.4	0.470704	0.174457	0.166228	0.188611
2.4	0.485679	0.162723	0.146119	0.205479
2.4	0.468448	0.170455	0.168279	0.192819
2.4	0.473773	0.184641	0.160722	0.180864
2.4	0.442834	0.18905	0.180354	0.187762
2.4	0.453549	0.181541	0.184892	0.180018
2.4	0.454991	0.180481	0.157308	0.207219
2.4	0.484903	0.15942	0.148551	0.207126
2.4	0.447328	0.194504	0.188397	0.169771
2.4	0.433731	0.187359	0.185747	0.193163
2.4	0.468154	0.178905	0.154564	0.198377
2.4	0.486982	0.15188	0.163452	0.197686
2.4	0.457536	0.180921	0.170754	0.190789
2.4	0.473056	0.172994	0.165952	0.187998
2.4	0.483041	0.151311	0.167669	0.197979
2.4	0.495582	0.148996	0.141767	0.213655
2.4	0.475515	0.161098	0.187185	0.176201
2.4	0.486434	0.182171	0.128876	0.202519
2.4	0.446019	0.180264	0.180752	0.192965
2.4	0.464432	0.173753	0.159444	0.202371
2.4	0.503255	0.158738	0.157236	0.180771
2.4	0.462592	0.17334	0.185985	0.178082
2.4	0.43708	0.191643	0.194044	0.177233
2.4	0.472965	0.1735	0.16934	0.184195
2.4	0.465891	0.158915	0.155039	0.220155
2.4	0.5	0.165354	0.146457	0.188189
2.4	0.471413	0.16397	0.175297	0.18932
2.4	0.474847	0.167233	0.173351	0.184568
2.4	0.48874	0.177724	0.138771	0.194766
2.4	0.461255	0.176067	0.169215	0.193463
2.4	0.414648	0.196035	0.198238	0.191079
2.4	0.515013	0.150338	0.142442	0.192208
2.4	0.434726	0.185696	0.184403	0.195174
2.4	0.434658	0.193323	0.18124	0.190779
2.4	0.486392	0.153966	0.166796	0.192846
2.4	0.488089	0.173847	0.141409	0.196655
2.4	0.458663	0.184498	0.175076	0.181763
2.4	0.49109	0.15977	0.14769	0.20145
2.4	0.475009	0.162354	0.181496	0.181141
2.4	0.459908	0.168958	0.160367	0.210767
2.4	0.476331	0.178107	0.150296	0.195266
2.4	0.462011	0.155307	0.17095	0.211732
2.4	0.41261	0.218731	0.185459	0.1832
2.4	0.454856	0.166211	0.162791	0.216142
2.4	0.467272	0.17466	0.168827	0.189242
2.4	0.493937	0.154851	0.148787	0.202425
2.4	0.446524	0.186096	0.173797	0.193583
2.4	0.41975	0.196927	0.198349	0.184974
2.4	0.488749	0.165417	0.152388	0.193447
2.4	0.465039	0.183544	0.177215	0.174201
2.4	0.4543	0.190899	0.166217	0.188585
2.4	0.460861	0.179795	0.17319	0.186155
2.4	0.463721	0.18767	0.167485	0.181124
2.4	0.460275	0.180085	0.162606	0.197034
2.4	0.480653	0.165501	0.160373	0.193473
2.4	0.4666	0.179129	0.170489	0.183782
2.4	0.439553	0.195056	0.18151	0.183881
2.4	0.460205	0.150193	0.183569	0.206033
2.4	0.49065	0.170276	0.145669	0.193406
2.4	0.451711	0.168704	0.187653	0.191932
2.4	0.505489	0.151876	0.139067	0.203568
2.4	0.456867	0.150965	0.199773	0.192395
2.4	0.422496	0.196542	0.214229	0.166733
2.4	0.452301	0.183782	0.183782	0.180135
2.4	0.450459	0.180753	0.18202	0.186768
2.4	0.444762	0.180882	0.168861	0.205495
2.4	0.446268	0.1964	0.178931	0.178401
2.4	0.438523	0.207705	0.169181	0.184591
2.4	0.432153	0.174294	0.213291	0.180263
2.4	0.405036	0.213402	0.195049	0.186513
2.4	0.469476	0.158042	0.175705	0.196777
2.4	0.443095	0.183553	0.170021	0.203331
2.4	0.457471	0.179885	0.175287	0.187356
2.4	0.45473	0.189189	0.165541	0.190541
2.4	0.44048	0.178989	0.196403	0.184128
2.4	0.473178	0.156377	0.166498	0.203947
2.4	0.445019	0.178525	0.189521	0.186934
2.4	0.416407	0.187435	0.200415	0.195742
2.4	0.490081	0.149684	0.178539	0.181695
2.4	0.444466	0.179249	0.188933	0.187352
2.4	0.452908	0.176531	0.182192	0.188369
2.4	0.475899	0.162582	0.167892	0.193627
2.4	0.475259	0.161477	0.162443	0.200821
2.4	0.43511	0.197123	0.183066	0.184701
2.4	0.44753	0.185034	0.193218	0.174218
2.4	0.427629	0.196656	0.179938	0.195777
2.4	0.490079	0.149471	0.17328	0.187169
2.4	0.464937	0.180381	0.152817	0.201865
2.4	0.44438	0.189625	0.178098	0.187896
2.4	0.458758	0.196029	0.173625	0.171589
2.4	0.423775	0.203183	0.188013	0.185029
2.4	0.508738	0.159058	0.155136	0.177068
2.4	0.497847	0.161747	0.139914	0.200492
2.4	0.485487	0.144334	0.149105	0.221074
2.4	0.481307	0.172767	0.172373	0.173554
2.4	0.443923	0.194053	0.17736	0.184664
2.4	0.473544	0.156959	0.168964	0.200534
2.4	0.480513	0.172176	0.154909	0.192403
2.4	0.493467	0.151759	0.157789	0.196985
2.4	0.460748	0.178816	0.167601	0.192835
2.4	0.478275	0.167315	0.16537	0.18904
2.4	0.484608	0.150695	0.166832	0.197865
2.4	0.490835	0.155295	0.176171	0.177699
2.4	0.463099	0.177465	0.173521	0.185915
2.4	0.473571	0.1825	0.156786	0.187143
2.4	0.451155	0.183659	0.176199	0.188988
2.4	0.489912	0.152095	0.156234	0.201759
2.4	0.468991	0.172169	0.167849	0.19099
2.4	0.47403	0.168639	0.164694	0.192636
2.4	0.493513	0.145563	0.164504	0.196419
2.4	0.487141	0.154816	0.162885	0.195159
2.4	0.456933	0.181735	0.169517	0.191814
2.4	0.473198	0.172212	0.164202	0.190388
2.4	0.487097	0.166213	0.168937	0.177753
2.4	0.410375	0.202305	0.202882	0.184438
2.4	0.481437	0.172955	0.173257	0.172351
2.4	0.371125	0.201699	0.225902	0.201274
2.4	0.454645	0.194063	0.163826	0.187466
2.4	0.368225	0.204386	0.221349	0.206041
2.4	0.47249	0.187748	0.150312	0.18945
2.4	0.473255	0.184921	0.147733	0.194091
2.4	0.475209	0.174373	0.152089	0.198329
2.4	0.453723	0.188321	0.188029	0.169927
2.4	0.452012	0.180599	0.178535	0.188854
2.4	0.508646	0.138329	0.133045	0.219981
2.4	0.470729	0.159498	0.174432	0.195341
2.4	0.445819	0.185057	0.166749	0.202375
2.4	0.467317	0.176098	0.167805	0.18878
2.4	0.488315	0.176216	0.161138	0.174331
2.4	0.492141	0.174525	0.15493	0.178404
2.4	0.473264	0.17079	0.175047	0.180899
2.4	0.482065	0.169097	0.172251	0.176587
2.4	0.491076	0.166133	0.169794	0.172998
2.4	0.418218	0.18615	0.213452	0.182179
2.4	0.414317	0.192787	0.213124	0.179772
2.4	0.438189	0.178178	0.183401	0.200232
2.4	0.424311	0.192459	0.194147	0.189083
2.4	0.430548	0.177522	0.203458	0.188473
2.4	0.448161	0.190635	0.180298	0.180906
2.4	0.433788	0.197952	0.182594	0.185666
2.4	0.48067	0.171392	0.147552	0.200387
2.4	0.453279	0.176146	0.189785	0.180789
2.4	0.483613	0.159774	0.165626	0.190987
2.4	0.487544	0.177115	0.151382	0.183958
2.4	0.480016	0.165927	0.168753	0.185305
2.4	0.462396	0.2	0.155432	0.182173
2.4	0.397887	0.204225	0.232394	0.165493
2.4	0.458705	0.1772	0.171772	0.192323
2.4	0.483299	0.163361	0.163361	0.189979
2.4	0.445545	0.189219	0.185919	0.179318
2.4	0.465023	0.180546	0.159893	0.194537
2.4	0.461538	0.184732	0.175408	0.178322
2.4	0.431566	0.186806	0.200986	0.180641
2.4	0.46758	0.169215	0.178176	0.185029
2.4	0.47458	0.171562	0.167916	0.185943
2.4	0.432869	0.188858	0.184958	0.193315
2.4	0.472348	0.162738	0.186763	0.17815
2.4	0.51601	0.129926	0.151478	0.202586
2.4	0.46683	0.17199	0.159705	0.201474
2.4	0.482517	0.15035	0.169231	0.197902
2.4	0.45	0.203049	0.157317	0.189634
2.4	0.473941	0.180239	0.170467	0.175353
2.4	0.397335	0.202369	0.220138	0.180158
2.4	0.457288	0.17974	0.17974	0.183233
2.4	0.444729	0.179356	0.175695	0.20022
2.4	0.482149	0.163718	0.152139	0.201994
2.4	0.434048	0.164392	0.203379	0.198181
2.4	0.451557	0.194925	0.16955	0.183968
2.4	0.425294	0.190588	0.200588	0.183529
2.4	0.465708	0.157633	0.195243	0.181416
2.4	0.476097	0.15722	0.173484	0.193199
2.4	0.462297	0.186399	0.172304	0.178999
2.4	0.440409	0.206583	0.164586	0.188422
2.4	0.457374	0.173927	0.188861	0.179838
2.4	0.45148	0.193531	0.175713	0.179276
2.4	0.43988	0.198397	0.174349	0.187375
2.4	0.48798	0.160058	0.159441	0.192521
2.4	0.455715	0.181918	0.177141	0.185226
2.4	0.454493	0.18318	0.173963	0.188364
2.4	0.435123	0.173937	0.188479	0.202461
2.4	0.475948	0.156337	0.166512	0.201203
2.4	0.425895	0.191923	0.182348	0.199833
2.4	0.477936	0.158187	0.163733	0.200145
2.4	0.471896	0.17661	0.160751	0.190743
2.4	0.459485	0.200667	0.148236	0.191611
2.4	0.477847	0.162458	0.176274	0.183421
2.4	0.489684	0.158184	0.13205	0.220083
2.4	0.445991	0.170907	0.18579	0.197312
2.4	0.458178	0.197955	0.158457	0.185409
2.4	0.4326	0.19797	0.187817	0.181613
2.4	0.479253	0.160443	0.165975	0.194329
2.4	0.435444	0.204975	0.191612	0.167969
2.4	0.469965	0.19687	0.150934	0.182231
2.4	0.429593	0.194904	0.178811	0.196692
2.4	0.512434	0.150773	0.165459	0.171333
2.4	0.485085	0.174006	0.137784	0.203125
2.4	0.428276	0.191364	0.194617	0.185744
2.4	0.416406	0.187411	0.21276	0.183424
2.4	0.453346	0.177191	0.162582	0.20688
2.4	0.492313	0.153418	0.162578	0.191691
2.4	0.441162	0.185779	0.190285	0.182774
2.4	0.48626	0.155317	0.161689	0.196734
2.4	0.477612	0.165057	0.172081	0.18525
2.4	0.454512	0.192265	0.174586	0.178637
2.4	0.43224	0.195355	0.193716	0.178689
2.4	0.416755	0.188953	0.212209	0.182082
2.4	0.489658	0.163059	0.169312	0.17797
2.4	0.45773	0.16581	0.19944	0.17702
2.4	0.479702	0.173884	0.163735	0.182679
2.4	0.452027	0.202155	0.153412	0.192406
2.4	0.450648	0.177051	0.196484	0.175817
2.4	0.430122	0.186607	0.193224	0.190048
2.4	0.486486	0.156156	0.148649	0.208709
2.4	0.469766	0.169172	0.168123	0.19294
2.4	0.452354	0.183123	0.174512	0.190011
2.4	0.477347	0.160867	0.163493	0.198293
2.4	0.477766	0.172451	0.148048	0.201735
2.4	0.417985	0.202239	0.198379	0.181397
2.4	0.45582	0.187831	0.171429	0.184921
2.4	0.441406	0.182943	0.182943	0.192708
2.4	0.451183	0.186667	0.168172	0.193978
2.4	0.449818	0.185823	0.173236	0.191123
2.4	0.523833	0.148771	0.152032	0.175364
2.4	0.493165	0.149367	0.160506	0.196962
2.4	0.429392	0.208539	0.196839	0.16523
2.4	0.416118	0.202303	0.201206	0.180373
2.4	0.450334	0.168197	0.190317	0.191152
2.4	0.427361	0.196126	0.194007	0.182506
2.4	0.470714	0.167909	0.165069	0.196308
2.4	0.481013	0.169714	0.166901	0.182372
2.4	0.450356	0.189778	0.167574	0.192292
2.4	0.443605	0.1932	0.185105	0.17809
2.4	0.469421	0.175758	0.169697	0.185124
2.4	0.462946	0.171917	0.167117	0.19802
2.4	0.445623	0.184615	0.185146	0.184615
2.4	0.481627	0.169948	0.159449	0.188976
2.4	0.447297	0.172583	0.194429	0.185691
2.4	0.475493	0.182921	0.150076	0.191511
2.4	0.457885	0.180061	0.161281	0.200773
2.4	0.42729	0.189287	0.199952	0.183471
2.4	0.425915	0.187682	0.205113	0.18129
2.4	0.446544	0.195425	0.171556	0.186474
2.4	0.425841	0.208441	0.200876	0.164842
2.4	0.482038	0.171046	0.161394	0.185523
2.4	0.439018	0.187561	0.180515	0.192906
2.4	0.453344	0.184292	0.167574	0.19479
2.4	0.463493	0.176402	0.170853	0.189252
2.4	0.485182	0.163958	0.17543	0.17543
2.4	0.432811	0.190987	0.19291	0.183292
2.4	0.463026	0.178612	0.171217	0.187144
2.4	0.447454	0.190141	0.172264	0.190141
2.4	0.423814	0.209681	0.203872	0.162633
2.4	0.511294	0.12115	0.143737	0.223819
2.4	0.464286	0.175325	0.166667	0.193723
2.4	0.444018	0.187157	0.186059	0.182766
2.4	0.451175	0.190003	0.176101	0.182721
2.4	0.452363	0.183579	0.183191	0.180868
2.4	0.455668	0.181257	0.173962	0.189113
2.4	0.448301	0.194143	0.173174	0.184382
2.4	0.445971	0.179487	0.188645	0.185897
2.4	0.443124	0.182683	0.188795	0.185399
2.4	0.44714	0.181109	0.19353	0.178221
2.4	0.449093	0.193548	0.166835	0.190524
2.4	0.431694	0.198179	0.203097	0.167031
2.4	0.426259	0.197392	0.185252	0.191097
2.4	0.433707	0.187028	0.190414	0.188851
2.4	0.481936	0.149566	0.172688	0.195809
2.4	0.454895	0.191969	0.168867	0.184268
2.4	0.467385	0.178336	0.16158	0.192699
2.4	0.428036	0.187801	0.20198	0.182183
2.4	0.447695	0.187057	0.176714	0.188534
2.4	0.433839	0.18918	0.193315	0.183666
2.4	0.421256	0.189978	0.213656	0.17511
2.4	0.417878	0.206517	0.193747	0.181858
2.4	0.444766	0.186204	0.174626	0.194404
2.4	0.479059	0.176471	0.163765	0.180706
2.4	0.368121	0.201139	0.226281	0.204459
2.4	0.494208	0.15444	0.133205	0.218147
2.4	0.432732	0.196273	0.178218	0.192778
2.4	0.458872	0.16865	0.185722	0.186756
2.4	0.463094	0.178969	0.161274	0.196663
2.4	0.462671	0.196546	0.155409	0.185373
2.4	0.460736	0.175312	0.165749	0.198203
2.4	0.443043	0.189618	0.185652	0.181687
2.4	0.444878	0.186341	0.192683	0.176098
2.4	0.456887	0.212206	0.152296	0.178611
2.4	0.454727	0.164082	0.184092	0.197099
2.4	0.461891	0.193123	0.160458	0.184527
2.4	0.425667	0.216674	0.180072	0.177587
2.4	0.482991	0.17151	0.176471	0.169029
2.4	0.454154	0.182428	0.18554	0.177879
2.4	0.471126	0.177399	0.170752	0.180723
2.4	0.481879	0.158389	0.172707	0.187025
2.4	0.48877	0.16283	0.169006	0.179394
2.4	0.487324	0.191549	0.128873	0.192254
2.4	0.49072	0.163422	0.154821	0.191037
2.4	0.448805	0.196815	0.162116	0.192264
2.4	0.438845	0.186297	0.186863	0.187995
2.4	0.39053	0.231081	0.182113	0.196277
2.4	0.461116	0.182068	0.174748	0.182068
2.4	0.451046	0.18423	0.166293	0.19843
2.4	0.484822	0.165046	0.175361	0.174772
2.4	0.446882	0.186682	0.183218	0.183218
2.4	0.473931	0.151245	0.171912	0.202912
2.4	0.4	0.19661	0.216384	0.187006
2.4	0.476529	0.161095	0.174964	0.187411
2.4	0.481338	0.166881	0.134277	0.217503
2.4	0.539093	0.134077	0.131876	0.194954
2.4	0.432325	0.20823	0.179474	0.17997
2.4	0.434731	0.193413	0.192216	0.179641
2.4	0.435045	0.18852	0.18006	0.196375
2.4	0.452809	0.19382	0.159551	0.19382
2.4	0.420118	0.192012	0.202959	0.184911
2.4	0.40325	0.221088	0.191232	0.184429
2.4	0.527161	0.147745	0.134199	0.190895
2.4	0.470864	0.17846	0.162331	0.188345
2.4	0.480427	0.166192	0.168327	0.185053
2.4	0.433917	0.194414	0.201899	0.16977
2.4	0.424806	0.196899	0.19845	0.179845
2.4	0.451779	0.171222	0.175864	0.201135
2.4	0.488822	0.142678	0.167797	0.200703
2.4	0.4749	0.176366	0.163039	0.185695
2.4	0.473245	0.180328	0.173523	0.172904
2.4	0.408322	0.217966	0.207661	0.166051
2.4	0.448567	0.184314	0.177979	0.18914
2.4	0.445652	0.190393	0.183029	0.180926
2.4	0.489488	0.164151	0.160377	0.185984
2.4	0.521646	0.146378	0.146378	0.185598
2.4	0.4415	0.178	0.1975	0.183
2.4	0.47578	0.170174	0.172857	0.181189
2.4	0.448236	0.179294	0.197802	0.174667
2.4	0.469985	0.175207	0.166911	0.187897
2.4	0.458874	0.177008	0.17316	0.190957
2.4	0.497297	0.158559	0.159009	0.185135
2.4	0.490385	0.135355	0.158284	0.215976
2.4	0.536148	0.147484	0.146906	0.169462
2.4	0.458263	0.191597	0.168347	0.181793
2.4	0.506792	0.140021	0.130617	0.222571
2.4	0.48459	0.169908	0.172069	0.173433
2.4	0.422738	0.193503	0.185615	0.198144
2.4	0.424932	0.188353	0.190173	0.196542
2.4	0.440229	0.168399	0.194906	0.196466
2.4	0.441782	0.180642	0.180642	0.196933
2.4	0.485294	0.162255	0.141176	0.211275
2.4	0.481279	0.165411	0.18516	0.168151
2.4	0.498695	0.147781	0.122193	0.231332
2.4	0.472685	0.168519	0.169907	0.188889
2.4	0.469923	0.151967	0.177295	0.200814
2.4	0.446365	0.181495	0.168785	0.203355
