a.102	0.506396	0.148307	0.148534	0.196762
a.102	0.508099	0.145307	0.138399	0.208194
a.102	0.484841	0.169232	0.161925	0.184002
a.102	0.484764	0.15991	0.167925	0.187401
a.102	0.51033	0.144725	0.139335	0.205609
a.102	0.49594	0.153363	0.163475	0.187222
a.102	0.499655	0.145934	0.161268	0.193143
a.102	0.489191	0.16189	0.166467	0.182452
a.102	0.482965	0.166473	0.170849	0.179713
a.102	0.495656	0.151788	0.164321	0.188235
a.102	0.480331	0.162094	0.162975	0.194601
a.102	0.493044	0.162923	0.158733	0.1853
a.102	0.502709	0.150757	0.148127	0.198406
a.102	0.485937	0.16369	0.164702	0.18567
a.102	0.500622	0.15798	0.142871	0.198527
a.102	0.524517	0.136716	0.127251	0.211516
a.102	0.490661	0.161243	0.16369	0.184406
a.102	0.494209	0.157252	0.160955	0.187584
a.102	0.488205	0.166667	0.158473	0.186656
a.102	0.478184	0.174153	0.172009	0.175654
a.102	0.487136	0.165576	0.161004	0.186284
a.102	0.53194	0.115215	0.122648	0.230197
a.102	0.506086	0.150005	0.145787	0.198121
a.102	0.496042	0.158331	0.151811	0.193816
a.102	0.498046	0.157971	0.156669	0.187313
a.102	0.497078	0.161148	0.150077	0.191697
a.102	0.511228	0.139631	0.148413	0.200728
a.102	0.500274	0.153257	0.149973	0.196497
a.102	0.516023	0.140575	0.137299	0.206102
a.102	0.494886	0.159963	0.162424	0.182727
a.102	0.494153	0.159714	0.161983	0.184151
a.102	0.473442	0.174645	0.170037	0.181876
a.102	0.480155	0.174085	0.162376	0.183384
a.102	0.497609	0.152309	0.162301	0.187781
a.102	0.498236	0.15454	0.144089	0.203135
a.102	0.498883	0.147813	0.155901	0.197403
a.102	0.489847	0.16235	0.159733	0.18807
a.102	0.505601	0.153292	0.149406	0.191701
a.102	0.510895	0.147404	0.138066	0.203635
a.102	0.48996	0.156376	0.166941	0.186723
a.102	0.504737	0.147478	0.16028	0.187505
a.102	0.490955	0.157282	0.165435	0.186327
a.102	0.495467	0.154324	0.159484	0.190725
a.102	0.502526	0.145086	0.153771	0.198617
a.102	0.498256	0.151249	0.158416	0.192079
a.102	0.488255	0.159257	0.160518	0.191971
a.102	0.49664	0.159905	0.156332	0.187123
a.102	0.493469	0.164252	0.156178	0.1861
a.102	0.493106	0.156204	0.162135	0.188554
a.102	0.496235	0.154771	0.152636	0.196358
a.102	0.501039	0.148774	0.148913	0.201274
a.102	0.492889	0.149444	0.164556	0.193111
a.102	0.53574	0.113316	0.116902	0.234043
a.118	0.546942	0.0993396	0.0993396	0.254378
a.118	0.540686	0.122479	0.111695	0.22514
a.118	0.529313	0.11738	0.126848	0.226459
a.118	0.529989	0.123673	0.125	0.221338
a.118	0.518426	0.120532	0.13217	0.228872
a.118	0.53363	0.129185	0.115556	0.22163
a.118	0.527173	0.128984	0.126894	0.216948
a.118	0.521479	0.1346	0.125228	0.218693
a.118	0.52033	0.115793	0.126105	0.237773
a.118	0.518182	0.117555	0.126332	0.237931
a.118	0.532046	0.137302	0.109681	0.220971
a.118	0.512096	0.131775	0.138404	0.217725
a.118	0.517734	0.136277	0.138043	0.207947
a.118	0.51376	0.143182	0.126836	0.216222
a.118	0.526578	0.123842	0.125125	0.224455
a.118	0.537431	0.128434	0.10886	0.225275
a.118	0.506141	0.127377	0.148574	0.217908
a.118	0.532631	0.125664	0.117472	0.224233
a.118	0.529809	0.119452	0.112054	0.238686
a.118	0.528107	0.132105	0.121799	0.217989
a.118	0.519718	0.128521	0.117606	0.234155
a.118	0.524626	0.125623	0.132043	0.217708
a.118	0.523766	0.12275	0.121827	0.231657
a.118	0.528894	0.118694	0.11851	0.233902
a.118	0.538396	0.121564	0.117314	0.222726
a.118	0.523385	0.128805	0.118411	0.229399
a.118	0.520593	0.116148	0.128593	0.234667
a.118	0.534831	0.10362	0.109863	0.251685
a.118	0.512014	0.138767	0.130156	0.219063
a.118	0.535776	0.111656	0.123197	0.229371
a.118	0.536807	0.11544	0.121893	0.22586
a.118	0.543337	0.106463	0.0909319	0.259269
a.118	0.529978	0.145779	0.111089	0.213154
a.118	0.522309	0.1365	0.126955	0.214236
a.118	0.528948	0.132348	0.113902	0.224803
a.118	0.536564	0.124782	0.119559	0.219095
a.118	0.531794	0.110351	0.111206	0.24665
a.118	0.535873	0.110341	0.104899	0.248887
a.118	0.53148	0.107167	0.110181	0.251172
a.118	0.53238	0.115549	0.114727	0.237344
a.118	0.519472	0.116279	0.140085	0.224164
a.118	0.522673	0.123707	0.122514	0.231106
a.118	0.529852	0.131876	0.112513	0.225759
a.118	0.536718	0.106257	0.109327	0.247698
a.118	0.521212	0.121717	0.132576	0.224495
a.118	0.551881	0.0900798	0.0950209	0.263018
a.118	0.524314	0.134769	0.124262	0.216655
a.118	0.540097	0.103865	0.112077	0.243961
a.118	0.527302	0.118844	0.106531	0.247323
a.118	0.533946	0.127649	0.120042	0.218363
a.118	0.531298	0.120472	0.119778	0.228452
a.118	0.514929	0.136589	0.128176	0.220307
a.118	0.503494	0.144061	0.135635	0.216811
a.118	0.516361	0.121179	0.131248	0.231212
a.118	0.526958	0.116311	0.121397	0.235334
a.118	0.528302	0.126333	0.11813	0.227235
a.118	0.509422	0.141878	0.142501	0.206198
a.118	0.542157	0.1187	0.103627	0.235516
a.118	0.521092	0.123293	0.130222	0.225392
a.118	0.525899	0.124101	0.110791	0.239209
a.118	0.532632	0.125135	0.116505	0.225728
a.118	0.533146	0.127303	0.118738	0.220814
a.118	0.536332	0.128192	0.115011	0.220465
a.118	0.533291	0.111673	0.119785	0.235251
a.118	0.538999	0.120554	0.117759	0.222688
a.118	0.520854	0.138613	0.126945	0.213588
a.118	0.524236	0.123024	0.120917	0.231823
a.118	0.527339	0.130183	0.133394	0.209083
a.118	0.512202	0.137839	0.131268	0.218691
a.118	0.528115	0.13018	0.123622	0.218083
a.118	0.507724	0.13656	0.133471	0.222245
a.118	0.507981	0.141241	0.132552	0.218226
a.118	0.555183	0.0994545	0.0877046	0.257658
a.118	0.52272	0.134871	0.12951	0.2129
a.118	0.519602	0.130761	0.121912	0.227725
a.118	0.53208	0.120575	0.107024	0.240321
a.118	0.551711	0.0879647	0.0846522	0.275672
a.118	0.52581	0.131172	0.128304	0.214713
a.118	0.523345	0.126903	0.130665	0.219087
a.118	0.518232	0.13712	0.133423	0.211225
a.118	0.534646	0.123589	0.119552	0.222213
a.118	0.544202	0.113549	0.102018	0.240231
a.118	0.527202	0.13426	0.124746	0.213792
a.118	0.520891	0.120159	0.117414	0.241537
a.118	0.510302	0.133431	0.138214	0.218052
a.118	0.541046	0.102437	0.101964	0.254554
a.118	0.534583	0.109737	0.111476	0.244204
a.118	0.533481	0.113969	0.115299	0.237251
a.118	0.51797	0.121904	0.122147	0.23798
a.118	0.534444	0.105446	0.118379	0.241731
a.118	0.519114	0.139467	0.122331	0.219088
a.118	0.520898	0.135557	0.123775	0.219769
a.118	0.53007	0.115595	0.116636	0.237699
a.118	0.50882	0.143473	0.132301	0.215406
a.118	0.521321	0.126323	0.124719	0.227637
a.118	0.528933	0.114795	0.126681	0.22959
a.118	0.530497	0.134287	0.121486	0.21373
a.118	0.526968	0.115623	0.127402	0.230006
a.118	0.524695	0.123806	0.118538	0.23296
a.118	0.527282	0.116723	0.119195	0.2368
a.118	0.529092	0.122834	0.122964	0.22511
a.118	0.529645	0.126131	0.12314	0.221084
a.118	0.51674	0.137978	0.109909	0.235374
a.118	0.520037	0.129543	0.117428	0.232992
a.118	0.501554	0.141969	0.136166	0.220311
a.118	0.54375	0.117857	0.1	0.238393
a.118	0.524986	0.1278	0.11861	0.228604
a.118	0.528621	0.134244	0.116518	0.220616
a.118	0.493466	0.154581	0.167107	0.184847
a.118	0.479375	0.16638	0.168859	0.185387
a.118	0.52418	0.113204	0.126064	0.236551
a.118	0.477884	0.162054	0.170717	0.189345
a.1	0.534483	0.113793	0.108777	0.242947
a.1	0.53503	0.123054	0.110778	0.231138
a.1	0.529396	0.122087	0.110434	0.238083
a.1	0.526125	0.121822	0.118469	0.233585
a.1	0.523475	0.11639	0.123981	0.236154
a.1	0.530221	0.114139	0.109282	0.246357
a.1	0.521025	0.121423	0.117193	0.240358
a.1	0.535703	0.110791	0.11015	0.243356
a.1	0.522482	0.123801	0.116906	0.236811
a.1	0.530697	0.124557	0.105077	0.239669
a.1	0.534468	0.110883	0.103843	0.250807
a.1	0.532294	0.110802	0.105512	0.251392
a.1	0.545138	0.0966107	0.097561	0.260691
a.1	0.530729	0.115815	0.114176	0.239279
a.1	0.509319	0.118296	0.133511	0.238874
a.1	0.523868	0.108527	0.119135	0.24847
a.1	0.530033	0.119802	0.111551	0.238614
a.1	0.538331	0.108911	0.113154	0.239604
a.1	0.532123	0.109218	0.110615	0.248045
a.1	0.526611	0.120448	0.115355	0.237586
a.1	0.532011	0.111898	0.107082	0.249008
a.1	0.538395	0.107276	0.101237	0.253092
a.1	0.542323	0.10794	0.103346	0.246391
a.1	0.534684	0.119705	0.108349	0.237262
a.1	0.527469	0.118644	0.122735	0.231151
a.1	0.523001	0.12226	0.116703	0.238036
a.1	0.525489	0.117987	0.112536	0.243988
a.1	0.536019	0.10938	0.105263	0.249338
a.1	0.527732	0.112867	0.10843	0.250971
a.1	0.533702	0.116834	0.109229	0.240235
a.1	0.538641	0.113736	0.102654	0.244969
a.1	0.522758	0.127121	0.117425	0.232696
a.1	0.538883	0.113738	0.105858	0.241521
a.1	0.523901	0.130895	0.125441	0.219763
a.1	0.537698	0.113559	0.110456	0.238287
a.1	0.556452	0.102273	0.106672	0.234604
a.1	0.520897	0.130639	0.119015	0.229449
a.1	0.522321	0.107143	0.127232	0.243304
a.1	0.53323	0.11646	0.112422	0.237888
a.1	0.528921	0.127194	0.11223	0.231655
a.1	0.511535	0.144118	0.116206	0.22814
a.1	0.52145	0.11994	0.121148	0.237462
a.1	0.527513	0.118192	0.105839	0.248456
a.1	0.531666	0.113618	0.108182	0.246534
a.1	0.531883	0.114124	0.112634	0.241359
a.1	0.537209	0.116576	0.10412	0.242095
a.1	0.523488	0.131673	0.121352	0.223488
a.1	0.536563	0.105119	0.102072	0.256246
a.1	0.53303	0.109394	0.104242	0.253333
a.1	0.515748	0.111811	0.133465	0.238976
a.1	0.542158	0.109353	0.107338	0.241151
a.1	0.527096	0.123217	0.11409	0.235596
a.1	0.547308	0.10258	0.0981204	0.251991
a.1	0.536193	0.111409	0.114388	0.23801
a.1	0.52603	0.127428	0.120435	0.226107
a.1	0.511273	0.123674	0.129642	0.235411
a.1	0.539054	0.119819	0.101488	0.239639
a.1	0.52795	0.123041	0.112097	0.236912
a.1	0.528407	0.124227	0.110392	0.236974
a.1	0.52759	0.116273	0.105856	0.250282
a.1	0.537236	0.106623	0.105798	0.250344
a.1	0.517556	0.124363	0.121683	0.236398
a.1	0.539508	0.108484	0.106865	0.245142
a.1	0.526444	0.1231	0.113678	0.236778
a.1	0.511437	0.119371	0.121158	0.248034
a.1	0.533761	0.118851	0.112435	0.234953
a.1	0.521649	0.123122	0.117526	0.237703
a.1	0.522351	0.125977	0.117224	0.234448
a.1	0.537914	0.111689	0.107035	0.243362
a.1	0.517989	0.109158	0.124693	0.24816
a.1	0.509931	0.122788	0.126038	0.241242
a.1	0.53092	0.12006	0.111916	0.237104
a.1	0.516907	0.132483	0.118348	0.232262
a.1	0.528329	0.120035	0.112442	0.239194
a.1	0.529496	0.126575	0.111397	0.232532
a.1	0.536122	0.118163	0.111144	0.234572
a.1	0.528755	0.12172	0.119207	0.230318
a.1	0.530752	0.119021	0.112472	0.237756
a.1	0.538106	0.116322	0.106757	0.238815
a.1	0.530391	0.116015	0.116808	0.236786
a.121	0.524358	0.113425	0.116028	0.246188
a.121	0.538462	0.106423	0.105676	0.24944
a.121	0.544903	0.101933	0.093975	0.259189
a.121	0.528281	0.107089	0.109351	0.255279
a.121	0.534367	0.105616	0.106454	0.253562
a.121	0.554545	0.0931818	0.0833333	0.268939
a.121	0.531828	0.112139	0.110289	0.245744
a.121	0.518956	0.113019	0.118026	0.25
a.121	0.538493	0.0997963	0.103055	0.258656
a.121	0.538411	0.0934245	0.102214	0.265951
a.121	0.539847	0.101306	0.099955	0.258892
a.121	0.553789	0.0781104	0.0916745	0.276427
a.121	0.544976	0.0867099	0.0960292	0.272285
a.121	0.519545	0.12	0.113636	0.246818
a.121	0.542322	0.0999575	0.109315	0.248405
a.121	0.53969	0.09336	0.103844	0.263105
a.121	0.544712	0.105365	0.096423	0.253499
a.121	0.538081	0.105864	0.0944402	0.261615
a.121	0.521886	0.114478	0.103629	0.260007
a.121	0.520493	0.117156	0.120058	0.242292
a.121	0.54158	0.102193	0.0959868	0.26024
a.121	0.53365	0.108868	0.103325	0.254157
a.121	0.530672	0.111434	0.107804	0.250091
a.121	0.541683	0.100282	0.102296	0.255739
a.121	0.542025	0.104107	0.0974212	0.256447
a.121	0.525145	0.120082	0.11324	0.241533
a.121	0.545843	0.0986791	0.0912976	0.26418
a.121	0.529459	0.109475	0.111067	0.25
a.121	0.534348	0.108806	0.103273	0.253573
a.121	0.546672	0.103978	0.09295	0.2564
a.121	0.539722	0.101787	0.0948361	0.263654
a.121	0.541102	0.105085	0.104661	0.249153
a.121	0.542773	0.100664	0.094764	0.261799
a.121	0.54115	0.10823	0.0800451	0.270575
a.121	0.54404	0.10596	0.100993	0.249007
a.123	0.512305	0.147664	0.126947	0.213084
a.123	0.520436	0.137602	0.123127	0.218835
a.123	0.5215	0.135535	0.123495	0.21947
a.123	0.50487	0.149108	0.130526	0.215495
a.123	0.530575	0.125254	0.121929	0.222243
a.123	0.536091	0.120726	0.11545	0.227733
a.123	0.51094	0.146388	0.130332	0.212341
a.123	0.515942	0.134859	0.124027	0.225172
a.123	0.509608	0.144977	0.129823	0.215591
a.123	0.521615	0.123999	0.128625	0.225761
a.123	0.517537	0.132225	0.125967	0.224271
a.123	0.522784	0.134869	0.127191	0.215156
a.123	0.531382	0.120453	0.121468	0.226696
a.123	0.526654	0.128166	0.123062	0.222117
a.123	0.512686	0.139078	0.133354	0.214882
a.123	0.50816	0.141937	0.134751	0.215152
a.123	0.522943	0.140831	0.118305	0.217921
a.123	0.515095	0.14276	0.124169	0.217977
a.123	0.525806	0.132796	0.11595	0.225448
a.123	0.522624	0.136791	0.117821	0.222764
a.123	0.517548	0.137865	0.128091	0.216496
a.123	0.517104	0.133629	0.130116	0.219151
a.123	0.52215	0.136347	0.119281	0.222222
a.123	0.523518	0.135159	0.11894	0.222382
a.123	0.5067	0.146157	0.131834	0.215309
a.123	0.521951	0.127017	0.129081	0.221951
a.123	0.52195	0.135045	0.125475	0.21753
a.123	0.52744	0.131673	0.120247	0.220641
a.123	0.52247	0.136535	0.118182	0.222813
a.123	0.519615	0.135385	0.123462	0.221538
a.1	0.522701	0.132011	0.122091	0.223197
a.1	0.535357	0.113892	0.107322	0.243429
a.1	0.519783	0.13252	0.121409	0.226287
a.1	0.527959	0.119435	0.116992	0.235613
a.1	0.527738	0.121479	0.111238	0.239545
a.1	0.528807	0.12522	0.109935	0.236038
a.1	0.524152	0.127213	0.120912	0.227723
a.1	0.533667	0.11306	0.108049	0.245224
a.1	0.521874	0.13322	0.115721	0.229184
a.1	0.526576	0.121678	0.118812	0.232934
a.1	0.536845	0.110693	0.10693	0.245532
a.133	0.501354	0.137718	0.144294	0.216634
a.133	0.495071	0.146039	0.148229	0.210661
a.133	0.490385	0.147559	0.151997	0.210059
a.133	0.495703	0.139844	0.14375	0.220703
a.133	0.489287	0.146474	0.152707	0.211531
a.133	0.483966	0.149281	0.158128	0.208625
a.133	0.488	0.138333	0.156667	0.217
a.133	0.49803	0.140268	0.146572	0.21513
a.133	0.492716	0.143444	0.1483	0.21554
a.133	0.488979	0.148053	0.155033	0.207935
a.133	0.488319	0.143623	0.153964	0.214094
a.133	0.496113	0.140689	0.153647	0.209552
a.133	0.486554	0.135174	0.163858	0.214414
a.133	0.492196	0.144465	0.157532	0.205808
a.133	0.491056	0.147317	0.146966	0.214662
a.133	0.489969	0.146219	0.160494	0.203318
a.133	0.521262	0.135802	0.114198	0.228738
a.133	0.491766	0.142091	0.151666	0.214477
a.133	0.47445	0.157503	0.15912	0.208926
a.133	0.496202	0.134746	0.151539	0.217513
a.133	0.492702	0.139195	0.155215	0.212887
a.133	0.49015	0.139086	0.153664	0.2171
a.133	0.497815	0.134287	0.146603	0.221295
a.133	0.505342	0.136526	0.14444	0.213692
a.133	0.501033	0.141381	0.149235	0.208351
a.133	0.480756	0.151505	0.158852	0.208887
a.133	0.494663	0.145731	0.146962	0.212644
a.133	0.464164	0.164846	0.161092	0.209898
a.133	0.494871	0.148133	0.14485	0.212146
a.133	0.484513	0.152286	0.153024	0.210177
a.133	0.483979	0.148286	0.159463	0.208271
a.133	0.47953	0.147081	0.163002	0.210387
a.133	0.489299	0.148708	0.150554	0.211439
a.133	0.489107	0.148511	0.154321	0.208061
a.133	0.481709	0.156239	0.151111	0.21094
a.133	0.47252	0.157968	0.163844	0.205669
a.133	0.489663	0.146536	0.149801	0.214001
a.1	0.526362	0.127835	0.114286	0.231517
a.1	0.521523	0.123865	0.116837	0.237775
a.1	0.522101	0.132032	0.112514	0.233352
a.1	0.518999	0.1243	0.119882	0.236819
a.24	0.531499	0.111875	0.111513	0.245112
a.24	0.535342	0.114897	0.107294	0.242467
a.24	0.519765	0.133726	0.120269	0.226241
a.24	0.523088	0.118787	0.109623	0.248502
a.24	0.553258	0.0988218	0.0884828	0.259437
a.24	0.547347	0.101902	0.0940941	0.256657
a.24	0.526079	0.118135	0.109154	0.246632
a.24	0.509627	0.132439	0.135939	0.221995
a.24	0.538462	0.110594	0.11032	0.240624
a.24	0.529789	0.114347	0.116484	0.23938
a.24	0.537669	0.10813	0.11355	0.24065
a.24	0.520934	0.115969	0.113746	0.249352
a.24	0.530991	0.119535	0.110681	0.238794
a.24	0.538535	0.116397	0.0967333	0.248335
a.24	0.53882	0.108964	0.10963	0.242586
a.24	0.527925	0.123245	0.106396	0.242434
a.24	0.524567	0.13045	0.120415	0.224567
a.24	0.513429	0.136031	0.124869	0.225671
a.24	0.520991	0.118695	0.12383	0.236484
a.24	0.533857	0.115175	0.106106	0.244861
a.24	0.542011	0.110121	0.110121	0.237747
a.24	0.541975	0.109178	0.109613	0.239234
a.24	0.570822	0.0771903	0.0667696	0.285218
a.24	0.545241	0.108579	0.094504	0.251676
a.24	0.533597	0.110672	0.11678	0.238951
a.24	0.539723	0.111812	0.108869	0.239596
a.24	0.527833	0.104619	0.118042	0.249507
a.24	0.538438	0.108125	0.105	0.248438
a.24	0.546337	0.0988526	0.101059	0.253751
a.24	0.541263	0.11236	0.102673	0.243704
a.24	0.511589	0.127309	0.123278	0.237823
a.24	0.543152	0.106483	0.10863	0.241735
a.24	0.532962	0.122663	0.102329	0.242047
a.24	0.53703	0.104205	0.112021	0.246744
a.24	0.522549	0.128562	0.120036	0.228853
a.24	0.500905	0.12776	0.137532	0.233804
a.24	0.535417	0.111595	0.104472	0.248516
a.24	0.53568	0.0975262	0.100856	0.265937
a.24	0.565613	0.0809874	0.0783889	0.275011
a.24	0.559443	0.0940557	0.082769	0.263732
a.24	0.556496	0.0973339	0.0969107	0.249259
a.24	0.556696	0.0955357	0.09375	0.254018
a.24	0.570114	0.0809717	0.0758189	0.273095
a.24	0.566527	0.0887029	0.0832636	0.261506
a.24	0.5385	0.125435	0.110035	0.226031
a.24	0.512452	0.136415	0.113529	0.237604
a.24	0.542577	0.108892	0.0960814	0.252449
a.24	0.54345	0.107966	0.0977617	0.250823
a.24	0.536612	0.107249	0.112426	0.243713
a.24	0.527484	0.108175	0.11487	0.249471
a.24	0.510413	0.137084	0.133354	0.219148
a.24	0.53213	0.10722	0.137545	0.223105
a.24	0.519966	0.124102	0.123815	0.232117
a.24	0.566994	0.0667356	0.0651837	0.301086
a.24	0.517375	0.128571	0.135521	0.218533
a.24	0.536405	0.112113	0.10857	0.242912
a.24	0.525508	0.121655	0.117017	0.235819
a.24	0.534893	0.0964098	0.114966	0.253731
a.24	0.529479	0.1291	0.109005	0.232417
a.24	0.537176	0.114453	0.0989975	0.249373
a.24	0.527797	0.119875	0.111536	0.240792
a.24	0.546228	0.100046	0.0972861	0.25644
a.24	0.515414	0.124076	0.123567	0.236943
a.24	0.536377	0.1081	0.119588	0.235935
a.24	0.526496	0.116581	0.116239	0.240684
a.24	0.521896	0.121607	0.117626	0.238871
a.24	0.515152	0.133129	0.123936	0.227783
a.24	0.518293	0.118742	0.126765	0.2362
a.24	0.535874	0.108823	0.110539	0.244765
a.24	0.520137	0.117747	0.120137	0.24198
a.24	0.533015	0.110316	0.114824	0.241846
a.24	0.519652	0.132174	0.120348	0.227826
a.24	0.527917	0.112083	0.112917	0.247083
a.24	0.544431	0.0944914	0.0944914	0.266586
a.24	0.537908	0.105484	0.110279	0.246329
a.24	0.508141	0.139247	0.133171	0.219441
a.25	0.522122	0.107676	0.133795	0.236407
a.25	0.524384	0.131473	0.121418	0.222725
a.25	0.529557	0.111056	0.126391	0.232995
a.25	0.548421	0.0836515	0.0895522	0.278376
a.25	0.518258	0.115169	0.137406	0.229167
a.25	0.523927	0.111661	0.124587	0.239824
a.25	0.530156	0.107679	0.123566	0.2386
a.25	0.535776	0.108771	0.116849	0.238604
a.25	0.519783	0.130234	0.135771	0.214212
a.25	0.521787	0.129783	0.13072	0.21771
a.25	0.536176	0.105414	0.128414	0.229995
a.25	0.519239	0.117226	0.137584	0.225951
a.25	0.521762	0.118558	0.129239	0.230441
a.25	0.523315	0.112707	0.136354	0.227624
a.25	0.51718	0.14196	0.137836	0.203024
a.25	0.502762	0.147766	0.151209	0.198264
a.25	0.513406	0.144419	0.139095	0.20308
a.25	0.499825	0.15085	0.154486	0.194839
a.25	0.507398	0.138131	0.147009	0.207461
a.25	0.528063	0.11357	0.123057	0.23531
a.25	0.518671	0.110942	0.138949	0.231437
a.25	0.516138	0.137582	0.119256	0.227024
a.25	0.557649	0.0749812	0.0813866	0.285983
a.25	0.51881	0.129385	0.127097	0.224708
a.25	0.503091	0.142514	0.137019	0.217376
a.25	0.529692	0.122526	0.11551	0.232273
a.25	0.515298	0.140097	0.134461	0.210145
a.25	0.506088	0.131357	0.147973	0.214582
a.25	0.516244	0.119053	0.140432	0.224272
a.25	0.51473	0.138022	0.135013	0.212235
a.25	0.521992	0.117076	0.135834	0.225097
a.25	0.516492	0.136575	0.12729	0.219643
a.25	0.523702	0.109549	0.135858	0.230891
a.25	0.50798	0.140121	0.148046	0.203853
a.25	0.531589	0.117966	0.117473	0.232971
a.25	0.522274	0.132584	0.13113	0.214012
a.25	0.518519	0.128065	0.1265	0.226917
a.25	0.51569	0.112355	0.143735	0.22822
a.25	0.523926	0.126203	0.132032	0.217839
a.25	0.517524	0.124081	0.128886	0.229508
a.25	0.523851	0.117634	0.131232	0.227283
a.25	0.520794	0.115685	0.134473	0.229048
a.25	0.514023	0.139733	0.125543	0.220701
a.25	0.531639	0.113104	0.117588	0.237668
a.25	0.529753	0.116742	0.121533	0.231972
a.25	0.511418	0.127735	0.136299	0.224548
a.25	0.52011	0.120909	0.127904	0.231077
a.25	0.512789	0.117904	0.143481	0.225827
a.25	0.505114	0.132705	0.159354	0.202826
a.25	0.531948	0.11013	0.122078	0.235844
a.25	0.519231	0.118471	0.133428	0.22887
a.25	0.532003	0.118592	0.121086	0.228318
a.25	0.535319	0.104639	0.104902	0.25514
a.25	0.533186	0.116028	0.112832	0.237955
a.25	0.523485	0.116721	0.12682	0.232973
a.25	0.519787	0.119648	0.133765	0.226799
a.25	0.523344	0.126083	0.124126	0.226447
a.25	0.503532	0.144688	0.152115	0.199665
a.25	0.519744	0.140379	0.128281	0.211596
a.25	0.509423	0.136538	0.131923	0.222115
a.25	0.521628	0.130725	0.123728	0.223919
a.25	0.523479	0.113643	0.12948	0.233398
a.25	0.512613	0.138059	0.141349	0.207979
a.25	0.524414	0.116568	0.124189	0.234829
a.25	0.524095	0.113673	0.131888	0.230344
a.25	0.51442	0.138651	0.136358	0.210571
a.26	0.518795	0.13517	0.117662	0.228373
a.26	0.506667	0.145263	0.12655	0.22152
a.26	0.506735	0.135664	0.132777	0.224824
a.26	0.514517	0.130264	0.12451	0.230709
a.26	0.515764	0.129076	0.121261	0.233899
a.26	0.518004	0.129115	0.122171	0.23071
a.26	0.51352	0.119643	0.137755	0.229082
a.26	0.560664	0.0758294	0.0824645	0.281043
a.26	0.526429	0.132416	0.116505	0.224649
a.26	0.502607	0.149114	0.13243	0.21585
a.26	0.498133	0.150361	0.123226	0.22828
a.26	0.509768	0.139329	0.133432	0.217471
a.26	0.51595	0.128641	0.111304	0.244105
a.26	0.528594	0.123132	0.118496	0.229778
a.26	0.563252	0.0769601	0.0764791	0.283309
a.26	0.561845	0.0786164	0.0728512	0.286688
a.26	1	0	0	0
a.26	0.559741	0.0812242	0.0712184	0.287816
a.26	0.518605	0.126615	0.121447	0.233333
a.26	0.512839	0.139293	0.132025	0.215843
a.26	0.546439	0.102564	0.11339	0.237607
a.26	0.572709	0.0639511	0.0619145	0.301426
a.26	0.519558	0.141582	0.121173	0.217687
a.26	0.516837	0.136652	0.123963	0.222548
a.26	0.516919	0.125243	0.121354	0.236484
a.26	0.500916	0.143081	0.139942	0.216061
a.26	0.529029	0.125228	0.120542	0.225202
a.26	0.523134	0.124894	0.114391	0.237582
a.26	0.528568	0.120518	0.128383	0.222531
a.26	0.500397	0.142573	0.134631	0.222399
a.26	0.5125	0.146462	0.119575	0.221462
a.26	0.507797	0.137966	0.127797	0.226441
a.26	0.497476	0.147573	0.134369	0.220583
a.26	0.518998	0.126096	0.143215	0.211691
a.26	0.497065	0.135029	0.137378	0.230528
a.26	0.492115	0.139911	0.139102	0.228872
a.26	0.570743	0.0724221	0.0652278	0.291607
a.26	0.516572	0.137261	0.111818	0.234349
a.29	0.543649	0.102406	0.11108	0.242865
a.29	0.524042	0.128362	0.110432	0.237164
a.29	0.542873	0.103116	0.1067	0.247312
a.29	0.52527	0.126348	0.114555	0.233827
a.29	0.514527	0.130272	0.123087	0.232115
a.29	0.539653	0.118649	0.106568	0.23513
a.29	0.54051	0.105354	0.10793	0.246207
a.29	0.528754	0.126192	0.114473	0.230581
a.29	0.548266	0.0988439	0.103179	0.249711
a.29	0.510867	0.143849	0.13063	0.214654
a.29	0.544304	0.10034	0.112072	0.243285
a.29	0.538381	0.108307	0.11041	0.242902
a.29	0.543316	0.100471	0.110711	0.245502
a.29	0.531608	0.102673	0.125159	0.24056
a.29	0.533389	0.116861	0.111018	0.238731
a.29	0.537688	0.10447	0.118223	0.239619
a.29	0.526801	0.12478	0.116432	0.231986
a.29	0.546901	0.107548	0.111165	0.234386
a.29	0.546785	0.0998432	0.0953999	0.257972
a.29	0.531944	0.120195	0.116134	0.231727
a.29	0.534906	0.117689	0.116981	0.230425
a.29	0.527268	0.122373	0.123703	0.226656
a.29	0.541839	0.104115	0.1124	0.241646
a.29	0.535723	0.107295	0.118827	0.238155
a.29	0.539876	0.0948905	0.100297	0.264936
a.29	0.524432	0.10625	0.127557	0.241761
a.29	0.519043	0.137513	0.106168	0.237277
a.29	0.535814	0.110698	0.12	0.233488
a.29	0.540391	0.108447	0.105127	0.246035
a.29	0.531823	0.121504	0.103182	0.243491
a.29	0.52651	0.10604	0.119871	0.24758
a.29	0.528346	0.116273	0.117848	0.237533
a.29	0.51434	0.122371	0.123964	0.239324
a.29	0.506729	0.141655	0.134253	0.217362
a.29	0.527268	0.122273	0.118255	0.232204
a.29	0.531309	0.109894	0.113651	0.245147
a.29	0.518594	0.127912	0.113609	0.239886
a.29	0.515678	0.121437	0.135405	0.22748
a.29	0.51722	0.116236	0.130689	0.235855
a.29	0.519679	0.12828	0.119898	0.232143
a.29	0.539488	0.109205	0.111656	0.239651
a.3	0.515895	0.127611	0.138056	0.218438
a.3	0.496815	0.137155	0.151168	0.214862
a.3	0.48858	0.157564	0.141013	0.212843
a.3	0.493779	0.15444	0.135135	0.216645
a.3	0.498661	0.150893	0.135268	0.215179
a.3	0.496044	0.14557	0.140823	0.217563
a.3	0.507064	0.147567	0.133438	0.211931
a.3	0.50177	0.145575	0.129204	0.223451
a.3	0.49983	0.151752	0.136101	0.212317
a.3	0.514834	0.126266	0.132055	0.226845
a.3	0.504013	0.12199	0.144061	0.229936
a.3	0.493126	0.136035	0.133502	0.237337
a.3	0.482353	0.138914	0.144796	0.233937
a.3	0.503292	0.161317	0.132922	0.202469
a.3	0.512941	0.145412	0.127529	0.214118
a.3	0.505337	0.141215	0.125205	0.228243
a.3	0.511111	0.137645	0.135323	0.21592
a.3	0.485948	0.154749	0.137318	0.221985
a.3	0.50501	0.144289	0.125852	0.22485
a.3	0.52424	0.121198	0.123574	0.230989
a.3	0.510439	0.144348	0.12635	0.218862
a.3	0.50248	0.136905	0.126488	0.234127
a.3	0.521089	0.133843	0.122551	0.222517
a.3	0.481117	0.153816	0.13926	0.225806
a.3	0.491228	0.158285	0.14347	0.207018
a.3	0.502054	0.13738	0.141944	0.218622
a.3	0.493855	0.152936	0.129722	0.223487
a.3	0.484071	0.161504	0.137168	0.217257
a.3	0.475209	0.16323	0.158076	0.203486
a.3	0.507237	0.127903	0.154493	0.210367
a.3	0.505939	0.147994	0.137079	0.208989
a.3	0.504468	0.13621	0.137134	0.222188
a.3	0.482202	0.156229	0.134806	0.226763
a.3	0.497704	0.154071	0.131524	0.216701
a.3	0.48996	0.150826	0.137439	0.221776
a.39	0.518964	0.121795	0.125	0.234241
a.39	0.510425	0.127328	0.130108	0.232138
a.39	0.514544	0.134197	0.127353	0.223906
a.39	0.520064	0.11557	0.117978	0.246388
a.39	0.502707	0.146189	0.131195	0.219908
a.39	0.552036	0.0969619	0.105365	0.245637
a.39	0.497044	0.150177	0.130469	0.22231
a.39	0.518285	0.132093	0.128941	0.220681
a.39	0.521096	0.124055	0.119332	0.235516
a.39	0.519391	0.12722	0.117434	0.235955
a.39	0.521643	0.112164	0.114376	0.251817
a.39	0.516734	0.124377	0.124377	0.234512
a.39	0.540576	0.0886918	0.11796	0.252772
a.39	0.525519	0.109977	0.110635	0.253869
a.39	0.516872	0.126406	0.128816	0.227906
a.39	0.514428	0.130115	0.126967	0.228489
a.39	0.520587	0.130517	0.129171	0.219726
a.39	0.556826	0.0907791	0.105075	0.24732
a.39	0.553282	0.0991531	0.0935074	0.254058
a.39	0.508678	0.129634	0.145275	0.216413
a.39	0.53424	0.092517	0.115193	0.25805
a.39	0.530079	0.113224	0.122304	0.234393
a.39	0.518709	0.124729	0.13205	0.224512
a.39	0.533119	0.106383	0.107186	0.253312
a.39	0.513079	0.125561	0.123692	0.237668
a.39	0.534938	0.110981	0.1101	0.243981
a.39	0.514968	0.12867	0.129534	0.226828
a.39	0.540858	0.110523	0.106408	0.24221
a.39	0.50076	0.135908	0.134691	0.228641
a.39	0.534639	0.110241	0.121386	0.233735
a.39	0.51885	0.129499	0.135676	0.215974
a.39	0.511651	0.138804	0.12462	0.224924
a.39	0.506916	0.143845	0.123098	0.226141
a.39	0.53914	0.101985	0.102536	0.25634
a.39	0.505459	0.149211	0.124949	0.22038
a.39	0.500607	0.141093	0.146964	0.211336
a.39	0.536924	0.113423	0.108935	0.240718
a.39	0.498727	0.148981	0.128183	0.224109
a.39	0.49265	0.15115	0.133434	0.222767
a.39	0.511551	0.129656	0.134842	0.223951
a.39	0.514036	0.132887	0.12001	0.233067
a.39	0.514945	0.133853	0.134178	0.217024
a.39	0.51659	0.124714	0.132151	0.226545
a.39	0.521047	0.123203	0.127823	0.227926
a.39	0.509825	0.129645	0.147159	0.21337
a.39	0.51657	0.124681	0.138818	0.21993
a.39	0.516144	0.11396	0.117759	0.252137
a.39	0.521625	0.116961	0.104927	0.256487
a.39	0.515912	0.111033	0.127298	0.245757
a.39	0.521127	0.138284	0.130602	0.209987
a.39	0.505843	0.137703	0.131606	0.224848
a.39	0.502627	0.133477	0.140162	0.223734
a.39	0.497412	0.145882	0.136941	0.219765
a.39	0.512633	0.129376	0.146119	0.211872
a.39	0.528597	0.102309	0.117584	0.25151
a.39	0.517037	0.136605	0.126915	0.219444
a.39	0.535398	0.108723	0.116308	0.23957
a.39	0.530404	0.102285	0.115993	0.251318
a.39	0.48232	0.164781	0.139675	0.213225
a.39	0.516777	0.135762	0.13245	0.215011
a.39	0.504099	0.134722	0.154664	0.206515
a.39	0.511776	0.125294	0.131653	0.231276
a.39	0.511671	0.128937	0.128566	0.230826
a.39	0.491545	0.155328	0.136846	0.21628
a.4	0.495303	0.142613	0.130231	0.231853
a.4	0.518712	0.124021	0.119669	0.237598
a.4	0.522312	0.122822	0.114747	0.240119
a.4	0.553881	0.0863014	0.108676	0.251142
a.4	0.564267	0.0661954	0.0829049	0.286632
a.4	0.510448	0.113859	0.128358	0.247335
a.4	0.528988	0.1133	0.121258	0.236453
a.4	0.490845	0.133619	0.155824	0.219712
a.4	0.495139	0.14152	0.133958	0.229384
a.4	0.498654	0.155114	0.137618	0.208614
a.4	0.514116	0.115899	0.121842	0.248143
a.4	0.5248	0.104	0.1136	0.2576
a.4	0.580645	0.0554839	0.056129	0.307742
a.4	0.513091	0.135273	0.130182	0.221455
a.4	0.494898	0.144388	0.152551	0.208163
a.4	0.509036	0.131239	0.130379	0.229346
a.4	0.520331	0.128187	0.144039	0.207443
a.4	0.517401	0.130858	0.106265	0.245476
a.4	0.50288	0.150346	0.138825	0.207949
a.4	0.518826	0.114914	0.134474	0.231785
a.4	0.517169	0.144744	0.118859	0.219229
a.4	0.538811	0.0928984	0.100743	0.267547
a.4	0.569487	0.0642372	0.0555899	0.310686
a.4	0.499543	0.138152	0.145929	0.216377
a.4	0.526263	0.129565	0.117559	0.226613
a.4	0.525249	0.111989	0.1326	0.230161
a.4	0.528238	0.108894	0.108556	0.254312
a.4	0.500264	0.137348	0.11252	0.249868
a.4	0.546899	0.0978985	0.0927729	0.26243
a.4	0.530087	0.107826	0.100174	0.261913
a.4	0.535274	0.0992908	0.0985442	0.266891
a.4	0.527233	0.116776	0.115468	0.240523
a.4	0.490972	0.1529	0.144833	0.211295
a.4	0.510163	0.130662	0.135598	0.223577
a.4	0.510379	0.116877	0.137184	0.23556
a.4	0.502554	0.137931	0.145275	0.21424
a.4	0.538687	0.112578	0.0990099	0.249725
a.4	0.513741	0.121454	0.10594	0.258865
a.4	0.478814	0.14322	0.159322	0.218644
a.4	0.520548	0.121575	0.111301	0.246575
a.4	0.514897	0.124633	0.113303	0.247167
a.4	0.53694	0.0930774	0.0965678	0.273415
a.4	0.491206	0.151173	0.134422	0.223199
a.4	0.496296	0.148584	0.134205	0.220915
a.4	0.526489	0.11499	0.109651	0.248871
a.4	0.580146	0.0683483	0.0748576	0.276648
a.4	0.483953	0.15894	0.145186	0.211921
a.4	0.497505	0.152196	0.136727	0.213573
a.4	0.526892	0.118039	0.114707	0.240362
a.4	0.543892	0.0900261	0.0918939	0.274188
a.4	0.531492	0.106077	0.132044	0.230387
a.4	0.529412	0.105795	0.107989	0.256804
a.4	0.524276	0.109131	0.106904	0.259688
a.4	0.518905	0.116418	0.107463	0.257214
a.4	0.509158	0.140241	0.138671	0.211931
a.4	0.535406	0.0949914	0.1019	0.267703
a.4	0.561871	0.0663114	0.0603908	0.311427
a.4	0.565476	0.0690476	0.064881	0.300595
a.4	0.522025	0.110886	0.106835	0.260253
a.4	0.483808	0.157017	0.149657	0.209519
a.4	0.507367	0.130703	0.126426	0.235504
a.4	0.49329	0.147154	0.158723	0.200833
a.4	0.505837	0.128837	0.139645	0.225681
a.4	0.555946	0.101933	0.0890451	0.253076
a.4	0.504308	0.138875	0.135834	0.220983
a.4	0.490728	0.146992	0.151515	0.210764
a.4	0.534748	0.0880637	0.100796	0.276393
a.4	0.517804	0.114738	0.116222	0.251236
a.4	0.520165	0.120991	0.126072	0.232772
a.4	0.526801	0.106365	0.110134	0.2567
a.4	0.532794	0.106918	0.100629	0.259659
a.4	0.519313	0.114592	0.116738	0.249356
a.4	0.486526	0.151107	0.153994	0.208373
a.4	0.528046	0.117021	0.106867	0.248066
a.4	0.528513	0.110489	0.0992872	0.261711
a.4	0.541004	0.0970711	0.0970711	0.264854
a.4	0.52364	0.134215	0.114387	0.227758
a.4	0.538489	0.0975786	0.0936032	0.270329
a.4	0.533271	0.115276	0.0857545	0.265698
a.4	0.511678	0.125	0.134948	0.228374
a.4	0.532835	0.0989194	0.108479	0.259767
a.4	0.52149	0.124164	0.118911	0.235435
a.4	0.490028	0.147673	0.150997	0.211301
a.4	0.520072	0.129419	0.123427	0.227082
a.4	0.51243	0.123795	0.112126	0.251649
a.4	0.508175	0.134777	0.127707	0.229342
a.4	0.515982	0.109589	0.117808	0.256621
a.4	0.537586	0.0954896	0.0881755	0.278748
a.4	0.507726	0.122737	0.128477	0.24106
a.4	0.527012	0.115225	0.102758	0.255006
a.4	0.531688	0.102063	0.110538	0.255711
a.4	0.544934	0.0952381	0.094164	0.265664
a.4	0.500175	0.142508	0.130283	0.227035
a.4	0.492334	0.157411	0.145486	0.20477
a.4	0.529732	0.118475	0.098502	0.253291
a.4	0.513013	0.130631	0.113614	0.242743
a.4	0.532488	0.105547	0.107765	0.2542
a.4	0.527765	0.10266	0.103126	0.266449
a.4	0.539508	0.104134	0.0973312	0.259027
a.4	0.515574	0.12623	0.147541	0.210656
a.4	0.545739	0.0930414	0.0848319	0.276388
a.4	0.452662	0.15319	0.184884	0.209265
a.4	0.483556	0.164444	0.138222	0.213778
a.4	0.500753	0.14852	0.139488	0.211239
a.4	0.506296	0.142423	0.129831	0.22145
a.4	0.498604	0.147404	0.13512	0.218872
a.4	0.532748	0.0980884	0.0952679	0.273895
a.4	0.500778	0.145257	0.126905	0.227061
a.4	0.50992	0.146917	0.132976	0.210188
a.4	0.466463	0.178354	0.139736	0.215447
a.4	0.508262	0.130696	0.136204	0.224837
a.4	0.52769	0.100176	0.117813	0.254321
a.4	0.542846	0.08888	0.0948585	0.273416
a.45	0.541328	0.110772	0.116192	0.231707
a.45	0.541564	0.102069	0.113294	0.243073
a.45	0.56456	0.0891819	0.0837534	0.262505
a.45	0.534315	0.117844	0.11617	0.231671
a.45	0.531443	0.119909	0.123819	0.224829
a.45	0.530719	0.120444	0.12218	0.226657
a.45	0.526298	0.1167	0.130178	0.226824
a.45	0.522644	0.124847	0.122399	0.23011
a.45	0.529644	0.11432	0.120705	0.23533
a.45	0.536522	0.114201	0.105673	0.243604
a.45	0.545485	0.106527	0.104836	0.243152
a.45	0.539574	0.111492	0.11758	0.231355
a.45	0.519408	0.127961	0.119079	0.233553
a.45	0.517489	0.13154	0.121076	0.229895
a.45	0.534899	0.109494	0.121733	0.233874
a.45	0.54321	0.103704	0.114638	0.238448
a.45	0.532832	0.112517	0.118331	0.23632
a.45	0.548477	0.104655	0.099405	0.247462
a.45	0.537193	0.10705	0.112549	0.243208
a.45	0.530764	0.115957	0.121028	0.232252
a.45	0.523713	0.115372	0.130172	0.230743
a.45	0.529139	0.117219	0.12351	0.230132
a.45	0.514268	0.127033	0.132863	0.225836
a.45	0.548688	0.102901	0.100483	0.247928
a.45	0.543675	0.101124	0.106923	0.248278
a.45	0.528203	0.111319	0.122525	0.237953
a.45	0.525755	0.124029	0.12518	0.225036
a.45	0.54386	0.101904	0.110862	0.243374
a.45	0.536789	0.117434	0.113447	0.232331
a.45	0.537451	0.113666	0.109067	0.239816
a.45	0.540402	0.113346	0.108227	0.238026
a.45	0.538666	0.10652	0.117513	0.237301
a.45	0.530668	0.109116	0.123687	0.23653
a.45	0.523156	0.114979	0.126797	0.235069
a.45	0.527893	0.114122	0.12751	0.230475
a.45	0.53695	0.113601	0.111242	0.238208
a.45	0.539628	0.103906	0.108457	0.248009
a.45	0.536422	0.117825	0.114132	0.231621
a.45	0.530734	0.111292	0.118874	0.239101
a.45	0.529055	0.114304	0.128352	0.228289
a.45	0.527202	0.123057	0.121114	0.228627
a.45	0.543494	0.113011	0.107063	0.236431
a.45	0.536076	0.111261	0.122724	0.229939
a.45	0.522982	0.128083	0.116312	0.232623
a.45	0.544995	0.109505	0.107698	0.237803
a.45	0.537551	0.106563	0.127537	0.228349
a.45	0.539492	0.113324	0.114354	0.23283
a.45	0.541879	0.102151	0.112337	0.243633
a.45	0.536501	0.113981	0.113981	0.235537
a.60	0.535574	0.0991597	0.0952381	0.270028
a.60	0.533133	0.103414	0.101908	0.261546
a.60	0.568724	0.0962963	0.0814815	0.253498
a.60	0.52951	0.108063	0.114298	0.24813
a.60	0.52038	0.131793	0.128533	0.219293
a.60	0.537782	0.10517	0.110915	0.246133
a.60	0.530366	0.113561	0.116889	0.239185
a.60	0.514414	0.118787	0.119284	0.247515
a.60	0.528636	0.106304	0.116193	0.248867
a.60	0.490147	0.15304	0.1413	0.215514
a.60	0.535236	0.107746	0.105416	0.251602
a.60	0.529294	0.113563	0.114767	0.242376
a.60	0.524545	0.107284	0.12312	0.245051
a.60	0.528548	0.103589	0.119494	0.248369
a.60	0.530973	0.113033	0.107804	0.24819
a.60	0.533294	0.104637	0.109988	0.252081
a.60	0.521055	0.118001	0.100416	0.260528
a.60	0.545265	0.0972945	0.0957336	0.261707
a.60	0.521047	0.135726	0.125472	0.217755
a.60	0.535327	0.103164	0.108366	0.253143
a.60	0.534468	0.101222	0.106894	0.257417
a.60	0.543478	0.111166	0.0928854	0.25247
a.60	0.503192	0.11641	0.124671	0.255727
a.60	0.500428	0.136675	0.137961	0.224936
a.60	0.542474	0.112146	0.0968703	0.24851
a.60	0.515237	0.128308	0.117081	0.239374
a.60	0.520136	0.130034	0.1213	0.22853
a.60	0.528692	0.105063	0.116456	0.249789
a.60	0.532559	0.107017	0.108026	0.252398
a.60	0.484277	0.144235	0.163103	0.208386
a.60	0.53148	0.104661	0.114473	0.249387
a.60	0.532567	0.106854	0.106428	0.254151
a.60	0.540492	0.0975391	0.104698	0.257271
a.7	0.517688	0.116911	0.131148	0.234254
a.7	0.54204	0.106274	0.0883483	0.263338
a.7	0.542298	0.104948	0.0917797	0.260974
a.7	0.566372	0.0747007	0.0801666	0.278761
a.7	0.556537	0.0830389	0.0883392	0.272085
a.7	0.542796	0.0924731	0.0954839	0.269247
a.7	0.539945	0.110193	0.107044	0.242818
a.7	0.533832	0.11215	0.0975701	0.256449
a.7	0.526657	0.10915	0.110591	0.253602
a.7	0.53499	0.10325	0.11587	0.245889
a.7	0.550889	0.106319	0.0991298	0.243663
a.7	0.543461	0.101018	0.095928	0.259593
a.7	0.538023	0.117923	0.102513	0.241541
a.7	0.56657	0.0841974	0.0754873	0.273745
a.7	0.501472	0.131714	0.132818	0.233996
a.7	0.496664	0.140845	0.136768	0.225723
a.7	0.562575	0.079968	0.0779688	0.279488
a.7	0.5048	0.134	0.13	0.2312
a.7	0.561674	0.0823789	0.0859031	0.270044
a.7	0.576383	0.0693687	0.0627436	0.291504
a.7	0.55609	0.0866346	0.0847834	0.272492
a.7	0.560136	0.0775946	0.0887488	0.273521
a.7	0.543878	0.106139	0.0933056	0.256677
a.7	0.544646	0.0989563	0.103981	0.252416
a.7	0.536256	0.110034	0.0927487	0.260961
a.7	0.544271	0.101562	0.0920139	0.262153
a.7	0.52699	0.121251	0.124493	0.227265
a.7	0.537754	0.115431	0.115779	0.231036
a.7	0.563585	0.0717973	0.0563116	0.308306
a.7	0.5388	0.1088	0.0952	0.2572
a.7	0.533387	0.111156	0.0955618	0.259896
a.7	0.541515	0.104015	0.0907847	0.263686
a.7	0.532402	0.117078	0.100251	0.250269
a.7	0.526895	0.117359	0.101467	0.254279
a.7	0.535079	0.115119	0.100791	0.249012
a.7	0.554785	0.0947758	0.0906149	0.259824
a.7	0.537972	0.110447	0.115266	0.236315
a.7	0.507937	0.127805	0.127258	0.237001
a.7	0.550771	0.092504	0.0972887	0.259436
a.7	0.541037	0.0914659	0.105349	0.262148
a.7	0.589503	0.041989	0.0359116	0.332597
