3.30.1330	0.460733	0.161649	0.170812	0.206806
3.30.1330	0.432109	0.183657	0.183657	0.200578
3.30.1330	0.482342	0.130112	0.172862	0.214684
3.30.1330	0.480291	0.142748	0.1615	0.215461
3.30.1330	0.444411	0.17445	0.186201	0.194938
3.30.1330	0.462307	0.166881	0.171392	0.19942
3.30.1330	0.460579	0.17461	0.155457	0.209354
3.30.1330	0.445877	0.188746	0.173505	0.191872
3.30.1330	0.48298	0.133761	0.1666	0.21666
3.30.1330	0.466667	0.172327	0.168553	0.192453
3.30.1330	0.465738	0.177313	0.168796	0.188153
3.30.1330	0.469788	0.158864	0.167667	0.203681
3.30.1330	0.470448	0.170964	0.168981	0.189607
3.30.1330	0.457807	0.177334	0.171219	0.19364
3.30.1330	0.448339	0.180812	0.174539	0.19631
3.30.1330	0.464273	0.160683	0.141841	0.233203
3.30.1330	0.505336	0.12297	0.142459	0.229234
3.30.1330	0.483753	0.130382	0.165719	0.220146
3.30.1330	0.453416	0.161491	0.173223	0.21187
3.30.1330	0.450032	0.18205	0.183959	0.183959
3.30.1330	0.471315	0.150598	0.166135	0.211952
3.30.1330	0.47163	0.154308	0.169619	0.204443
3.30.1330	0.444898	0.170554	0.190962	0.193586
3.30.1330	0.432696	0.174947	0.187686	0.204671
3.30.1330	0.447426	0.174402	0.170051	0.208122
3.30.1330	0.465322	0.141236	0.15847	0.234973
3.30.1330	0.472887	0.146332	0.150319	0.230463
3.30.1330	0.444671	0.172103	0.182295	0.200932
3.30.1330	0.448837	0.174884	0.168372	0.207907
3.30.1330	0.443375	0.19319	0.170614	0.19282
3.30.1330	0.483081	0.145469	0.157526	0.213925
3.30.1330	0.403313	0.191304	0.206211	0.199172
3.30.1330	0.450615	0.184054	0.169377	0.195954
3.30.1330	0.415103	0.193135	0.193593	0.198169
3.30.1330	0.476026	0.134254	0.193709	0.196011
3.30.1330	0.476907	0.14787	0.161475	0.213749
3.30.1330	0.479303	0.140305	0.15817	0.222222
3.30.1330	0.472555	0.177645	0.129741	0.22006
3.30.1330	0.453018	0.187166	0.169213	0.190604
3.30.1330	0.470559	0.134936	0.184004	0.2105
3.30.1330	0.476077	0.151914	0.153509	0.218501
3.30.1330	0.445979	0.196182	0.164907	0.192933
3.30.1330	0.473829	0.161983	0.15427	0.209917
3.30.1330	0.483521	0.141573	0.161798	0.213109
3.30.1330	0.431733	0.191232	0.186221	0.190814
3.30.1330	0.458882	0.179276	0.171875	0.189967
3.30.1330	0.447738	0.166147	0.185257	0.200858
3.30.1330	0.478753	0.144962	0.167923	0.208362
3.30.1330	0.428135	0.198777	0.183049	0.190039
3.30.1330	0.444735	0.171018	0.182768	0.20148
3.30.1330	0.438289	0.2	0.156415	0.205295
3.30.1330	0.478964	0.145991	0.165049	0.209996
3.30.1330	0.409419	0.204922	0.196436	0.189224
3.30.1330	0.465507	0.151304	0.185507	0.197681
3.30.1330	0.465343	0.162094	0.170397	0.202166
3.30.1330	0.513001	0.118635	0.128386	0.239978
3.30.1330	0.477085	0.161999	0.142266	0.218651
3.30.1330	0.468067	0.167167	0.144449	0.220317
3.30.1330	0.508789	0.133967	0.12114	0.236105
3.30.1330	0.463075	0.150553	0.187656	0.198716
3.30.1330	0.43547	0.181446	0.190518	0.192567
3.30.1330	0.478804	0.148372	0.158592	0.214232
3.30.1330	0.435934	0.187234	0.187707	0.189125
3.30.1330	0.502625	0.11811	0.153543	0.225722
3.30.1330	0.446614	0.180293	0.177242	0.195851
3.30.1330	0.438734	0.180054	0.192648	0.188564
3.30.1330	0.445424	0.183388	0.172731	0.198456
3.30.1330	0.462047	0.159055	0.181417	0.19748
3.30.1330	0.421509	0.191131	0.187054	0.200306
3.30.1330	0.469451	0.147718	0.169374	0.213457
3.30.1330	0.436076	0.182595	0.186709	0.19462
3.30.1330	0.435068	0.191983	0.189873	0.183075
3.30.1330	0.41103	0.187419	0.199052	0.202499
3.30.1330	0.462005	0.158044	0.154002	0.22595
3.30.1330	0.450822	0.169496	0.173269	0.206413
3.30.1330	0.483812	0.141359	0.165527	0.209302
3.30.1330	0.453453	0.166667	0.184985	0.194895
3.30.1330	0.438455	0.168348	0.191986	0.201211
3.30.1330	0.49568	0.130514	0.158254	0.215553
3.30.1330	0.474634	0.142803	0.169485	0.213078
3.30.1330	0.439782	0.185703	0.177545	0.19697
3.30.1330	0.442857	0.183673	0.174694	0.198776
3.30.1330	0.491183	0.130753	0.163011	0.215054
3.30.1330	0.445304	0.191529	0.171271	0.191897
3.30.1330	0.498929	0.13576	0.153319	0.211991
3.30.1330	0.472995	0.154664	0.157529	0.214812
3.30.1330	0.496532	0.134639	0.151775	0.217054
3.30.1330	0.445283	0.191698	0.17434	0.188679
3.30.1330	0.444754	0.177663	0.182035	0.195548
3.30.1330	0.428789	0.174029	0.171363	0.225819
3.30.230	0.469068	0.185591	0.135865	0.209475
3.30.230	0.475059	0.168171	0.142993	0.213777
3.30.230	0.489085	0.165827	0.13686	0.208228
3.30.230	0.480649	0.175267	0.15223	0.191854
3.30.230	0.490766	0.148978	0.143561	0.216695
3.30.230	0.465283	0.179605	0.161671	0.193441
3.30.230	0.475335	0.165583	0.14914	0.209943
3.30.230	0.478955	0.171114	0.16011	0.189821
3.30.230	0.468712	0.183286	0.135648	0.212354
3.30.230	0.502214	0.153016	0.131433	0.213337
3.30.230	0.473684	0.170669	0.156617	0.199029
3.30.230	0.48563	0.156227	0.151805	0.206338
3.30.230	0.484983	0.165982	0.145432	0.203604
3.30.230	0.473924	0.176404	0.143631	0.206042
3.30.230	0.480346	0.172354	0.131749	0.215551
3.30.230	0.47838	0.168392	0.147686	0.205542
3.30.230	0.480585	0.158595	0.157068	0.203752
3.30.230	0.460229	0.17758	0.157233	0.204957
3.30.230	0.46909	0.174085	0.157023	0.199802
3.30.230	0.497583	0.152793	0.142052	0.207573
3.30.230	0.502639	0.156473	0.143744	0.197144
3.30.230	0.476531	0.165061	0.154181	0.204228
3.30.230	0.458191	0.172153	0.161559	0.208097
3.30.230	0.49155	0.16958	0.130536	0.208333
3.30.230	0.449978	0.180969	0.158737	0.210316
3.30.230	0.437921	0.204284	0.160254	0.197541
3.30.230	0.46383	0.181206	0.154965	0.2
3.30.230	0.427106	0.197948	0.182129	0.192817
3.30.230	0.478581	0.170805	0.155798	0.194816
3.30.230	0.464162	0.176471	0.165843	0.193524
3.30.230	0.462272	0.186391	0.159121	0.192216
3.30.230	0.481175	0.164371	0.146618	0.207836
3.30.230	0.4968	0.156198	0.147191	0.19981
3.30.230	0.480018	0.173474	0.142732	0.203777
3.30.230	0.482936	0.170636	0.152959	0.193469
3.30.230	0.520615	0.134154	0.120615	0.224615
3.30.230	0.482568	0.169462	0.154016	0.193954
3.30.230	0.48547	0.161823	0.148058	0.20465
3.30.230	0.464994	0.187732	0.157063	0.190211
3.30.230	0.464006	0.186843	0.155837	0.193314
3.30.230	0.467616	0.176719	0.160694	0.19497
3.30.230	0.48847	0.169392	0.135849	0.206289
3.30.230	0.490359	0.165206	0.133216	0.211218
3.30.230	0.479119	0.170126	0.155009	0.195747
3.30.300	0.515304	0.120421	0.131962	0.232313
3.30.300	0.526817	0.109774	0.122807	0.240602
3.30.300	0.501951	0.127805	0.156098	0.214146
3.30.300	0.536963	0.112894	0.119771	0.230372
3.30.300	0.523123	0.119344	0.131278	0.226256
3.30.300	0.515866	0.123499	0.131218	0.229417
3.30.300	0.501512	0.15121	0.138105	0.209173
3.30.300	0.522454	0.108937	0.143175	0.225434
3.30.300	0.518838	0.117113	0.133908	0.230141
3.30.300	0.498038	0.146533	0.14348	0.211949
3.30.300	0.514676	0.112585	0.152795	0.219944
3.30.300	0.506132	0.134906	0.135377	0.223585
3.30.300	0.506987	0.138066	0.14142	0.213527
3.30.300	0.501155	0.142032	0.154734	0.202079
3.30.300	0.511964	0.106436	0.15099	0.230611
3.30.300	0.522337	0.111929	0.143348	0.222386
3.30.300	0.506159	0.125047	0.147443	0.221351
3.30.300	0.517092	0.134141	0.141497	0.20727
3.30.300	0.49794	0.136972	0.158599	0.206488
3.30.300	0.513528	0.117586	0.149324	0.219563
3.30.300	0.510694	0.139802	0.132499	0.217006
3.30.300	0.514821	0.126365	0.137285	0.221529
3.30.300	0.498366	0.135076	0.156318	0.21024
3.30.300	0.513598	0.127092	0.139644	0.219665
3.30.300	0.51752	0.119137	0.140701	0.222642
3.30.300	0.523965	0.116799	0.121452	0.237785
3.30.300	0.479206	0.153119	0.155482	0.212193
3.30.300	0.491385	0.142316	0.152653	0.213646
3.30.300	0.500701	0.147128	0.142457	0.209715
3.30.300	0.497901	0.142737	0.147355	0.212007
3.30.300	0.47076	0.152534	0.165692	0.211014
3.30.360	0.464088	0.163812	0.172376	0.199724
3.30.360	0.450853	0.169511	0.180106	0.199529
3.30.360	0.479405	0.156945	0.169423	0.194227
3.30.360	0.469136	0.145464	0.170156	0.215244
3.30.360	0.467264	0.167696	0.168005	0.197035
3.30.360	0.459522	0.162833	0.153634	0.224011
3.30.360	0.50442	0.129346	0.153506	0.212728
3.30.360	0.482051	0.148718	0.162271	0.20696
3.30.360	0.463074	0.176545	0.16038	0.2
3.30.360	0.462994	0.172585	0.170262	0.194159
3.30.360	0.454032	0.177626	0.16751	0.200833
3.30.360	0.463267	0.17456	0.159988	0.202186
3.30.360	0.445576	0.160322	0.179625	0.214477
3.30.360	0.451662	0.17573	0.165156	0.207452
3.30.360	0.478175	0.147839	0.167361	0.206624
3.30.360	0.480122	0.149168	0.158342	0.212368
3.30.360	0.469636	0.169028	0.166329	0.195007
3.30.360	0.482521	0.122355	0.165133	0.229991
3.30.360	0.482163	0.144267	0.16289	0.21068
3.30.360	0.464784	0.167881	0.170613	0.196721
3.30.360	0.46418	0.167052	0.170023	0.198745
3.30.360	0.478453	0.14895	0.165525	0.207072
3.30.360	0.471639	0.160189	0.163078	0.205095
3.30.360	0.47438	0.132231	0.183471	0.209917
3.30.360	0.464319	0.168815	0.163785	0.203081
3.30.360	0.457911	0.172982	0.178478	0.190628
3.30.360	0.469657	0.158791	0.167186	0.204366
3.30.360	0.467391	0.16087	0.166848	0.204891
3.30.360	0.446239	0.174154	0.162039	0.217567
3.30.360	0.450402	0.18022	0.167411	0.201966
3.30.360	0.484184	0.157479	0.156123	0.202214
3.30.360	0.462942	0.167342	0.172264	0.197452
3.30.360	0.454491	0.166365	0.179325	0.199819
3.30.360	0.460445	0.16131	0.175525	0.202719
3.30.360	0.440767	0.158537	0.181765	0.218931
3.30.360	0.454079	0.175699	0.166857	0.203366
3.30.360	0.445969	0.178052	0.179731	0.196249
3.30.360	0.467116	0.169196	0.166948	0.19674
3.30.360	0.474643	0.148221	0.179322	0.197815
3.30.360	0.472151	0.155955	0.161382	0.210511
3.30.360	0.459289	0.172835	0.164693	0.203183
3.30.360	0.470477	0.16206	0.169284	0.198178
3.30.360	0.463669	0.166987	0.180971	0.188374
3.30.360	0.455687	0.16751	0.176316	0.200487
3.30.360	0.470498	0.163602	0.1659	0.2
3.30.360	0.463896	0.162318	0.175971	0.197816
3.30.360	0.463567	0.161693	0.172103	0.202637
3.30.360	0.458002	0.165437	0.178774	0.197787
3.30.360	0.493346	0.138985	0.15722	0.210448
3.30.360	0.468724	0.138289	0.190182	0.202805
3.30.360	0.43736	0.162768	0.193207	0.206665
3.30.360	0.462624	0.170519	0.169018	0.197838
3.30.360	0.484733	0.119593	0.173664	0.22201
3.30.360	0.450964	0.176033	0.17438	0.198623
3.30.360	0.456263	0.179823	0.165498	0.198415
3.30.360	0.456813	0.166667	0.179745	0.196776
3.30.360	0.461886	0.175388	0.156008	0.206718
3.30.360	0.456408	0.179097	0.153361	0.211134
3.30.360	0.460909	0.17697	0.170909	0.191212
3.30.360	0.460629	0.17306	0.169599	0.196712
3.30.360	0.45805	0.17602	0.168084	0.197846
3.30.360	0.452883	0.177496	0.170183	0.199437
3.30.360	0.447562	0.153174	0.185833	0.213431
3.30.360	0.489612	0.132713	0.175504	0.202171
3.30.360	0.464318	0.170431	0.168925	0.196326
3.30.360	0.455007	0.174888	0.168909	0.201196
3.30.360	0.439655	0.193966	0.175862	0.190517
3.30.360	0.442857	0.183251	0.162069	0.211823
3.30.360	0.460954	0.178061	0.16378	0.197204
3.30.390	0.491744	0.175439	0.127451	0.205366
3.30.390	0.50138	0.142594	0.123735	0.232291
3.30.390	0.478101	0.163324	0.162096	0.19648
3.30.390	0.486368	0.165347	0.14336	0.204925
3.30.390	0.499552	0.153363	0.124215	0.22287
3.30.390	0.481988	0.162733	0.154037	0.201242
3.30.390	0.49555	0.184075	0.117096	0.203279
3.30.390	0.486072	0.175487	0.13649	0.20195
3.30.390	0.488972	0.160374	0.139813	0.210841
3.30.390	0.494494	0.173047	0.117986	0.214473
3.30.390	0.476627	0.158015	0.158876	0.206481
3.30.390	0.480769	0.157692	0.155917	0.205621
3.30.390	0.481528	0.162308	0.149024	0.20714
3.30.390	0.486655	0.157918	0.154359	0.201068
3.30.390	0.481796	0.191022	0.135162	0.19202
3.30.390	0.486053	0.166603	0.148643	0.198701
3.30.390	0.508126	0.145315	0.129541	0.217017
3.30.390	0.486405	0.183427	0.126025	0.204143
3.30.390	0.4733	0.169785	0.147878	0.209037
3.30.390	0.510288	0.141747	0.129401	0.218564
3.30.390	0.484961	0.148331	0.165225	0.201483
3.30.390	0.495917	0.179641	0.121394	0.203048
3.30.390	0.504598	0.160536	0.127203	0.207663
3.30.390	0.495295	0.156513	0.129767	0.218425
3.30.390	0.484981	0.17781	0.126453	0.210756
3.30.390	0.497985	0.148231	0.12584	0.227944
3.30.390	0.511454	0.151473	0.115475	0.221599
3.30.390	0.494624	0.172043	0.124731	0.208602
3.30.390	0.499787	0.152535	0.141031	0.206647
3.30.390	0.505588	0.152883	0.12785	0.213679
3.30.390	0.469665	0.158458	0.175232	0.196645
3.30.390	0.487575	0.161521	0.142319	0.208584
3.30.390	0.509772	0.157166	0.124593	0.208469
3.30.390	0.515378	0.153339	0.121705	0.209578
3.30.390	0.504744	0.146584	0.136148	0.212524
3.30.390	0.463717	0.157168	0.183717	0.195398
3.30.390	0.495281	0.160084	0.138413	0.206222
3.30.390	0.499598	0.154465	0.130732	0.215205
3.30.390	0.505086	0.145511	0.128704	0.220699
3.30.390	0.479362	0.163057	0.157336	0.200245
3.30.390	0.484488	0.166667	0.144661	0.204185
3.30.390	0.488101	0.168043	0.140359	0.203497
3.30.390	0.494191	0.162277	0.129357	0.214175
3.30.390	0.487318	0.164241	0.149688	0.198753
3.30.390	0.517709	0.145168	0.11937	0.217753
3.30.390	0.503183	0.153434	0.132663	0.21072
3.30.390	0.507475	0.152072	0.130286	0.210167
3.30.390	0.495626	0.157918	0.13692	0.209536
3.30.390	0.495339	0.148729	0.138136	0.217797
3.30.390	0.490265	0.149775	0.152272	0.207688
3.30.390	0.491309	0.163088	0.141616	0.203988
3.30.390	0.500193	0.155899	0.134623	0.209284
3.30.390	0.510874	0.146303	0.123369	0.219454
3.30.390	0.492926	0.156366	0.134773	0.215934
3.30.390	0.50452	0.16229	0.124839	0.208351
3.30.390	0.506969	0.145759	0.126643	0.220629
3.30.390	0.509494	0.151195	0.125176	0.214135
3.30.390	0.516682	0.137627	0.127896	0.217794
3.30.390	0.489872	0.156789	0.141035	0.212303
3.30.390	0.468166	0.160503	0.170034	0.201296
3.30.390	0.511497	0.151844	0.115401	0.221258
3.30.390	0.494236	0.170927	0.143358	0.191479
3.30.390	0.487076	0.155897	0.149435	0.207593
3.30.390	0.48338	0.1759	0.135734	0.204986
3.30.390	0.486008	0.165432	0.151029	0.197531
3.30.390	0.471669	0.155054	0.174196	0.199081
3.30.390	0.501293	0.151293	0.131897	0.215517
3.30.390	0.500857	0.158526	0.134533	0.206084
3.30.390	0.498735	0.145025	0.145868	0.210371
3.30.390	0.524257	0.128713	0.118812	0.228218
3.30.390	0.509624	0.148488	0.116865	0.225023
3.30.390	0.509217	0.146083	0.12765	0.217051
3.30.390	0.509392	0.13864	0.133274	0.218694
3.30.390	0.516646	0.141593	0.131901	0.209861
3.30.390	0.489115	0.16767	0.141732	0.201482
3.30.390	0.47637	0.159348	0.163112	0.201171
3.30.390	0.48814	0.172201	0.140417	0.199241
3.30.390	0.516795	0.149712	0.114683	0.21881
3.30.390	0.517094	0.150997	0.120133	0.211776
3.30.390	0.500904	0.153255	0.128391	0.21745
3.30.390	0.512987	0.157576	0.117316	0.212121
3.30.390	0.511938	0.147842	0.12259	0.217631
3.30.390	0.50634	0.150465	0.129332	0.213863
3.30.390	0.50294	0.149353	0.137593	0.210114
3.30.390	0.460273	0.164125	0.17496	0.200642
3.30.390	0.48273	0.158306	0.148026	0.210938
3.30.390	0.49399	0.159364	0.13261	0.214036
3.30.390	0.502313	0.155874	0.116559	0.225254
3.30.390	0.501548	0.145069	0.132685	0.220699
3.30.390	0.484912	0.154233	0.161358	0.199497
3.30.390	0.504955	0.15045	0.121622	0.222973
3.30.390	0.503974	0.163628	0.130902	0.201496
3.30.420	0.481169	0.156822	0.167318	0.19469
3.30.420	0.49794	0.142514	0.152816	0.206731
3.30.420	0.495787	0.158409	0.139872	0.205932
3.30.420	0.498035	0.144851	0.139347	0.217767
3.30.420	0.473161	0.165911	0.1626	0.198327
3.30.420	0.482377	0.154103	0.15822	0.2053
3.30.420	0.508687	0.147672	0.134468	0.209173
3.30.420	0.483965	0.16482	0.15277	0.198445
3.30.420	0.488747	0.144769	0.158455	0.208029
3.30.420	0.487229	0.14937	0.155189	0.208212
3.30.420	0.499045	0.144494	0.150859	0.205602
3.30.420	0.489465	0.159799	0.144882	0.205855
3.30.420	0.488278	0.161159	0.145837	0.204726
3.30.420	0.479748	0.161023	0.164343	0.194887
3.30.420	0.504157	0.145079	0.130866	0.219898
3.30.420	0.519869	0.130103	0.157866	0.192161
3.30.420	0.476311	0.172875	0.157324	0.19349
3.30.420	0.480663	0.166171	0.146196	0.20697
3.30.420	0.514169	0.140662	0.135541	0.209628
3.30.420	0.517241	0.139324	0.125392	0.218042
3.30.420	0.487251	0.153917	0.154845	0.203987
3.30.420	0.476636	0.175701	0.151402	0.196262
3.30.420	0.497504	0.14571	0.132636	0.22415
3.30.420	0.504819	0.138917	0.141243	0.215022
3.30.420	0.507407	0.137374	0.139731	0.215488
3.30.420	0.47281	0.165629	0.156912	0.204649
3.30.420	0.509994	0.143036	0.129606	0.217364
3.30.420	0.529776	0.105955	0.118329	0.24594
3.30.420	0.496406	0.157717	0.148837	0.19704
3.30.420	0.478124	0.165784	0.155778	0.200314
3.30.420	0.501787	0.145724	0.138576	0.213913
3.30.420	0.487701	0.140492	0.158467	0.21334
3.30.420	0.483643	0.173688	0.137679	0.204989
3.30.420	0.484076	0.138254	0.162982	0.214687
3.30.420	0.492765	0.148908	0.154959	0.203368
3.30.420	0.49233	0.1589	0.14848	0.200289
3.30.420	0.490875	0.155274	0.154036	0.199814
3.30.420	0.509133	0.14281	0.128861	0.219196
3.30.420	0.507902	0.145867	0.134787	0.211444
3.30.420	0.501273	0.159452	0.13379	0.205485
3.30.420	0.494385	0.16085	0.135357	0.209408
3.30.420	0.49931	0.158391	0.135172	0.207126
3.30.420	0.496427	0.161233	0.138901	0.203439
3.30.420	0.462872	0.171881	0.159442	0.205805
3.30.420	0.481308	0.164826	0.148683	0.205183
3.30.420	0.478981	0.165287	0.167516	0.188217
3.30.420	0.477352	0.161562	0.156794	0.204291
3.30.420	0.465804	0.163771	0.160444	0.209982
3.30.420	0.4707	0.157694	0.174369	0.197237
3.30.420	0.482528	0.149195	0.159403	0.208873
3.30.420	0.48151	0.165134	0.153982	0.199374
3.30.420	0.490276	0.167747	0.14141	0.200567
3.30.420	0.485832	0.168831	0.131936	0.2134
3.30.420	0.489772	0.170844	0.127917	0.211466
3.30.420	0.471074	0.153545	0.186168	0.189213
3.30.420	0.488342	0.15107	0.15618	0.204408
3.30.420	0.47247	0.165587	0.15587	0.206073
3.30.420	0.47573	0.172073	0.1562	0.195997
3.30.420	0.491619	0.145888	0.157412	0.205081
3.30.420	0.512953	0.12978	0.147545	0.209721
3.30.420	0.474335	0.170851	0.153241	0.201574
3.30.420	0.493624	0.153391	0.14452	0.208464
3.30.420	0.50048	0.147384	0.139462	0.212674
3.30.420	0.508224	0.136229	0.134121	0.221426
3.30.420	0.493774	0.175954	0.151868	0.178404
3.30.420	0.496934	0.161708	0.137179	0.204179
3.30.420	0.494136	0.162502	0.141084	0.202278
3.30.420	0.501114	0.144395	0.131032	0.22346
3.30.420	0.47582	0.159016	0.163525	0.201639
3.30.420	0.493954	0.166361	0.145841	0.193844
3.30.420	0.473718	0.164504	0.166775	0.195003
3.30.420	0.479201	0.162063	0.165058	0.193677
3.30.420	0.474284	0.164388	0.168294	0.193034
3.30.420	0.467097	0.163149	0.168364	0.201391
3.30.420	0.474038	0.167308	0.157212	0.201442
3.30.420	0.496929	0.134174	0.159392	0.209505
3.30.420	0.491765	0.162092	0.145359	0.200784
3.30.420	0.513885	0.132527	0.140225	0.213363
3.30.420	0.477408	0.144928	0.165388	0.212276
3.30.420	0.508197	0.135315	0.151431	0.205057
3.30.420	0.477338	0.15149	0.162515	0.208657
3.30.420	0.480844	0.153989	0.171386	0.193781
3.30.420	0.488312	0.147619	0.160823	0.203247
3.30.420	0.502852	0.147719	0.142586	0.206844
3.30.420	0.495742	0.155463	0.141511	0.207284
3.30.420	0.479721	0.134781	0.174109	0.211389
3.30.420	0.503341	0.150227	0.145148	0.201283
3.30.420	0.493366	0.161907	0.138071	0.206656
3.30.420	0.506329	0.145365	0.142507	0.205798
3.30.420	0.471171	0.16082	0.173671	0.194338
3.30.420	0.477208	0.169851	0.154152	0.198789
3.30.420	0.5	0.1435	0.137652	0.218848
3.30.420	0.48429	0.160121	0.149245	0.206344
3.30.420	0.494323	0.146231	0.149637	0.209809
3.30.420	0.466589	0.16377	0.171109	0.198532
3.30.420	0.491193	0.15853	0.138903	0.211374
3.30.420	0.472645	0.166629	0.158683	0.202043
3.30.420	0.511182	0.133044	0.142629	0.213145
3.30.420	0.495913	0.159401	0.137602	0.207084
3.30.420	0.501269	0.157785	0.133333	0.207612
3.30.420	0.491875	0.144928	0.158542	0.204655
3.30.420	0.515335	0.129118	0.143506	0.212041
3.30.420	0.497782	0.131766	0.147737	0.222715
3.30.420	0.495276	0.163911	0.134624	0.206188
3.30.420	0.476763	0.168896	0.1528	0.201542
3.30.420	0.502952	0.137375	0.134877	0.224796
3.30.420	0.503854	0.146435	0.142823	0.206888
3.30.420	0.485562	0.163723	0.13709	0.213625
3.30.420	0.504468	0.143336	0.135145	0.217051
3.30.420	0.494074	0.132816	0.157336	0.215774
3.30.420	0.492218	0.141375	0.160182	0.206226
3.30.420	0.491393	0.148361	0.143443	0.216803
3.30.420	0.495674	0.15822	0.140915	0.205192
3.30.420	0.503595	0.141757	0.14792	0.206728
3.30.420	0.471593	0.160111	0.162098	0.206198
3.30.420	0.463535	0.161969	0.17226	0.202237
3.30.420	0.483936	0.147791	0.166667	0.201606
3.30.420	0.492184	0.161456	0.144179	0.20218
3.30.420	0.492117	0.169014	0.140845	0.198024
3.30.420	0.505289	0.155474	0.132349	0.206888
3.30.420	0.499771	0.159706	0.137219	0.203304
3.30.420	0.493987	0.162138	0.142094	0.201782
3.30.420	0.506941	0.156173	0.129152	0.207734
3.30.420	0.50324	0.154548	0.136309	0.205904
3.30.420	0.460388	0.162086	0.172595	0.204931
3.30.420	0.4781	0.16341	0.16442	0.19407
3.30.420	0.501719	0.132737	0.150275	0.215268
3.30.420	0.482813	0.161991	0.15646	0.198736
3.30.420	0.487021	0.151628	0.156984	0.204368
3.30.420	0.481631	0.160094	0.147961	0.210313
3.30.420	0.505526	0.135721	0.13771	0.221043
3.30.420	0.506844	0.130236	0.14185	0.22107
3.30.420	0.490377	0.154542	0.151655	0.203426
3.30.420	0.477604	0.168533	0.158455	0.195409
3.30.420	0.476271	0.166855	0.15838	0.198493
3.30.420	0.493075	0.146122	0.147507	0.213296
3.30.420	0.486957	0.153318	0.155835	0.20389
3.30.420	0.495802	0.152011	0.155988	0.1962
3.30.420	0.497819	0.160964	0.137543	0.203674
3.30.420	0.485332	0.148631	0.167862	0.198175
3.30.420	0.464171	0.170477	0.172779	0.192573
3.30.420	0.493984	0.157643	0.146497	0.201875
3.30.420	0.499573	0.139624	0.134927	0.225875
3.30.420	0.514273	0.127532	0.13628	0.221915
3.30.420	0.474856	0.161883	0.16372	0.199541
3.30.420	0.502148	0.14057	0.142132	0.21515
3.30.420	0.495061	0.162551	0.138303	0.204086
3.30.420	0.496671	0.162228	0.13826	0.202841
3.30.420	0.475222	0.168996	0.161796	0.193986
3.30.420	0.456768	0.175408	0.16584	0.201984
3.30.420	0.477307	0.166542	0.158477	0.197674
3.30.420	0.487816	0.152247	0.13928	0.220657
3.30.420	0.461847	0.172691	0.163454	0.202008
3.30.420	0.475876	0.155464	0.157113	0.211546
3.30.420	0.48796	0.152658	0.152658	0.206724
3.30.420	0.470404	0.168953	0.164249	0.196394
3.30.420	0.481654	0.171961	0.135816	0.21057
3.30.420	0.478374	0.164099	0.156302	0.201225
3.30.420	0.479649	0.164557	0.157741	0.198053
3.30.420	0.473588	0.170492	0.154645	0.201275
3.30.420	0.46433	0.171954	0.163891	0.199825
3.30.420	0.483041	0.165114	0.154305	0.19754
3.30.420	0.461122	0.169291	0.17372	0.195866
3.30.420	0.492819	0.150808	0.151481	0.204892
3.30.420	0.486646	0.171212	0.13607	0.206073
3.30.420	0.486256	0.149842	0.163221	0.200681
3.30.420	0.496451	0.1356	0.153904	0.214046
3.30.420	0.446578	0.175279	0.172835	0.205307
3.30.420	0.497617	0.143862	0.139097	0.219424
3.30.420	0.471837	0.172299	0.156233	0.199631
3.30.420	0.48632	0.160341	0.143572	0.209768
3.30.450	0.494648	0.15367	0.150994	0.200688
3.30.450	0.485053	0.163452	0.151398	0.200096
3.30.450	0.499135	0.148789	0.144896	0.20718
3.30.450	0.493407	0.134836	0.142493	0.229264
3.30.450	0.472429	0.15698	0.177099	0.193492
3.30.450	0.493446	0.158057	0.144179	0.204318
3.30.450	0.48136	0.16557	0.145102	0.207968
3.30.450	0.500178	0.133238	0.150695	0.215889
3.30.450	0.483267	0.15882	0.137833	0.220079
3.30.450	0.472364	0.166837	0.165814	0.194985
3.30.450	0.486796	0.153169	0.154636	0.205399
3.30.450	0.493159	0.143175	0.158447	0.205218
3.30.450	0.478513	0.154759	0.165568	0.20116
3.30.450	0.465953	0.17607	0.161965	0.196012
3.30.450	0.472803	0.160042	0.14749	0.219665
3.30.450	0.510347	0.152624	0.128973	0.208056
3.30.450	0.459016	0.17963	0.168469	0.192885
3.30.450	0.487408	0.148478	0.156873	0.20724
3.30.450	0.471731	0.174558	0.156537	0.197173
3.30.450	0.483687	0.157949	0.156396	0.201968
3.30.450	0.481047	0.166516	0.146661	0.205776
3.30.450	0.506283	0.148168	0.117277	0.228272
3.30.450	0.482896	0.156153	0.156597	0.204354
3.30.450	0.465352	0.16692	0.143146	0.224583
3.30.450	0.461063	0.161923	0.17696	0.200054
3.30.450	0.492569	0.15552	0.150743	0.201168
3.30.450	0.490779	0.15403	0.155055	0.200137
3.30.450	0.487281	0.153418	0.152623	0.206677
3.30.450	0.498955	0.138265	0.138526	0.224255
3.30.450	0.482156	0.150342	0.167806	0.199696
3.30.450	0.472582	0.154287	0.164506	0.208624
3.30.450	0.475383	0.147469	0.173014	0.204134
3.30.450	0.491632	0.153138	0.149791	0.205439
3.30.450	0.469885	0.151019	0.179362	0.199734
3.30.450	0.488275	0.148254	0.151902	0.211569
3.30.450	0.497628	0.140075	0.155306	0.206991
3.30.450	0.501111	0.154871	0.143447	0.200571
3.30.450	0.477558	0.164452	0.166607	0.191382
3.30.450	0.465372	0.160473	0.177787	0.196368
3.30.450	0.484121	0.149537	0.153288	0.213053
3.30.450	0.479594	0.164453	0.151654	0.204298
3.30.450	0.480318	0.14866	0.173786	0.197236
3.30.450	0.485888	0.139605	0.164492	0.210015
3.30.450	0.479552	0.148945	0.147654	0.223848
3.30.450	0.472935	0.154036	0.163006	0.210022
3.30.450	0.503693	0.131579	0.146814	0.217913
3.30.450	0.480618	0.172707	0.153483	0.193193
3.30.450	0.462087	0.15827	0.163868	0.215776
3.30.450	0.490484	0.147091	0.148722	0.213703
3.30.450	0.469464	0.168298	0.15338	0.208858
3.30.450	0.488852	0.151895	0.157748	0.201505
3.30.450	0.466839	0.177612	0.160789	0.194759
3.30.450	0.486736	0.148789	0.135717	0.228758
3.30.450	0.467621	0.163358	0.162057	0.206964
3.30.450	0.466924	0.170533	0.159794	0.202749
3.30.450	0.474296	0.146178	0.156907	0.22262
3.30.450	0.469359	0.154596	0.167688	0.208357
3.30.450	0.493629	0.13835	0.147451	0.22057
3.30.450	0.473517	0.16048	0.170439	0.195564
3.30.450	0.510638	0.134607	0.134607	0.220148
3.30.450	0.488192	0.14942	0.151138	0.211249
3.30.450	0.47759	0.159036	0.150361	0.213012
3.30.450	0.494939	0.144563	0.153647	0.206852
3.30.450	0.489513	0.14794	0.166292	0.196255
3.30.450	0.484156	0.157465	0.149298	0.209082
3.30.450	0.478221	0.161963	0.149693	0.210123
3.30.450	0.474433	0.151178	0.152068	0.222321
3.30.450	0.479759	0.153316	0.158053	0.208872
3.30.450	0.476261	0.154797	0.153314	0.215628
3.30.450	0.484699	0.159592	0.159263	0.196446
3.30.450	0.495253	0.159134	0.157995	0.187619
3.30.450	0.467669	0.163008	0.168722	0.200602
3.30.450	0.473202	0.160787	0.158073	0.207938
3.30.450	0.473435	0.155445	0.169385	0.201736
3.30.450	0.47461	0.167275	0.161301	0.196814
3.30.460	0.504723	0.1417	0.139901	0.213675
3.30.460	0.494268	0.142416	0.140653	0.222663
3.30.460	0.501286	0.133362	0.153516	0.211835
3.30.460	0.49273	0.142916	0.152057	0.212297
3.30.460	0.475098	0.151376	0.163172	0.210354
3.30.460	0.490295	0.144304	0.159916	0.205485
3.30.460	0.490987	0.144635	0.141202	0.223176
3.30.460	0.493161	0.132864	0.172333	0.201641
3.30.460	0.488623	0.153105	0.156961	0.201311
3.30.460	0.502309	0.137123	0.143517	0.217052
3.30.460	0.489087	0.143252	0.155549	0.212112
3.30.460	0.50542	0.142914	0.140104	0.211562
3.30.460	0.483896	0.155607	0.158324	0.202173
3.30.460	0.501623	0.136914	0.140749	0.220714
3.30.460	0.472058	0.144934	0.166742	0.216265
3.30.460	0.498721	0.134088	0.139934	0.227256
3.30.460	0.481653	0.1545	0.16068	0.203167
3.30.460	0.480343	0.153756	0.159206	0.206695
3.30.460	0.468244	0.187297	0.157161	0.187297
3.30.460	0.50264	0.127393	0.155776	0.214191
3.30.460	0.485271	0.148062	0.160207	0.20646
3.30.460	0.482234	0.163706	0.147208	0.206853
3.30.460	0.477233	0.182492	0.154606	0.185669
3.30.460	0.516892	0.133836	0.132277	0.216996
3.30.460	0.492978	0.144195	0.146067	0.21676
3.30.460	0.493088	0.145417	0.15873	0.202765
3.30.460	0.486853	0.146348	0.161222	0.205578
3.30.460	0.483422	0.141629	0.166598	0.20835
3.30.460	0.482215	0.151283	0.154885	0.211616
3.30.460	0.516613	0.136548	0.133306	0.213533
3.30.460	0.49374	0.163606	0.128965	0.213689
3.30.460	0.485738	0.151589	0.155257	0.207416
3.30.460	0.485668	0.146548	0.156641	0.211143
3.30.460	0.485751	0.142487	0.159326	0.212435
3.30.460	0.484493	0.162602	0.151762	0.201144
3.30.460	0.484913	0.154696	0.155121	0.20527
3.30.460	0.497022	0.142952	0.153872	0.206155
3.30.460	0.488419	0.148314	0.156847	0.20642
3.30.460	0.484242	0.147785	0.156729	0.211244
3.30.460	0.482495	0.151308	0.155332	0.210865
3.30.460	0.500759	0.145027	0.148443	0.205771
3.30.460	0.508746	0.139942	0.142493	0.208819
3.30.460	0.502171	0.146527	0.143632	0.20767
3.30.460	0.505043	0.149728	0.138479	0.206749
3.30.460	0.492017	0.141176	0.155462	0.211345
3.30.470	0.4736	0.16768	0.15872	0.2
3.30.470	0.481006	0.144616	0.177888	0.196489
3.30.470	0.486644	0.1452	0.167681	0.200476
3.30.470	0.485544	0.135629	0.159439	0.219388
3.30.470	0.479381	0.157732	0.162371	0.200515
3.30.470	0.490038	0.141585	0.15515	0.213226
3.30.470	0.47421	0.159837	0.173904	0.192049
3.30.470	0.504065	0.143755	0.142646	0.209534
3.30.470	0.485526	0.150971	0.146207	0.217296
3.30.470	0.471821	0.156497	0.154634	0.217047
3.30.470	0.48301	0.139159	0.173139	0.204693
3.30.470	0.455353	0.161322	0.175136	0.208189
3.30.470	0.511293	0.135512	0.145123	0.208073
3.30.470	0.461776	0.153778	0.177198	0.207247
3.30.470	0.469508	0.169767	0.17377	0.186955
3.30.470	0.478333	0.141667	0.156667	0.223333
3.30.470	0.474524	0.156402	0.162162	0.206912
3.30.470	0.484711	0.13843	0.154959	0.221901
3.30.470	0.469049	0.165869	0.182114	0.182969
3.30.470	0.486703	0.149008	0.156606	0.207683
3.30.470	0.4875	0.152016	0.156452	0.204032
3.30.470	0.497163	0.146983	0.1377	0.218154
3.30.470	0.480334	0.16133	0.167421	0.190915
3.30.470	0.491525	0.147834	0.15113	0.20951
3.30.470	0.47589	0.154307	0.171267	0.198537
3.30.470	0.46	0.182462	0.168	0.189538
3.30.470	0.468336	0.143446	0.182032	0.206186
3.30.470	0.459574	0.183633	0.163666	0.193126
3.30.470	0.460282	0.178427	0.177621	0.183669
3.30.470	0.471542	0.167327	0.174352	0.18678
3.30.470	0.454757	0.158447	0.179029	0.207767
3.30.470	0.484084	0.162655	0.143245	0.210016
3.30.470	0.486933	0.134128	0.161799	0.217141
3.30.470	0.488945	0.152444	0.163111	0.1955
3.30.470	0.48232	0.154152	0.162495	0.201033
3.30.470	0.494071	0.149838	0.139059	0.217032
3.30.470	0.472112	0.138899	0.184959	0.20403
3.30.470	0.469764	0.149379	0.18302	0.197837
3.30.470	0.461564	0.173129	0.179872	0.185435
3.30.470	0.495222	0.132928	0.165074	0.206777
3.30.470	0.477099	0.131679	0.184478	0.206743
3.30.470	0.491273	0.135747	0.168714	0.204266
3.30.470	0.469907	0.164649	0.178831	0.186614
3.30.470	0.463851	0.16876	0.178653	0.188737
3.30.470	0.488192	0.138436	0.159202	0.214169
3.30.470	0.469958	0.145809	0.181783	0.202449
3.30.470	0.472769	0.135401	0.19062	0.20121
3.30.470	0.489927	0.139807	0.16801	0.202256
3.30.470	0.4804	0.140661	0.16372	0.215219
3.30.470	0.482473	0.139031	0.15833	0.220165
3.30.470	0.481097	0.171609	0.169385	0.17791
3.30.470	0.452264	0.17815	0.162894	0.206693
3.30.470	0.467265	0.174888	0.168161	0.189686
3.30.470	0.486452	0.137172	0.15707	0.219306
3.30.470	0.478799	0.144876	0.163251	0.213074
3.30.470	0.470258	0.150393	0.173962	0.205387
3.30.470	0.460818	0.152896	0.183986	0.2023
3.30.470	0.473205	0.153117	0.171345	0.202333
3.30.470	0.491002	0.136933	0.156495	0.215571
3.30.470	0.48	0.146667	0.161569	0.211765
3.30.470	0.482735	0.147192	0.166027	0.204046
3.30.505	0.503871	0.126266	0.163788	0.206075
3.30.505	0.490566	0.138034	0.167329	0.204071
3.30.505	0.501152	0.138249	0.158986	0.201613
3.30.505	0.495505	0.140137	0.167107	0.19725
3.30.505	0.481481	0.14278	0.182501	0.193237
3.30.505	0.523869	0.138872	0.137012	0.200248
3.30.505	0.467257	0.159882	0.168732	0.20413
3.30.505	0.491509	0.146226	0.163208	0.199057
3.30.505	0.522673	0.131265	0.150358	0.195704
3.30.505	0.492006	0.142341	0.160908	0.204745
3.30.505	0.487582	0.15256	0.168779	0.19108
3.30.505	0.498511	0.139369	0.163788	0.198332
3.30.505	0.511574	0.14294	0.149884	0.195602
3.30.505	0.503911	0.136872	0.167039	0.192179
3.30.505	0.516646	0.131936	0.165845	0.185573
3.30.505	0.498963	0.133299	0.168568	0.19917
3.30.505	0.504334	0.143554	0.164139	0.187974
3.30.505	0.493059	0.144473	0.169666	0.192802
3.30.505	0.496262	0.13341	0.170213	0.200115
3.30.505	0.481234	0.143445	0.178406	0.196915
3.30.505	0.476319	0.144779	0.176534	0.202368
3.30.505	0.476566	0.15406	0.168445	0.200928
3.30.505	0.495509	0.149701	0.162176	0.192615
3.30.505	0.511111	0.140136	0.153741	0.195011
3.30.505	0.525879	0.149521	0.125879	0.198722
3.30.505	0.480319	0.146986	0.172397	0.200299
3.30.505	0.503463	0.13479	0.164092	0.197656
3.30.505	0.488346	0.135405	0.171476	0.204772
3.30.505	0.493271	0.145445	0.164079	0.197205
3.30.505	0.500524	0.141361	0.168063	0.190052
3.30.505	0.503492	0.137369	0.158324	0.200815
3.30.505	0.535512	0.12445	0.138278	0.20176
3.30.505	0.510345	0.123607	0.156499	0.209549
3.30.505	0.483004	0.146119	0.171994	0.198884
3.30.505	0.484252	0.145232	0.170604	0.199913
3.30.505	0.516988	0.136467	0.156852	0.189694
3.30.505	0.499268	0.138116	0.158614	0.204002
3.30.505	0.480257	0.142792	0.182736	0.194215
3.30.505	0.493717	0.129843	0.177487	0.198953
3.30.505	0.471359	0.160194	0.184951	0.183495
3.30.505	0.519903	0.141348	0.144598	0.194151
3.30.505	0.485367	0.137326	0.167942	0.209365
3.30.505	0.48971	0.141425	0.169393	0.199472
3.30.505	0.50102	0.145918	0.154592	0.198469
3.30.505	0.489603	0.137051	0.177221	0.196125
3.30.505	0.499383	0.129881	0.159474	0.211262
3.30.505	0.519159	0.131026	0.157602	0.192213
3.30.505	0.505925	0.149923	0.139104	0.205049
3.30.505	0.490989	0.142718	0.167073	0.199221
3.30.505	0.52244	0.128331	0.159187	0.190042
3.30.505	0.489764	0.141732	0.172178	0.196325
3.30.530	0.505379	0.158001	0.141641	0.19498
3.30.530	0.498811	0.156643	0.1298	0.214747
3.30.530	0.502387	0.153479	0.133356	0.210778
3.30.530	0.489326	0.16978	0.133756	0.207138
3.30.530	0.495691	0.158221	0.138228	0.207859
3.30.530	0.510881	0.167617	0.134197	0.187306
3.30.530	0.477217	0.173448	0.139509	0.209826
3.30.530	0.492087	0.161517	0.142929	0.203466
3.30.530	0.505856	0.154955	0.118919	0.22027
3.30.530	0.509078	0.151416	0.125635	0.213871
3.30.530	0.51029	0.152457	0.141957	0.195296
3.30.530	0.487337	0.167892	0.140931	0.20384
3.30.530	0.472307	0.170192	0.154529	0.202971
3.30.530	0.510447	0.154035	0.121262	0.214256
3.30.530	0.501708	0.155977	0.13814	0.204175
3.30.530	0.502242	0.165919	0.124745	0.207093
3.30.530	0.482603	0.169165	0.140594	0.207638
3.30.530	0.521616	0.136566	0.124848	0.21697
3.30.530	0.506697	0.159204	0.136625	0.197474
3.30.530	0.497006	0.16018	0.139471	0.203343
3.30.530	0.499072	0.16141	0.133952	0.205566
3.30.530	0.504354	0.151863	0.137234	0.206548
3.30.530	0.48099	0.17374	0.140584	0.204686
3.30.530	0.48413	0.153358	0.147678	0.214835
3.30.530	0.496267	0.149758	0.134827	0.219148
3.30.530	0.506941	0.169597	0.135123	0.188339
3.30.530	0.508416	0.154935	0.133894	0.202754
3.30.530	0.465053	0.182748	0.154449	0.19775
3.30.530	0.497331	0.155694	0.140866	0.206109
3.30.530	0.517866	0.15224	0.131102	0.198792
3.30.565	0.497004	0.144936	0.145506	0.212553
3.30.565	0.48756	0.149281	0.163661	0.199498
3.30.565	0.513948	0.140426	0.143262	0.202364
3.30.565	0.475037	0.153992	0.178218	0.192753
3.30.565	0.492392	0.149117	0.151856	0.206634
3.30.565	0.488828	0.151896	0.155662	0.203615
3.30.565	0.507242	0.12927	0.140749	0.222738
3.30.565	0.497473	0.153822	0.144978	0.203727
3.30.565	0.500254	0.153025	0.143874	0.202847
3.30.565	0.490917	0.14877	0.167165	0.193148
3.30.565	0.482047	0.15763	0.161759	0.198564
3.30.565	0.475212	0.154454	0.16591	0.204424
3.30.565	0.48437	0.158764	0.153144	0.203723
3.30.565	0.472965	0.152907	0.176453	0.197674
3.30.565	0.474827	0.155196	0.176212	0.193764
3.30.565	0.511194	0.144693	0.131841	0.212272
3.30.565	0.477576	0.152264	0.17086	0.1993
3.30.565	0.476323	0.168059	0.153203	0.202414
3.30.565	0.479119	0.158046	0.163602	0.199234
3.30.565	0.480154	0.154417	0.162612	0.202817
3.30.565	0.489139	0.149813	0.162547	0.198502
3.30.565	0.499724	0.13453	0.150829	0.214917
3.30.565	0.503296	0.136567	0.149222	0.210915
3.30.565	0.473568	0.152842	0.16921	0.20438
3.30.565	0.491971	0.142507	0.171053	0.194469
3.30.565	0.495247	0.144285	0.157446	0.203022
3.30.565	0.461458	0.170297	0.167574	0.20067
3.30.565	0.463973	0.166401	0.17715	0.192476
3.30.565	0.47619	0.164319	0.17002	0.18947
3.30.565	0.466	0.161714	0.169143	0.203143
3.30.565	0.507528	0.138969	0.140996	0.212507
3.30.565	0.499617	0.135957	0.152313	0.212113
3.30.565	0.484136	0.154074	0.167998	0.193791
3.30.565	0.512991	0.126732	0.167436	0.192841
3.30.565	0.506432	0.138143	0.142338	0.213087
3.30.565	0.474381	0.157186	0.17868	0.189752
3.30.565	0.523441	0.138826	0.132453	0.20528
3.30.565	0.473365	0.155063	0.172468	0.199103
3.30.565	0.485164	0.146799	0.165018	0.203019
3.30.565	0.479439	0.154206	0.171963	0.194393
3.30.565	0.489543	0.143482	0.158317	0.208658
3.30.565	0.474411	0.163304	0.164366	0.197919
3.30.565	0.488583	0.149413	0.157836	0.204168
3.30.565	0.48199	0.152873	0.16831	0.196827
3.30.565	0.480705	0.15604	0.162961	0.200294
3.30.70	0.482571	0.158467	0.15204	0.206922
3.30.70	0.467352	0.159008	0.163241	0.210399
3.30.70	0.466928	0.169472	0.153033	0.210568
3.30.70	0.446675	0.18235	0.173568	0.197407
3.30.70	0.457466	0.171493	0.170588	0.200452
3.30.70	0.447089	0.184973	0.166619	0.201319
3.30.70	0.455643	0.166929	0.166929	0.210499
3.30.70	0.433653	0.179207	0.193798	0.193342
3.30.70	0.449853	0.163345	0.195361	0.191441
3.30.70	0.478338	0.156204	0.147362	0.218096
3.30.70	0.492877	0.142809	0.158752	0.205563
3.30.70	0.479717	0.160632	0.14593	0.213722
3.30.70	0.492141	0.14833	0.151277	0.208251
3.30.70	0.457534	0.174658	0.15411	0.213699
3.30.70	0.469866	0.157705	0.171779	0.20065
3.30.70	0.486311	0.149249	0.153076	0.211363
3.30.70	0.466979	0.175247	0.156006	0.201768
3.30.70	0.5	0.136938	0.14911	0.213951
3.30.70	0.451787	0.163857	0.165206	0.21915
3.30.70	0.458904	0.170662	0.157534	0.2129
3.30.70	0.451514	0.174448	0.15136	0.222678
3.30.70	0.472924	0.154332	0.165162	0.207581
3.30.70	0.45421	0.185508	0.166387	0.193895
3.30.70	0.472451	0.163327	0.171556	0.192665
3.30.70	0.475648	0.163757	0.16394	0.196655
3.30.70	0.497574	0.138485	0.144457	0.219485
3.30.70	0.464789	0.169566	0.149406	0.216239
3.30.70	0.495981	0.140322	0.150703	0.212994
3.30.70	0.44634	0.180831	0.166873	0.205955
3.30.70	0.49941	0.143447	0.172373	0.18477
3.30.70	0.479608	0.158493	0.16572	0.19618
3.30.70	0.518146	0.105528	0.127303	0.249023
3.30.70	0.450641	0.160067	0.168991	0.220301
3.30.70	0.463931	0.167268	0.161858	0.206943
3.30.70	0.499071	0.141176	0.155418	0.204334
3.30.70	0.504488	0.127469	0.157391	0.210652
3.30.70	0.454971	0.175432	0.15598	0.213617
3.30.70	0.501871	0.116392	0.148952	0.232784
3.30.70	0.450763	0.174295	0.166436	0.208507
3.30.70	0.510794	0.11734	0.130571	0.241295
3.30.70	0.459847	0.155499	0.168286	0.216368
3.30.70	0.494961	0.130409	0.136337	0.238293
3.30.70	0.475933	0.147099	0.167791	0.209177
3.30.70	0.427146	0.191949	0.18829	0.192615
3.30.70	0.455047	0.158123	0.181782	0.205047
3.30.70	0.428307	0.187268	0.194067	0.190358
3.30.70	0.485415	0.145212	0.150602	0.21877
3.30.70	0.477784	0.156299	0.173027	0.192891
3.30.70	0.482169	0.150953	0.160234	0.206644
3.30.70	0.461669	0.150507	0.163472	0.224352
3.30.70	0.509191	0.133578	0.166054	0.191176
3.30.70	0.490196	0.159664	0.156863	0.193277
3.30.70	0.460768	0.174179	0.14246	0.222593
3.30.70	0.448625	0.173661	0.168596	0.209117
3.30.70	0.449298	0.180967	0.165367	0.204368
3.30.70	0.437537	0.187983	0.161808	0.212671
3.30.70	0.438279	0.186647	0.165579	0.209496
3.30.70	0.511777	0.117238	0.137045	0.23394
3.30.70	0.479598	0.146659	0.163217	0.210526
3.30.70	0.443597	0.173842	0.161853	0.220708
3.30.70	0.447917	0.178075	0.165179	0.208829
3.30.70	0.479086	0.141051	0.155642	0.224222
3.30.70	0.468427	0.169772	0.149586	0.212215
3.30.70	0.445576	0.178016	0.15067	0.225737
3.30.70	0.467063	0.152268	0.146328	0.234341
3.30.70	0.445279	0.17221	0.161481	0.22103
3.30.70	0.481678	0.150823	0.156665	0.210834
3.30.70	0.505355	0.142648	0.116358	0.235638
3.30.70	0.454111	0.160538	0.189836	0.195516
3.30.70	0.495495	0.135366	0.152229	0.216909
3.30.70	0.454397	0.172932	0.157241	0.21543
3.30.70	0.452736	0.162687	0.163682	0.220896
3.30.70	0.473398	0.144951	0.145494	0.236156
3.30.70	0.463828	0.162612	0.167414	0.206146
3.30.70	0.481368	0.158244	0.16437	0.196018
3.30.70	0.473837	0.153101	0.170058	0.203004
3.30.70	0.445918	0.169913	0.185247	0.198923
3.30.70	0.468587	0.14966	0.167667	0.214086
3.30.70	0.478986	0.143429	0.132755	0.24483
3.30.70	0.485852	0.141484	0.180993	0.191671
3.30.70	0.493354	0.140593	0.168712	0.197342
3.30.70	0.496004	0.139211	0.142563	0.222222
3.30.70	0.445095	0.182138	0.164568	0.208199
3.30.70	0.494753	0.148426	0.123688	0.233133
3.30.70	0.459293	0.146441	0.167947	0.226318
3.30.70	0.438466	0.174013	0.188895	0.198626
3.30.70	0.518501	0.117647	0.125237	0.238615
3.30.70	0.440505	0.179299	0.183374	0.196822
3.30.70	0.501377	0.150413	0.156474	0.191736
3.30.70	0.500825	0.131391	0.157779	0.210005
3.30.70	0.455004	0.159038	0.159814	0.226144
3.30.70	0.442892	0.171084	0.149398	0.236627
3.30.70	0.503018	0.141851	0.130785	0.224346
3.30.70	0.507383	0.137808	0.125727	0.229083
