2.40.100	0.421979	0.191518	0.19952	0.186983
2.40.100	0.413142	0.197633	0.210473	0.178751
2.40.100	0.419468	0.185399	0.213999	0.181134
2.40.100	0.410446	0.191125	0.220707	0.177721
2.40.100	0.425844	0.192317	0.202328	0.179511
2.40.100	0.41975	0.196927	0.198349	0.184974
2.40.100	0.418218	0.18615	0.213452	0.182179
2.40.100	0.414317	0.192787	0.213124	0.179772
2.40.100	0.428276	0.191364	0.194617	0.185744
2.40.100	0.416406	0.187411	0.21276	0.183424
2.40.100	0.43224	0.195355	0.193716	0.178689
2.40.100	0.416755	0.188953	0.212209	0.182082
2.40.100	0.417985	0.202239	0.198379	0.181397
2.40.100	0.416118	0.202303	0.201206	0.180373
2.40.100	0.450334	0.168197	0.190317	0.191152
2.40.100	0.427361	0.196126	0.194007	0.182506
2.40.100	0.42729	0.189287	0.199952	0.183471
2.40.100	0.439018	0.187561	0.180515	0.192906
2.40.100	0.432811	0.190987	0.19291	0.183292
2.40.100	0.433707	0.187028	0.190414	0.188851
2.40.100	0.428036	0.187801	0.20198	0.182183
2.40.100	0.420118	0.192012	0.202959	0.184911
2.40.100	0.424806	0.196899	0.19845	0.179845
2.40.100	0.401659	0.189968	0.197867	0.210506
2.40.100	0.425701	0.19813	0.195012	0.181157
2.40.100	0.414539	0.203752	0.195414	0.186295
2.40.100	0.424149	0.184727	0.212074	0.179051
2.40.100	0.415183	0.197329	0.212413	0.175074
2.40.100	0.421459	0.195279	0.201717	0.181545
2.40.100	0.437956	0.184428	0.199513	0.178102
2.40.100	0.418839	0.196129	0.202839	0.182194
2.40.100	0.424417	0.198628	0.19369	0.183265
2.40.10	0.441662	0.20148	0.177575	0.179283
2.40.10	0.462189	0.18826	0.173453	0.176097
2.40.10	0.436157	0.211125	0.171302	0.181416
2.40.10	0.460337	0.189881	0.163648	0.186134
2.40.10	0.455268	0.166998	0.192843	0.184891
2.40.10	0.440166	0.190758	0.185427	0.183649
2.40.10	0.442286	0.186286	0.188	0.183429
2.40.10	0.451323	0.183724	0.172242	0.192711
2.40.10	0.451757	0.198417	0.163286	0.186541
2.40.10	0.447022	0.193103	0.177429	0.182445
2.40.10	0.457098	0.192962	0.158561	0.19138
2.40.10	0.448	0.181	0.184	0.187
2.40.10	0.445881	0.204981	0.164272	0.184866
2.40.10	0.433638	0.212789	0.172488	0.181085
2.40.10	0.463277	0.187696	0.170119	0.178908
2.40.10	0.45	0.201807	0.162048	0.186145
2.40.10	0.45407	0.197674	0.159884	0.188372
2.40.10	0.454267	0.191109	0.181911	0.172713
2.40.10	0.414822	0.190427	0.209985	0.184766
2.40.10	0.455241	0.183157	0.177856	0.183746
2.40.10	0.438002	0.184271	0.207233	0.170494
2.40.10	0.43949	0.173885	0.199363	0.187261
2.40.10	0.440081	0.193857	0.180262	0.185801
2.40.10	0.445491	0.209287	0.164199	0.181023
2.40.10	0.449153	0.188136	0.183051	0.179661
2.40.10	0.439628	0.194014	0.180083	0.186275
2.40.10	0.432633	0.194685	0.190358	0.182324
2.40.10	0.454924	0.204794	0.162064	0.178218
2.40.10	0.419317	0.187868	0.197291	0.195524
2.40.10	0.450928	0.197878	0.164987	0.186207
2.40.10	0.445578	0.196712	0.172902	0.184807
2.40.10	0.5	0.165354	0.146457	0.188189
2.40.10	0.461255	0.176067	0.169215	0.193463
2.40.10	0.476331	0.178107	0.150296	0.195266
2.40.10	0.462011	0.155307	0.17095	0.211732
2.40.10	0.454856	0.166211	0.162791	0.216142
2.40.10	0.446524	0.186096	0.173797	0.193583
2.40.10	0.463721	0.18767	0.167485	0.181124
2.40.10	0.460275	0.180085	0.162606	0.197034
2.40.10	0.446268	0.1964	0.178931	0.178401
2.40.10	0.457471	0.179885	0.175287	0.187356
2.40.10	0.44438	0.189625	0.178098	0.187896
2.40.10	0.458758	0.196029	0.173625	0.171589
2.40.10	0.443923	0.194053	0.17736	0.184664
2.40.10	0.463099	0.177465	0.173521	0.185915
2.40.10	0.454645	0.194063	0.163826	0.187466
2.40.10	0.467317	0.176098	0.167805	0.18878
2.40.10	0.445545	0.189219	0.185919	0.179318
2.40.10	0.465023	0.180546	0.159893	0.194537
2.40.10	0.461538	0.184732	0.175408	0.178322
2.40.10	0.431566	0.186806	0.200986	0.180641
2.40.10	0.45	0.203049	0.157317	0.189634
2.40.10	0.434048	0.164392	0.203379	0.198181
2.40.10	0.451557	0.194925	0.16955	0.183968
2.40.10	0.425294	0.190588	0.200588	0.183529
2.40.10	0.440409	0.206583	0.164586	0.188422
2.40.10	0.454493	0.18318	0.173963	0.188364
2.40.10	0.489684	0.158184	0.13205	0.220083
2.40.10	0.445991	0.170907	0.18579	0.197312
2.40.10	0.458178	0.197955	0.158457	0.185409
2.40.10	0.4326	0.19797	0.187817	0.181613
2.40.10	0.486486	0.156156	0.148649	0.208709
2.40.10	0.443605	0.1932	0.185105	0.17809
2.40.10	0.445623	0.184615	0.185146	0.184615
2.40.10	0.447297	0.172583	0.194429	0.185691
2.40.10	0.475493	0.182921	0.150076	0.191511
2.40.10	0.425915	0.187682	0.205113	0.18129
2.40.10	0.446544	0.195425	0.171556	0.186474
2.40.10	0.482038	0.171046	0.161394	0.185523
2.40.10	0.447454	0.190141	0.172264	0.190141
2.40.10	0.444018	0.187157	0.186059	0.182766
2.40.10	0.455668	0.181257	0.173962	0.189113
2.40.10	0.449093	0.193548	0.166835	0.190524
2.40.10	0.454895	0.191969	0.168867	0.184268
2.40.10	0.467385	0.178336	0.16158	0.192699
2.40.10	0.444766	0.186204	0.174626	0.194404
2.40.10	0.461891	0.193123	0.160458	0.184527
2.40.10	0.448805	0.196815	0.162116	0.192264
2.40.10	0.438845	0.186297	0.186863	0.187995
2.40.10	0.461116	0.182068	0.174748	0.182068
2.40.10	0.481338	0.166881	0.134277	0.217503
2.40.10	0.432325	0.20823	0.179474	0.17997
2.40.10	0.452809	0.19382	0.159551	0.19382
2.40.10	0.470864	0.17846	0.162331	0.188345
2.40.10	0.448236	0.179294	0.197802	0.174667
2.40.10	0.458874	0.177008	0.17316	0.190957
2.40.10	0.446365	0.181495	0.168785	0.203355
2.40.10	0.444555	0.171828	0.1998	0.183816
2.40.10	0.45098	0.197712	0.178105	0.173203
2.40.10	0.466439	0.194528	0.152202	0.186832
2.40.10	0.453304	0.191152	0.16876	0.186783
2.40.10	0.46252	0.185008	0.161085	0.191388
2.40.10	0.449432	0.201238	0.163571	0.185759
2.40.10	0.492479	0.160889	0.141923	0.204709
2.40.10	0.47411	0.182309	0.156419	0.187163
2.40.10	0.442483	0.202164	0.166856	0.188497
2.40.10	0.459968	0.178399	0.168726	0.192907
2.40.10	0.438046	0.207712	0.167609	0.186632
2.40.10	0.473287	0.162979	0.16136	0.202375
2.40.10	0.475439	0.17076	0.164327	0.189474
2.40.10	0.461168	0.189609	0.171398	0.177825
2.40.10	0.462845	0.178875	0.171444	0.186837
2.40.10	0.462366	0.197947	0.155425	0.184262
2.40.10	0.424013	0.188751	0.198486	0.188751
2.40.10	0.46915	0.193997	0.15731	0.179544
2.40.10	0.462653	0.181717	0.170011	0.185619
2.40.10	0.442117	0.186329	0.187431	0.184123
2.40.10	0.443283	0.197073	0.177731	0.181913
2.40.10	0.45713	0.178006	0.172414	0.192451
2.40.10	0.441691	0.188047	0.182216	0.188047
2.40.10	0.491833	0.15366	0.150635	0.203872
2.40.10	0.433575	0.167271	0.198068	0.201087
2.40.10	0.441619	0.194084	0.172289	0.192008
2.40.10	0.415124	0.189318	0.209942	0.185616
2.40.10	0.456053	0.193477	0.169154	0.181316
2.40.10	0.462795	0.187538	0.165154	0.184513
2.40.10	0.455343	0.191017	0.172432	0.181208
2.40.10	0.419478	0.20185	0.193145	0.185528
2.40.10	0.452599	0.144495	0.190367	0.212538
2.40.10	0.46194	0.144776	0.185821	0.207463
2.40.10	0.475771	0.174009	0.145374	0.204846
2.40.10	0.453441	0.185656	0.17004	0.190862
2.40.10	0.493885	0.161328	0.141526	0.203262
2.40.128	0.515242	0.1315	0.163778	0.18948
2.40.128	0.494823	0.158758	0.152718	0.193701
2.40.128	0.469503	0.170485	0.169592	0.19042
2.40.128	0.459564	0.181964	0.174904	0.183569
2.40.128	0.465581	0.167179	0.182852	0.184388
2.40.128	0.486726	0.156637	0.165929	0.190708
2.40.128	0.473493	0.157831	0.17847	0.190206
2.40.128	0.468069	0.16759	0.173865	0.190476
2.40.128	0.486477	0.171057	0.155602	0.186863
2.40.128	0.472283	0.168494	0.177576	0.181647
2.40.128	0.471176	0.171176	0.173529	0.184118
2.40.128	0.487036	0.153025	0.174377	0.185562
2.40.128	0.469625	0.177519	0.159694	0.193161
2.40.128	0.471496	0.181102	0.167874	0.179528
2.40.128	0.466306	0.167928	0.173333	0.192432
2.40.128	0.493524	0.154533	0.159446	0.192497
2.40.128	0.484596	0.158618	0.156953	0.199833
2.40.128	0.496437	0.154869	0.15962	0.189074
2.40.128	0.461844	0.185287	0.163919	0.18895
2.40.128	0.487554	0.16309	0.154077	0.195279
2.40.128	0.46584	0.18292	0.159504	0.191736
2.40.128	0.509351	0.153626	0.156679	0.180344
2.40.128	0.483896	0.167249	0.156383	0.192472
2.40.128	0.470704	0.174457	0.166228	0.188611
2.40.128	0.503255	0.158738	0.157236	0.180771
2.40.128	0.43708	0.191643	0.194044	0.177233
2.40.128	0.486392	0.153966	0.166796	0.192846
2.40.128	0.458663	0.184498	0.175076	0.181763
2.40.128	0.475009	0.162354	0.181496	0.181141
2.40.128	0.467272	0.17466	0.168827	0.189242
2.40.128	0.493937	0.154851	0.148787	0.202425
2.40.128	0.488749	0.165417	0.152388	0.193447
2.40.128	0.480653	0.165501	0.160373	0.193473
2.40.128	0.490081	0.149684	0.178539	0.181695
2.40.128	0.475899	0.162582	0.167892	0.193627
2.40.128	0.475259	0.161477	0.162443	0.200821
2.40.128	0.473544	0.156959	0.168964	0.200534
2.40.128	0.490835	0.155295	0.176171	0.177699
2.40.128	0.481437	0.172955	0.173257	0.172351
2.40.128	0.473264	0.17079	0.175047	0.180899
2.40.128	0.453279	0.176146	0.189785	0.180789
2.40.128	0.480016	0.165927	0.168753	0.185305
2.40.128	0.51601	0.129926	0.151478	0.202586
2.40.128	0.476097	0.15722	0.173484	0.193199
2.40.128	0.475948	0.156337	0.166512	0.201203
2.40.128	0.477936	0.158187	0.163733	0.200145
2.40.128	0.512434	0.150773	0.165459	0.171333
2.40.128	0.492313	0.153418	0.162578	0.191691
2.40.128	0.48626	0.155317	0.161689	0.196734
2.40.128	0.477612	0.165057	0.172081	0.18525
2.40.128	0.489658	0.163059	0.169312	0.17797
2.40.128	0.469766	0.169172	0.168123	0.19294
2.40.128	0.45582	0.187831	0.171429	0.184921
2.40.128	0.493165	0.149367	0.160506	0.196962
2.40.128	0.470714	0.167909	0.165069	0.196308
2.40.128	0.481013	0.169714	0.166901	0.182372
2.40.128	0.457885	0.180061	0.161281	0.200773
2.40.128	0.463493	0.176402	0.170853	0.189252
2.40.128	0.485182	0.163958	0.17543	0.17543
2.40.128	0.463026	0.178612	0.171217	0.187144
2.40.128	0.481936	0.149566	0.172688	0.195809
2.40.128	0.479059	0.176471	0.163765	0.180706
2.40.128	0.444878	0.186341	0.192683	0.176098
2.40.128	0.481879	0.158389	0.172707	0.187025
2.40.128	0.49072	0.163422	0.154821	0.191037
2.40.128	0.473931	0.151245	0.171912	0.202912
2.40.128	0.476529	0.161095	0.174964	0.187411
2.40.128	0.480427	0.166192	0.168327	0.185053
2.40.128	0.458263	0.191597	0.168347	0.181793
2.40.128	0.506792	0.140021	0.130617	0.222571
2.40.128	0.472685	0.168519	0.169907	0.188889
2.40.128	0.469923	0.151967	0.177295	0.200814
2.40.128	0.477023	0.146885	0.185509	0.190584
2.40.128	0.515495	0.143613	0.130008	0.210884
2.40.128	0.490901	0.160231	0.153573	0.195295
2.40.128	0.484367	0.150553	0.167869	0.19721
2.40.128	0.492207	0.176917	0.165122	0.165754
2.40.128	0.473496	0.172994	0.167264	0.186246
2.40.128	0.472809	0.170073	0.171805	0.185313
2.40.128	0.489825	0.165168	0.165168	0.179839
2.40.128	0.508515	0.149814	0.159925	0.181746
2.40.128	0.475706	0.157412	0.175756	0.191125
2.40.128	0.483279	0.161909	0.157423	0.19739
2.40.128	0.497012	0.161188	0.165857	0.175943
2.40.128	0.494676	0.14685	0.171695	0.186779
2.40.128	0.499815	0.161058	0.160688	0.178439
2.40.128	0.486701	0.162366	0.158396	0.192537
2.40.128	0.482143	0.149643	0.173571	0.194643
2.40.128	0.464655	0.181609	0.168391	0.185345
2.40.128	0.485565	0.149559	0.163994	0.200882
2.40.128	0.480672	0.182277	0.162567	0.174484
2.40.128	0.47667	0.170174	0.172004	0.181153
2.40.128	0.463738	0.173054	0.180719	0.182488
2.40.128	0.450543	0.188142	0.175521	0.185794
2.40.128	0.500079	0.150561	0.171279	0.17808
2.40.128	0.464297	0.182799	0.167566	0.185338
2.40.128	0.480556	0.174306	0.159028	0.186111
2.40.128	0.478498	0.153096	0.175459	0.192947
2.40.128	0.484343	0.157788	0.160228	0.197641
2.40.128	0.480516	0.145034	0.18283	0.19162
2.40.128	0.482627	0.157312	0.156166	0.203895
2.40.128	0.484111	0.158894	0.162608	0.194387
2.40.160	0.508738	0.159058	0.155136	0.177068
2.40.160	0.481307	0.172767	0.172373	0.173554
2.40.160	0.487097	0.166213	0.168937	0.177753
2.40.160	0.482065	0.169097	0.172251	0.176587
2.40.160	0.491076	0.166133	0.169794	0.172998
2.40.160	0.482991	0.17151	0.176471	0.169029
2.40.160	0.48877	0.16283	0.169006	0.179394
2.40.160	0.484822	0.165046	0.175361	0.174772
2.40.160	0.521646	0.146378	0.146378	0.185598
2.40.160	0.47578	0.170174	0.172857	0.181189
2.40.160	0.497297	0.158559	0.159009	0.185135
2.40.160	0.536148	0.147484	0.146906	0.169462
2.40.160	0.481279	0.165411	0.18516	0.168151
2.40.160	0.494838	0.162571	0.159663	0.182929
2.40.160	0.488735	0.16087	0.168972	0.181423
2.40.160	0.486341	0.166085	0.170735	0.176838
2.40.160	0.477564	0.166667	0.175366	0.180403
2.40.160	0.481802	0.166643	0.171245	0.18031
2.40.160	0.481364	0.164196	0.171535	0.182904
2.40.160	0.490298	0.169563	0.168259	0.17188
2.40.160	0.483647	0.160958	0.180144	0.175251
2.40.160	0.490795	0.167646	0.156678	0.184881
2.40.160	0.483076	0.164201	0.178659	0.174064
2.40.160	0.52526	0.135179	0.147174	0.192388
2.40.160	0.495812	0.173913	0.1428	0.187475
2.40.160	0.470938	0.156863	0.166667	0.205532
2.40.160	0.489667	0.167874	0.172169	0.17029
2.40.160	0.488263	0.164481	0.171928	0.175328
2.40.160	0.496223	0.164633	0.159016	0.180128
2.40.30	0.403826	0.196599	0.214134	0.185441
2.40.30	0.38591	0.207676	0.222923	0.183491
2.40.30	0.438991	0.188991	0.182569	0.18945
2.40.30	0.416527	0.193747	0.209939	0.179788
2.40.30	0.437441	0.197156	0.178673	0.18673
2.40.30	0.411981	0.179716	0.217551	0.190751
2.40.30	0.472155	0.154358	0.141646	0.23184
2.40.30	0.414648	0.196035	0.198238	0.191079
2.40.30	0.459908	0.168958	0.160367	0.210767
2.40.30	0.444762	0.180882	0.168861	0.205495
2.40.30	0.438523	0.207705	0.169181	0.184591
2.40.30	0.432153	0.174294	0.213291	0.180263
2.40.30	0.443095	0.183553	0.170021	0.203331
2.40.30	0.397887	0.204225	0.232394	0.165493
2.40.30	0.432869	0.188858	0.184958	0.193315
2.40.30	0.397335	0.202369	0.220138	0.180158
2.40.30	0.435123	0.173937	0.188479	0.202461
2.40.30	0.429593	0.194904	0.178811	0.196692
2.40.30	0.426259	0.197392	0.185252	0.191097
2.40.30	0.421256	0.189978	0.213656	0.17511
2.40.30	0.417878	0.206517	0.193747	0.181858
2.40.30	0.432732	0.196273	0.178218	0.192778
2.40.30	0.422738	0.193503	0.185615	0.198144
2.40.30	0.417346	0.218277	0.181024	0.183353
2.40.30	0.419133	0.175476	0.207188	0.198203
2.40.30	0.440168	0.189024	0.185595	0.185213
2.40.30	0.425794	0.190862	0.18827	0.195075
2.40.30	0.438576	0.177621	0.191706	0.192097
2.40.30	0.440197	0.204806	0.168214	0.186783
2.40.30	0.457221	0.182409	0.172827	0.187543
2.40.30	0.452638	0.155984	0.199092	0.192286
2.40.30	0.389071	0.203825	0.227322	0.179781
2.40.30	0.396154	0.195604	0.22967	0.178571
2.40.30	0.429842	0.192888	0.180905	0.196366
2.40.30	0.434343	0.200703	0.175231	0.189723
2.40.50	0.469995	0.169411	0.162507	0.198088
2.40.50	0.473887	0.185788	0.149829	0.190497
2.40.50	0.491389	0.164155	0.133477	0.21098
2.40.50	0.478605	0.175383	0.155309	0.190703
2.40.50	0.475816	0.155606	0.169104	0.199475
2.40.50	0.469298	0.164474	0.169737	0.196491
2.40.50	0.498413	0.15619	0.156825	0.188571
2.40.50	0.462025	0.163891	0.173218	0.200866
2.40.50	0.464119	0.183597	0.167288	0.184995
2.40.50	0.427562	0.179202	0.209995	0.183241
2.40.50	0.47615	0.184888	0.147742	0.19122
2.40.50	0.477535	0.158537	0.159178	0.20475
2.40.50	0.466548	0.173506	0.169938	0.190009
2.40.50	0.502439	0.134756	0.156098	0.206707
2.40.50	0.474063	0.174352	0.144813	0.206772
2.40.50	0.442317	0.166247	0.196474	0.194962
2.40.50	0.483766	0.169295	0.144249	0.20269
2.40.50	0.462884	0.181866	0.157476	0.197773
2.40.50	0.472191	0.164586	0.160613	0.202611
2.40.50	0.449734	0.17601	0.195427	0.178829
2.40.50	0.420772	0.199734	0.189081	0.190413
2.40.50	0.436548	0.180203	0.183249	0.2
2.40.50	0.479374	0.173542	0.164296	0.182788
2.40.50	0.466612	0.182193	0.160346	0.190849
2.40.50	0.432092	0.216619	0.177077	0.174212
2.40.50	0.450991	0.202294	0.167362	0.179353
2.40.50	0.534521	0.13029	0.124722	0.210468
2.40.50	0.546821	0.0982659	0.0959538	0.25896
2.40.50	0.484903	0.15942	0.148551	0.207126
2.40.50	0.468154	0.178905	0.154564	0.198377
2.40.50	0.486982	0.15188	0.163452	0.197686
2.40.50	0.457536	0.180921	0.170754	0.190789
2.40.50	0.473056	0.172994	0.165952	0.187998
2.40.50	0.486434	0.182171	0.128876	0.202519
2.40.50	0.446019	0.180264	0.180752	0.192965
2.40.50	0.464432	0.173753	0.159444	0.202371
2.40.50	0.465891	0.158915	0.155039	0.220155
2.40.50	0.471413	0.16397	0.175297	0.18932
2.40.50	0.474847	0.167233	0.173351	0.184568
2.40.50	0.488089	0.173847	0.141409	0.196655
2.40.50	0.49109	0.15977	0.14769	0.20145
2.40.50	0.460205	0.150193	0.183569	0.206033
2.40.50	0.49065	0.170276	0.145669	0.193406
2.40.50	0.451711	0.168704	0.187653	0.191932
2.40.50	0.505489	0.151876	0.139067	0.203568
2.40.50	0.456867	0.150965	0.199773	0.192395
2.40.50	0.44048	0.178989	0.196403	0.184128
2.40.50	0.452908	0.176531	0.182192	0.188369
2.40.50	0.464937	0.180381	0.152817	0.201865
2.40.50	0.485487	0.144334	0.149105	0.221074
2.40.50	0.493467	0.151759	0.157789	0.196985
2.40.50	0.460748	0.178816	0.167601	0.192835
2.40.50	0.478275	0.167315	0.16537	0.18904
2.40.50	0.489912	0.152095	0.156234	0.201759
2.40.50	0.468991	0.172169	0.167849	0.19099
2.40.50	0.47403	0.168639	0.164694	0.192636
2.40.50	0.487141	0.154816	0.162885	0.195159
2.40.50	0.456933	0.181735	0.169517	0.191814
2.40.50	0.473198	0.172212	0.164202	0.190388
2.40.50	0.47249	0.187748	0.150312	0.18945
2.40.50	0.473255	0.184921	0.147733	0.194091
2.40.50	0.475209	0.174373	0.152089	0.198329
2.40.50	0.508646	0.138329	0.133045	0.219981
2.40.50	0.470729	0.159498	0.174432	0.195341
2.40.50	0.48067	0.171392	0.147552	0.200387
2.40.50	0.487544	0.177115	0.151382	0.183958
2.40.50	0.483299	0.163361	0.163361	0.189979
2.40.50	0.46683	0.17199	0.159705	0.201474
2.40.50	0.482517	0.15035	0.169231	0.197902
2.40.50	0.482149	0.163718	0.152139	0.201994
2.40.50	0.465708	0.157633	0.195243	0.181416
2.40.50	0.477847	0.162458	0.176274	0.183421
2.40.50	0.479253	0.160443	0.165975	0.194329
2.40.50	0.485085	0.174006	0.137784	0.203125
2.40.50	0.441162	0.185779	0.190285	0.182774
2.40.50	0.452354	0.183123	0.174512	0.190011
2.40.50	0.477347	0.160867	0.163493	0.198293
2.40.50	0.477766	0.172451	0.148048	0.201735
2.40.50	0.441406	0.182943	0.182943	0.192708
2.40.50	0.449818	0.185823	0.173236	0.191123
2.40.50	0.481627	0.169948	0.159449	0.188976
2.40.50	0.453344	0.184292	0.167574	0.19479
2.40.50	0.464286	0.175325	0.166667	0.193723
2.40.50	0.494208	0.15444	0.133205	0.218147
2.40.50	0.458872	0.16865	0.185722	0.186756
2.40.50	0.487324	0.191549	0.128873	0.192254
2.40.50	0.4415	0.178	0.1975	0.183
2.40.50	0.440229	0.168399	0.194906	0.196466
2.40.50	0.498695	0.147781	0.122193	0.231332
2.40.50	0.482299	0.16035	0.156601	0.20075
2.40.50	0.481241	0.165354	0.165354	0.18805
2.40.50	0.445455	0.181818	0.173864	0.198864
2.40.50	0.444249	0.181925	0.17723	0.196596
2.40.50	0.455793	0.175305	0.182927	0.185976
2.40.50	0.450761	0.166133	0.195757	0.18735
2.40.50	0.456317	0.162162	0.177876	0.203646
2.40.50	0.507432	0.15428	0.1143	0.223988
2.40.50	0.478792	0.15874	0.158098	0.20437
2.40.50	0.471311	0.168033	0.157787	0.202869
2.40.50	0.472581	0.174766	0.159608	0.193045
2.40.50	0.485911	0.162887	0.160137	0.191065
2.40.50	0.476708	0.16042	0.158669	0.204203
2.40.50	0.454867	0.169912	0.19823	0.176991
2.40.50	0.494432	0.144766	0.141425	0.219376
2.40.50	0.500801	0.145222	0.152162	0.201815
2.40.50	0.466401	0.159453	0.176538	0.197608
2.40.50	0.434652	0.169755	0.194792	0.200801
2.40.50	0.449821	0.193548	0.162007	0.194624
2.40.50	0.478906	0.188688	0.147891	0.184516
2.40.50	0.487555	0.157638	0.162518	0.192289
2.40.50	0.473168	0.160989	0.164722	0.20112
2.40.50	0.478839	0.17896	0.161628	0.180572
2.40.50	0.456146	0.184392	0.171271	0.188191
2.40.50	0.45352	0.186698	0.16375	0.196033
2.40.50	0.458885	0.164934	0.181002	0.19518
2.40.50	0.464414	0.174553	0.163419	0.197614
2.40.50	0.443439	0.177602	0.177602	0.201357
2.40.50	0.459603	0.171523	0.162914	0.20596
2.40.70	0.444125	0.192848	0.17848	0.184547
2.40.70	0.447358	0.189909	0.174414	0.188319
2.40.70	0.452338	0.180209	0.186791	0.180663
2.40.70	0.445902	0.198033	0.17377	0.182295
2.40.70	0.453115	0.171499	0.198026	0.17736
2.40.70	0.450194	0.189949	0.180676	0.17918
2.40.70	0.442361	0.179861	0.190278	0.1875
2.40.70	0.447952	0.185996	0.192248	0.173804
2.40.70	0.441987	0.183013	0.176923	0.198077
2.40.70	0.448967	0.177833	0.174076	0.199123
2.40.70	0.444315	0.190003	0.181234	0.184449
2.40.70	0.445578	0.188435	0.179592	0.186395
2.40.70	0.467704	0.180927	0.169767	0.181603
2.40.70	0.451625	0.185469	0.177072	0.185834
2.40.70	0.457857	0.183571	0.1725	0.186071
2.40.70	0.462716	0.177792	0.182025	0.177467
2.40.70	0.442834	0.18905	0.180354	0.187762
2.40.70	0.453549	0.181541	0.184892	0.180018
2.40.70	0.447328	0.194504	0.188397	0.169771
2.40.70	0.433731	0.187359	0.185747	0.193163
2.40.70	0.465039	0.183544	0.177215	0.174201
2.40.70	0.4543	0.190899	0.166217	0.188585
2.40.70	0.460861	0.179795	0.17319	0.186155
2.40.70	0.4666	0.179129	0.170489	0.183782
2.40.70	0.439553	0.195056	0.18151	0.183881
2.40.70	0.452301	0.183782	0.183782	0.180135
2.40.70	0.450459	0.180753	0.18202	0.186768
2.40.70	0.45473	0.189189	0.165541	0.190541
2.40.70	0.43511	0.197123	0.183066	0.184701
2.40.70	0.44753	0.185034	0.193218	0.174218
2.40.70	0.473571	0.1825	0.156786	0.187143
2.40.70	0.451155	0.183659	0.176199	0.188988
2.40.70	0.453723	0.188321	0.188029	0.169927
2.40.70	0.452012	0.180599	0.178535	0.188854
2.40.70	0.448161	0.190635	0.180298	0.180906
2.40.70	0.433788	0.197952	0.182594	0.185666
2.40.70	0.457288	0.17974	0.17974	0.183233
2.40.70	0.444729	0.179356	0.175695	0.20022
2.40.70	0.457374	0.173927	0.188861	0.179838
2.40.70	0.45148	0.193531	0.175713	0.179276
2.40.70	0.450648	0.177051	0.196484	0.175817
2.40.70	0.430122	0.186607	0.193224	0.190048
2.40.70	0.451175	0.190003	0.176101	0.182721
2.40.70	0.452363	0.183579	0.183191	0.180868
2.40.70	0.448301	0.194143	0.173174	0.184382
2.40.70	0.445971	0.179487	0.188645	0.185897
2.40.70	0.443124	0.182683	0.188795	0.185399
2.40.70	0.44714	0.181109	0.19353	0.178221
2.40.70	0.447695	0.187057	0.176714	0.188534
2.40.70	0.433839	0.18918	0.193315	0.183666
2.40.70	0.454154	0.182428	0.18554	0.177879
2.40.70	0.471126	0.177399	0.170752	0.180723
2.40.70	0.434731	0.193413	0.192216	0.179641
2.40.70	0.435045	0.18852	0.18006	0.196375
2.40.70	0.448567	0.184314	0.177979	0.18914
2.40.70	0.445652	0.190393	0.183029	0.180926
2.40.70	0.418167	0.193805	0.190875	0.197154
2.40.70	0.448921	0.194343	0.181115	0.175621
2.40.70	0.452119	0.190345	0.181319	0.176217
2.40.70	0.435097	0.196589	0.190807	0.177508
2.40.70	0.437741	0.1789	0.189599	0.193759
2.40.70	0.4416	0.193586	0.191527	0.173286
2.40.70	0.439283	0.171865	0.199071	0.189781
2.40.70	0.459796	0.194224	0.168177	0.177803
2.40.70	0.42624	0.209353	0.177338	0.187068
2.40.70	0.450923	0.174919	0.195429	0.178728
2.40.70	0.451704	0.185996	0.180994	0.181307
2.40.70	0.440153	0.191587	0.175526	0.192734
2.40.70	0.451923	0.187965	0.175868	0.184243
2.40.70	0.451711	0.18365	0.176046	0.188593
2.40.70	0.443859	0.191017	0.191572	0.173551
2.40.70	0.441618	0.184104	0.179769	0.194509
2.40.70	0.457521	0.19429	0.166435	0.181755
2.40.70	0.455396	0.190647	0.160432	0.193525
2.40.70	0.47557	0.169743	0.167933	0.186754
2.40.70	0.457243	0.177275	0.176884	0.188598
2.40.70	0.457798	0.183486	0.176453	0.182263
2.40.70	0.434128	0.203574	0.175543	0.186755
2.40.70	0.449405	0.173115	0.186508	0.190972
2.40.70	0.454338	0.186888	0.179387	0.179387
2.40.70	0.442452	0.18322	0.171746	0.202582
