c.10	0.510689	0.157067	0.138955	0.19329
c.10	0.512967	0.151209	0.145714	0.19011
c.10	0.510245	0.161511	0.13861	0.189634
c.10	0.517465	0.131685	0.137867	0.212983
c.10	0.506867	0.158039	0.147686	0.187408
c.10	0.513454	0.156858	0.140888	0.188799
c.10	0.490163	0.161465	0.157056	0.191316
c.10	0.49343	0.154084	0.161041	0.191446
c.10	0.530676	0.133575	0.120632	0.215118
c.10	0.522954	0.144973	0.140246	0.191827
c.10	0.496203	0.160056	0.154993	0.188748
c.10	0.508231	0.150696	0.153651	0.187421
c.10	0.524252	0.136997	0.132353	0.206398
c.10	0.515673	0.151308	0.145887	0.187132
c.10	0.514242	0.148182	0.157273	0.180303
c.10	0.50542	0.152945	0.150015	0.19162
c.10	0.509277	0.151951	0.152591	0.18618
c.10	0.498518	0.147599	0.162122	0.191761
c.10	0.507817	0.155722	0.151345	0.185116
c.10	0.501693	0.149277	0.158203	0.190828
c.10	0.510564	0.160307	0.148744	0.180385
c.10	0.513379	0.165375	0.140518	0.180728
c.10	0.514944	0.158092	0.141597	0.185367
c.10	0.518613	0.165426	0.13383	0.182132
c.10	0.522432	0.133793	0.12636	0.217414
c.10	0.50644	0.156207	0.154015	0.183338
c.10	0.515664	0.164289	0.137079	0.182968
c.10	0.514873	0.159114	0.153923	0.17209
c.10	0.514072	0.147616	0.153935	0.184377
c.10	0.496247	0.147517	0.159065	0.197171
c.10	0.505763	0.1581	0.149221	0.186916
c.10	0.523903	0.137112	0.131986	0.206999
c.10	0.51511	0.143658	0.13473	0.206502
c.10	0.525748	0.13912	0.138289	0.196844
c.10	0.515816	0.145489	0.132638	0.206057
c.108	0.484876	0.135044	0.164681	0.215399
c.108	0.47871	0.152442	0.169032	0.199816
c.108	0.46431	0.161781	0.173417	0.200492
c.108	0.474986	0.162182	0.164168	0.198664
c.108	0.483102	0.152384	0.159324	0.20519
c.108	0.472125	0.15252	0.173949	0.201406
c.108	0.472576	0.150066	0.167837	0.209522
c.108	0.481997	0.155415	0.16737	0.195218
c.108	0.489459	0.156737	0.150137	0.203666
c.108	0.487427	0.163673	0.152672	0.196228
c.108	0.489441	0.143963	0.163147	0.20345
c.108	0.501368	0.146675	0.152146	0.199811
c.108	0.476918	0.157712	0.167796	0.197574
c.108	0.488948	0.151044	0.155342	0.204666
c.108	0.475872	0.168431	0.164072	0.191625
c.108	0.490592	0.152253	0.154152	0.203004
c.108	0.487962	0.151787	0.160162	0.20009
c.108	0.467376	0.175539	0.156975	0.200109
c.108	0.481455	0.15781	0.163873	0.196862
c.108	0.488697	0.147126	0.161877	0.202299
c.108	0.482468	0.155022	0.157659	0.204851
c.108	0.475227	0.152143	0.17126	0.20137
c.108	0.48022	0.152399	0.143969	0.223411
c.108	0.473815	0.161359	0.167021	0.197806
c.108	0.47738	0.159858	0.165429	0.197333
c.108	0.469514	0.159966	0.176717	0.193802
c.108	0.493345	0.144061	0.154844	0.207751
c.108	0.497758	0.141867	0.140236	0.220139
c.108	0.475295	0.15837	0.165007	0.201327
c.108	0.496503	0.141757	0.159298	0.202442
c.108	0.486204	0.152812	0.166608	0.194376
c.108	0.463735	0.174534	0.173382	0.188349
c.108	0.473968	0.159295	0.168272	0.198466
c.108	0.477202	0.157327	0.170031	0.19544
c.108	0.495441	0.137728	0.154065	0.212766
c.108	0.499521	0.13235	0.153802	0.214327
c.108	0.491969	0.146275	0.149522	0.212235
c.108	0.474816	0.163554	0.156763	0.204867
c.108	0.477633	0.159387	0.160092	0.202888
c.108	0.4901	0.140953	0.158988	0.209959
c.108	0.478632	0.164421	0.164711	0.192235
c.108	0.47841	0.152739	0.17014	0.198711
c.108	0.507969	0.128535	0.130077	0.233419
c.108	0.489063	0.151521	0.151024	0.208391
c.108	0.481528	0.153252	0.165192	0.200028
c.108	0.476028	0.161065	0.17079	0.192117
c.108	0.484041	0.152227	0.159242	0.20449
c.108	0.491434	0.150337	0.155919	0.20231
c.108	0.491838	0.138993	0.14972	0.21945
c.108	0.4648	0.162785	0.173776	0.198639
c.108	0.482299	0.1588	0.157283	0.201618
c.108	0.495053	0.14161	0.157323	0.206014
c.108	0.491358	0.144991	0.156906	0.206746
c.108	0.4661	0.163506	0.174842	0.195553
c.108	0.487586	0.142917	0.155435	0.214062
c.108	0.473429	0.165138	0.156656	0.204778
c.108	0.484705	0.152161	0.157687	0.205447
c.108	0.474213	0.160263	0.163551	0.201973
c.108	0.47462	0.171863	0.16227	0.191247
c.108	0.490097	0.1496	0.154657	0.205647
c.108	0.474372	0.163572	0.176645	0.185411
c.1	0.493161	0.153287	0.146496	0.207056
c.1	0.495491	0.153588	0.144474	0.206447
c.1	0.492244	0.156924	0.143776	0.207056
c.1	0.508876	0.131207	0.136352	0.223566
c.1	0.482147	0.158629	0.165093	0.194131
c.1	0.467726	0.170804	0.165177	0.196293
c.1	0.496442	0.157661	0.147876	0.198021
c.1	0.500236	0.149456	0.144411	0.205896
c.1	0.477332	0.161087	0.171711	0.18987
c.1	0.474818	0.1618	0.174574	0.188808
c.1	0.492143	0.161062	0.151163	0.195632
c.1	0.481053	0.165	0.163289	0.190658
c.1	0.487409	0.158695	0.153287	0.200608
c.1	0.482163	0.165616	0.174739	0.177483
c.1	0.500331	0.143307	0.143472	0.212889
c.1	0.475938	0.16686	0.160906	0.196296
c.1	0.467949	0.169092	0.165627	0.197332
c.1	0.467379	0.178221	0.172882	0.181518
c.1	0.467778	0.167242	0.172007	0.192972
c.1	0.471438	0.171369	0.165241	0.191952
c.1	0.48221	0.17603	0.155564	0.186196
c.1	0.447812	0.181075	0.175277	0.195836
c.1	0.474676	0.169288	0.173682	0.182354
c.1	0.481598	0.156296	0.158442	0.203664
c.1	0.484076	0.149682	0.156449	0.209793
c.1	0.480304	0.168843	0.157683	0.19317
c.1	0.492965	0.1579	0.141883	0.207251
c.1	0.479194	0.16608	0.158437	0.196288
c.1	0.480619	0.167033	0.168778	0.18357
c.1	0.478701	0.164181	0.166179	0.190938
c.1	0.478361	0.17091	0.163388	0.187341
c.1	0.474503	0.17168	0.172975	0.180842
c.1	0.4694	0.170329	0.170624	0.189648
c.1	0.475128	0.162862	0.159966	0.202044
c.1	0.987879	0.00606061	0.00606061	0
c.1	0.474339	0.171224	0.171314	0.183123
c.1	0.478261	0.170195	0.168764	0.18278
c.1	0.480915	0.163644	0.15911	0.196331
c.1	0.486696	0.164971	0.148352	0.199981
c.1	0.477498	0.164858	0.167411	0.190233
c.1	0.482436	0.161966	0.158159	0.197439
c.1	0.463521	0.174366	0.17169	0.190423
c.1	0.488311	0.15925	0.147621	0.204818
c.1	0.498983	0.147837	0.139078	0.214102
c.1	0.478828	0.174747	0.152654	0.193771
c.1	0.487412	0.153859	0.151884	0.206845
c.1	0.521384	0.125786	0.121384	0.231447
c.1	0.462467	0.179119	0.177357	0.181057
c.1	0.471875	0.166576	0.173481	0.188067
c.1	0.474777	0.172653	0.167169	0.185401
c.1	0.484249	0.160998	0.156398	0.198355
c.1	0.483943	0.168609	0.161606	0.185842
c.1	0.482139	0.168405	0.158975	0.190481
c.1	0.477868	0.158707	0.160163	0.203262
c.1	0.463155	0.174912	0.18226	0.179673
c.1	0.479288	0.176896	0.155623	0.188193
c.1	0.485414	0.170108	0.155721	0.188757
c.1	0.455609	0.175378	0.178031	0.190981
c.1	0.476561	0.167008	0.160722	0.195709
c.1	0.490428	0.160702	0.156668	0.192202
c.1	0.475202	0.166859	0.166987	0.190952
c.1	0.487413	0.157735	0.15972	0.195132
c.1	0.473409	0.165178	0.161468	0.199945
c.1	0.466107	0.183602	0.159329	0.190962
c.1	0.492171	0.160828	0.157378	0.189623
c.1	0.477644	0.171272	0.156491	0.194593
c.1	0.501022	0.144001	0.143831	0.211145
c.1	0.470863	0.166593	0.164257	0.198287
c.1	0.46977	0.163819	0.164879	0.201532
c.1	0.486056	0.165653	0.150136	0.198155
c.1	0.494134	0.152029	0.146956	0.20688
c.1	0.487363	0.158305	0.157551	0.196781
c.1	0.484032	0.162178	0.16051	0.193279
c.1	0.487454	0.156001	0.1525	0.204046
c.1	0.491341	0.15705	0.164315	0.187294
c.1	0.494324	0.15979	0.149858	0.196027
c.1	0.481516	0.16828	0.152536	0.197668
c.1	0.496076	0.157287	0.148206	0.19843
c.1	0.479536	0.166194	0.15815	0.19612
c.1	0.466143	0.171845	0.17469	0.187322
c.1	0.479579	0.159108	0.169882	0.191431
c.1	0.497881	0.152966	0.144703	0.204449
c.1	0.4697	0.175299	0.170895	0.184106
c.1	0.484016	0.167373	0.157211	0.191399
c.1	0.471986	0.171448	0.173129	0.183438
c.1	0.469576	0.171891	0.17394	0.184593
c.1	0.48454	0.16133	0.164491	0.189639
c.1	0.483509	0.158004	0.153859	0.204628
c.1	0.491195	0.152183	0.158769	0.197853
c.1	0.466332	0.178251	0.169495	0.185922
c.1	0.477833	0.163792	0.164602	0.193772
c.1	0.485489	0.157377	0.16017	0.196964
c.1	0.477491	0.166449	0.171261	0.184799
c.1	0.494865	0.16122	0.143013	0.200903
c.1	0.481725	0.160953	0.167991	0.18933
c.1	0.493585	0.151587	0.152093	0.202735
c.1	0.476712	0.174163	0.15668	0.192446
c.1	0.480086	0.163019	0.163497	0.193398
c.1	0.487518	0.158926	0.150508	0.203048
c.1	0.470847	0.172764	0.174403	0.181986
c.1	0.486034	0.160228	0.157019	0.196719
c.1	0.475889	0.173913	0.162281	0.187916
c.1	0.482302	0.156757	0.168439	0.192502
c.1	0.470508	0.176526	0.167772	0.185195
c.1	0.479443	0.169186	0.16421	0.187162
c.1	0.473018	0.170368	0.171885	0.184729
c.1	0.470166	0.159602	0.172481	0.19775
c.1	0.476373	0.162808	0.162808	0.19801
c.1	0.460457	0.17726	0.176526	0.185756
c.1	0.460086	0.173679	0.175944	0.190291
c.1	0.491877	0.154062	0.154248	0.199813
c.1	0.484444	0.163911	0.153244	0.1984
c.1	0.493814	0.147595	0.149828	0.208763
c.1	0.488956	0.159951	0.155947	0.195146
c.1	0.473507	0.167848	0.17291	0.185735
c.1	0.486842	0.151316	0.158587	0.203255
c.1	0.480345	0.167753	0.16481	0.187093
c.1	0.469983	0.171848	0.173499	0.184671
c.1	0.486343	0.153066	0.157533	0.203058
c.1	0.462351	0.183982	0.171994	0.181673
c.1	0.486775	0.164491	0.151323	0.197412
c.1	0.474349	0.17003	0.166761	0.18886
c.1	0.48237	0.160234	0.154392	0.203004
c.1	0.468375	0.163318	0.166419	0.201888
c.1	0.465768	0.176962	0.173304	0.183966
c.1	0.49847	0.152207	0.144449	0.204873
c.1	0.490676	0.158459	0.150642	0.200223
c.1	0.473785	0.164072	0.172667	0.189476
c.1	0.476678	0.168373	0.161263	0.193686
c.1	0.497233	0.156144	0.154061	0.192562
c.1	0.482612	0.165235	0.160363	0.19179
c.1	0.484026	0.157823	0.160702	0.19745
c.1	0.490713	0.151091	0.147258	0.210938
c.1	0.465976	0.177343	0.165463	0.191218
c.1	0.497664	0.160754	0.143364	0.198218
c.1	0.478445	0.164725	0.162103	0.194728
c.1	0.48771	0.159826	0.156282	0.196182
c.1	0.474553	0.164742	0.170834	0.189872
c.1	0.46792	0.178966	0.170084	0.183029
c.1	0.480611	0.159372	0.173199	0.186818
c.1	0.489865	0.154313	0.157124	0.198698
c.1	0.46505	0.170655	0.169868	0.194427
c.1	0.50488	0.130435	0.102041	0.262644
c.1	0.526069	0.135558	0.119395	0.218978
c.1	0.470053	0.169284	0.175566	0.185097
c.1	0.46234	0.184253	0.165378	0.188028
c.1	0.470929	0.178976	0.167066	0.183029
c.1	0.48792	0.161239	0.148985	0.201856
c.1	0.481604	0.160604	0.163911	0.193882
c.1	0.506082	0.144167	0.135793	0.213958
c.1	0.469882	0.173555	0.165798	0.190765
c.1	0.468833	0.162042	0.172919	0.196207
c.1	0.460139	0.184028	0.165422	0.190412
c.1	0.486929	0.154012	0.163333	0.195726
c.1	0.478989	0.165589	0.159712	0.19571
c.1	0.484162	0.153591	0.169061	0.193186
c.1	0.48618	0.158907	0.161114	0.193799
c.1	0.483963	0.15771	0.163339	0.194987
c.1	0.496851	0.145886	0.148615	0.208648
c.1	0.481287	0.15903	0.165559	0.194124
c.1	0.495115	0.157863	0.143511	0.203511
c.1	0.480402	0.169578	0.156925	0.193096
c.1	0.488846	0.160845	0.15292	0.197388
c.1	0.471722	0.166131	0.16356	0.198586
c.1	0.466919	0.176389	0.163889	0.192803
c.1	0.47033	0.172225	0.161109	0.196336
c.1	0.479255	0.160709	0.167244	0.192791
c.1	0.493021	0.157264	0.140358	0.209357
c.1	0.481868	0.162361	0.160702	0.19507
c.1	0.487505	0.140715	0.154748	0.217032
c.1	0.476847	0.167004	0.16751	0.188639
c.1	0.493441	0.157775	0.14798	0.200805
c.1	0.482045	0.16375	0.163636	0.190568
c.1	0.487973	0.160252	0.160596	0.19118
c.1	0.478387	0.159849	0.173581	0.188183
c.1	0.481826	0.157555	0.16116	0.199459
c.1	0.463431	0.179285	0.171638	0.185645
c.1	0.475761	0.168833	0.156905	0.198501
c.1	0.48055	0.169767	0.161734	0.187949
c.1	0.509064	0.134403	0.141488	0.215045
c.1	0.474237	0.155196	0.174842	0.195725
c.1	0.475271	0.173968	0.162035	0.188727
c.1	0.487367	0.152313	0.160676	0.199644
c.1	0.487805	0.159938	0.148936	0.203321
c.1	0.463521	0.172887	0.17866	0.184931
c.1	0.497321	0.145919	0.151278	0.205482
c.1	0.494188	0.149837	0.152924	0.203051
c.1	0.478186	0.162313	0.165184	0.194317
c.1	0.472527	0.174072	0.154961	0.198439
c.1	0.49054	0.154834	0.145808	0.208818
c.1	0.48114	0.167549	0.158879	0.192433
c.1	0.479986	0.157227	0.165878	0.196909
c.1	0.483559	0.166454	0.161866	0.188121
c.1	0.475245	0.173863	0.16753	0.183362
c.1	0.471594	0.164738	0.16612	0.197548
c.1	0.484182	0.15961	0.160324	0.195885
c.1	0.493034	0.159019	0.136913	0.211035
c.1	0.480988	0.171822	0.160897	0.186294
c.1	0.486069	0.156177	0.162615	0.195138
c.1	0.479702	0.166544	0.163121	0.190633
c.1	0.474778	0.163008	0.16546	0.196754
c.1	0.47486	0.162226	0.161581	0.201332
c.1	0.470597	0.172679	0.17048	0.186244
c.1	0.484226	0.155497	0.157364	0.202912
c.1	0.474141	0.164087	0.171008	0.190764
c.1	0.483805	0.161952	0.162245	0.191998
c.1	0.468886	0.162664	0.171397	0.197052
c.1	0.474698	0.163239	0.148874	0.21319
c.1	0.488387	0.159824	0.158945	0.192844
c.1	0.464567	0.167765	0.172907	0.194761
c.1	0.480044	0.165731	0.167134	0.187091
c.1	0.486356	0.157737	0.156739	0.199168
c.1	0.471224	0.169148	0.173983	0.185645
c.1	0.464194	0.17679	0.174311	0.184705
c.1	0.482468	0.158455	0.164447	0.194629
c.1	0.471283	0.17771	0.169831	0.181175
c.1	0.489821	0.157398	0.152185	0.200596
c.1	0.47647	0.166933	0.162138	0.194459
c.1	0.490853	0.14859	0.152838	0.207719
c.1	0.484412	0.16345	0.1587	0.193438
c.1	0.495773	0.151534	0.141046	0.211647
c.1	0.492066	0.144054	0.152255	0.211624
c.1	0.468974	0.170527	0.176295	0.184203
c.1	0.480501	0.166643	0.150525	0.202331
c.1	0.481127	0.155568	0.168374	0.194931
c.1	0.479038	0.169416	0.160596	0.190951
c.1	0.475582	0.169338	0.171761	0.183318
c.1	0.490682	0.160373	0.162661	0.186284
c.1	0.485483	0.165429	0.157326	0.191762
c.1	0.485793	0.155668	0.165597	0.192942
c.1	0.466243	0.167645	0.16471	0.201402
c.1	0.4751	0.165211	0.166627	0.193061
c.1	0.50657	0.130277	0.133072	0.230081
c.1	0.481128	0.162656	0.167138	0.189078
c.1	0.490906	0.152029	0.144567	0.212498
c.1	0.500481	0.138263	0.149047	0.212209
c.1	0.485741	0.156112	0.157719	0.200428
c.1	0.517067	0.132167	0.13923	0.211535
c.1	0.479048	0.174579	0.154673	0.191699
c.1	0.472739	0.163445	0.171623	0.192193
c.1	0.474631	0.16121	0.162933	0.201225
c.1	0.48752	0.146515	0.146515	0.219449
c.1	0.47263	0.163711	0.176415	0.187244
c.1	0.47454	0.17161	0.168751	0.185099
c.1	0.479585	0.174345	0.163974	0.182096
c.1	0.47634	0.151879	0.167711	0.204071
c.1	0.479937	0.155362	0.158646	0.206055
c.1	0.477154	0.166053	0.173796	0.182996
c.1	0.483424	0.146467	0.161413	0.208696
c.1	0.467177	0.172159	0.168007	0.192657
c.1	0.472719	0.17385	0.168806	0.184625
c.1	0.480305	0.16518	0.167986	0.186529
c.1	0.491696	0.162883	0.147341	0.19808
c.1	0.478726	0.159892	0.167073	0.194309
c.1	0.470859	0.165279	0.168822	0.19504
c.1	0.470588	0.16389	0.16814	0.197382
c.1	0.495259	0.159649	0.151143	0.193949
c.1	0.479968	0.165694	0.160056	0.194282
c.1	0.473654	0.16443	0.165701	0.196214
c.1	0.502753	0.154807	0.14443	0.198009
c.1	0.479144	0.168974	0.165335	0.186546
c.1	0.470856	0.17378	0.164197	0.191168
c.1	0.483356	0.160967	0.164387	0.19129
c.1	0.474199	0.167934	0.164248	0.193619
c.1	0.468022	0.169616	0.174347	0.188015
c.1	0.494523	0.153997	0.14566	0.20582
c.1	0.489837	0.157289	0.154933	0.197941
c.1	0.499419	0.150997	0.151981	0.197603
c.1	0.484505	0.166865	0.161303	0.187326
c.1	0.470677	0.172016	0.166359	0.190949
c.1	0.470533	0.169421	0.171812	0.188234
c.1	0.471769	0.169923	0.170281	0.188027
c.1	0.478255	0.159924	0.168394	0.193426
c.1	0.481355	0.166293	0.153116	0.199236
c.1	0.48141	0.165545	0.160897	0.192147
c.1	0.474369	0.163791	0.172293	0.189547
c.1	0.483123	0.151469	0.1555	0.209908
c.1	0.494775	0.149189	0.150811	0.205225
c.1	0.463365	0.177147	0.16713	0.192358
c.1	0.486949	0.166157	0.148335	0.19856
c.1	0.478221	0.160081	0.158243	0.203455
c.1	0.478958	0.172239	0.162852	0.185951
c.1	0.482114	0.159178	0.164005	0.194702
c.1	0.473254	0.170597	0.161509	0.194639
c.1	0.481651	0.16268	0.158481	0.197188
c.1	0.475498	0.176965	0.159794	0.187743
c.1	0.470302	0.177598	0.16227	0.189831
c.1	0.477918	0.163093	0.170048	0.188942
c.1	0.482085	0.161774	0.163212	0.19293
c.1	0.477205	0.170921	0.154198	0.197676
c.1	0.468099	0.179639	0.167872	0.18439
c.1	0.471822	0.163465	0.170189	0.194524
c.1	0.488163	0.152402	0.155361	0.204075
c.1	0.482548	0.16013	0.15959	0.197733
c.1	0.490647	0.156547	0.153525	0.199281
c.1	0.471632	0.162077	0.174459	0.191831
c.1	0.477347	0.162963	0.168303	0.191387
c.1	0.481078	0.16961	0.1625	0.186812
c.1	0.48092	0.156388	0.157581	0.205111
c.1	0.481026	0.166551	0.163876	0.188547
c.1	0.485764	0.161295	0.159549	0.193392
c.1	0.484911	0.161568	0.154516	0.199004
c.1	0.471644	0.170134	0.169064	0.189157
c.1	0.495512	0.148196	0.151493	0.204799
c.1	0.476299	0.156747	0.166894	0.200061
c.1	0.49231	0.158506	0.150973	0.198211
c.1	0.482496	0.168532	0.156942	0.19203
c.1	0.47877	0.165701	0.161798	0.193732
c.1	0.483307	0.166055	0.15784	0.192798
c.1	0.492515	0.153258	0.153796	0.200431
c.1	0.481915	0.168676	0.154914	0.194495
c.1	0.488601	0.156627	0.157368	0.197405
c.1	0.476418	0.165351	0.158745	0.199486
c.1	0.474582	0.171014	0.171349	0.183055
c.1	0.475642	0.177099	0.15864	0.188619
c.1	0.494195	0.151703	0.153444	0.200658
c.1	0.467277	0.170101	0.17573	0.186892
c.1	0.479678	0.168608	0.170116	0.181597
c.1	0.477348	0.172689	0.163202	0.18676
c.1	0.463865	0.177553	0.171708	0.186873
c.1	0.480246	0.171416	0.157275	0.191062
c.1	0.488401	0.160856	0.155855	0.194888
c.1	0.467555	0.164478	0.180389	0.187578
c.1	0.466731	0.167554	0.175659	0.190056
c.1	0.477968	0.170908	0.161402	0.189722
c.1	0.488447	0.159803	0.151224	0.200526
c.1	0.474708	0.168557	0.171951	0.184784
c.1	0.471349	0.173157	0.171558	0.183936
c.1	0.479403	0.168581	0.167118	0.184898
c.1	0.479074	0.164101	0.164443	0.192382
c.1	0.474743	0.160914	0.1648	0.199543
c.1	0.477464	0.164035	0.163228	0.195274
c.1	0.489781	0.150835	0.156736	0.202648
c.1	0.504399	0.141282	0.146052	0.208267
c.1	0.481904	0.167713	0.156525	0.193858
c.1	0.461158	0.176965	0.168866	0.193011
c.1	0.48557	0.157046	0.15766	0.199724
c.1	0.48752	0.150117	0.162148	0.200215
c.1	0.477221	0.156226	0.174829	0.191724
c.1	0.480519	0.162338	0.165399	0.191744
c.1	0.486121	0.166186	0.147981	0.199712
c.1	0.479523	0.168358	0.164708	0.187411
c.1	0.489844	0.155171	0.156614	0.198371
c.1	0.479261	0.153233	0.15921	0.208296
c.1	0.497407	0.148932	0.143746	0.209915
c.1	0.484238	0.155767	0.161207	0.198788
c.1	0.468173	0.169267	0.164246	0.198315
c.1	0.47305	0.171167	0.168047	0.187735
c.1	0.457228	0.171584	0.166129	0.205058
c.1	0.47466	0.161311	0.164508	0.19952
c.1	0.487785	0.149837	0.157329	0.205049
c.1	0.476197	0.164215	0.164349	0.195239
c.1	0.481481	0.175439	0.150097	0.192982
c.1	0.496663	0.141873	0.138644	0.22282
c.1	0.491364	0.164158	0.149263	0.195215
c.1	0.48001	0.157015	0.15968	0.203295
c.1	0.47516	0.16402	0.166069	0.19475
c.1	0.506226	0.142178	0.13448	0.217116
c.1	0.472624	0.171806	0.17296	0.18261
c.1	0.488777	0.149444	0.161982	0.199798
c.1	0.48291	0.152623	0.161396	0.203071
c.1	0.478307	0.167513	0.163704	0.190476
c.1	0.485643	0.157798	0.158061	0.198498
c.1	0.477625	0.166708	0.165232	0.190435
c.1	0.481983	0.15625	0.166295	0.195472
c.1	0.470424	0.178594	0.165667	0.185315
c.1	0.493485	0.157367	0.151019	0.198129
c.1	0.480438	0.156886	0.152582	0.210094
c.1	0.479825	0.163333	0.153509	0.203333
c.1	0.46989	0.173436	0.17174	0.184934
c.1	0.472699	0.166274	0.168068	0.192959
c.1	0.480191	0.159794	0.173785	0.18623
c.1	0.47572	0.167817	0.170793	0.18567
c.1	0.48078	0.164429	0.156152	0.198639
c.1	0.47766	0.164005	0.158981	0.199354
c.1	0.5	0.146504	0.148861	0.204635
c.1	0.487451	0.138768	0.151836	0.221946
c.1	0.47586	0.172459	0.163933	0.187749
c.1	0.469268	0.177517	0.163465	0.189749
c.1	0.484571	0.167889	0.154522	0.193019
c.1	0.479217	0.1598	0.157584	0.203399
c.1	0.476808	0.171139	0.163231	0.188822
c.1	0.450112	0.191423	0.172575	0.18589
c.1	0.488782	0.150751	0.149082	0.211385
c.1	0.494477	0.160326	0.148499	0.196698
c.1	0.480852	0.156052	0.164858	0.198239
c.1	0.491755	0.155891	0.146561	0.205793
c.1	0.493779	0.152295	0.155584	0.198341
c.1	0.494632	0.152383	0.147109	0.205877
c.1	0.476913	0.165003	0.163273	0.19481
c.1	0.498135	0.153976	0.147831	0.200059
c.1	0.473731	0.154179	0.17597	0.196119
c.1	0.489453	0.158198	0.147491	0.204858
c.1	0.48716	0.157941	0.157816	0.197083
c.1	0.479696	0.164569	0.164332	0.191403
c.1	0.480462	0.162837	0.16517	0.191532
c.1	0.47007	0.169333	0.164839	0.195758
c.1	0.492652	0.148387	0.149283	0.209677
c.1	0.45939	0.173959	0.180824	0.185827
c.1	0.486999	0.158644	0.153022	0.201335
c.1	0.48511	0.159858	0.15853	0.196502
c.1	0.486654	0.153748	0.157038	0.202559
c.1	0.480268	0.164846	0.159604	0.195282
c.1	0.481603	0.1602	0.1602	0.197996
c.1	0.487877	0.152706	0.162626	0.196792
c.1	0.46373	0.179372	0.161699	0.195199
c.1	0.494712	0.156984	0.15616	0.192144
c.1	0.487229	0.140196	0.161705	0.21087
c.1	0.47209	0.166032	0.166032	0.195845
c.1	0.486947	0.163488	0.151824	0.197741
c.1	0.475746	0.174159	0.163614	0.18648
c.1	0.491753	0.162286	0.1476	0.198361
c.1	0.468734	0.161268	0.169583	0.200416
c.1	0.495617	0.141081	0.148624	0.214679
c.1	0.482383	0.161409	0.152181	0.204027
c.1	0.47497	0.169856	0.171802	0.183371
c.1	0.485159	0.16479	0.157187	0.192864
c.124	0.473994	0.169003	0.162068	0.194934
c.124	0.461983	0.171343	0.175412	0.191262
c.124	0.487051	0.146115	0.160031	0.206803
c.124	0.476117	0.161553	0.153786	0.208544
c.124	0.476238	0.161981	0.164407	0.197374
c.124	0.459506	0.179822	0.173816	0.186857
c.124	0.456884	0.17005	0.181106	0.19196
c.124	0.483813	0.161041	0.163246	0.1919
c.124	0.46908	0.172181	0.168716	0.190023
c.124	0.473815	0.159878	0.169853	0.196453
c.124	0.49757	0.143682	0.158566	0.200182
c.124	0.481786	0.151469	0.161692	0.205053
c.124	0.483305	0.151463	0.168445	0.196787
c.124	0.481033	0.15456	0.153349	0.211057
c.124	0.495792	0.143222	0.157199	0.203787
c.124	0.464183	0.178797	0.160267	0.196753
c.124	0.507319	0.139763	0.13074	0.222178
c.124	0.468605	0.160465	0.179942	0.190988
c.124	0.472946	0.159558	0.169234	0.198262
c.124	0.479249	0.166502	0.166173	0.188076
c.124	0.476425	0.159299	0.168644	0.195632
c.124	0.466824	0.179354	0.170686	0.183136
c.124	0.465597	0.183804	0.170274	0.180325
c.124	0.477079	0.160006	0.16603	0.196885
c.124	0.473536	0.159791	0.181727	0.184947
c.124	0.442045	0.169765	0.188354	0.199836
c.124	0.486757	0.170817	0.141792	0.200634
c.124	0.467567	0.180257	0.152576	0.1996
c.124	0.480693	0.163636	0.154632	0.201039
c.124	0.476105	0.165671	0.153923	0.204301
c.124	0.480557	0.168959	0.15079	0.199694
c.1	0.500672	0.157392	0.155483	0.186453
c.1	0.494052	0.149827	0.153892	0.202229
c.1	0.468534	0.173506	0.172914	0.185046
c.1	0.473018	0.169425	0.163773	0.193783
c.1	0.47976	0.164072	0.166587	0.189581
c.1	0.483231	0.161295	0.162469	0.193005
c.1	0.480807	0.163729	0.158343	0.197121
c.1	0.485756	0.159004	0.159799	0.195442
c.1	0.474938	0.173441	0.161596	0.190025
c.1	0.490799	0.16482	0.148115	0.196266
c.1	0.496448	0.150234	0.148674	0.204644
c.1	0.47758	0.163699	0.170318	0.188403
c.1	0.473727	0.168343	0.158774	0.199157
c.1	0.465386	0.172004	0.173224	0.189387
c.1	0.488225	0.157955	0.153552	0.200268
c.1	0.473923	0.176204	0.167124	0.182749
c.1	0.489826	0.159946	0.156616	0.193612
c.1	0.48004	0.164659	0.168542	0.18676
c.1	0.478543	0.162406	0.169115	0.189936
c.1	0.490836	0.158653	0.159962	0.19055
c.1	0.493793	0.152492	0.156568	0.197147
c.1	0.501696	0.137346	0.144129	0.216829
c.1	0.482707	0.166165	0.160276	0.190852
c.1	0.483984	0.157471	0.153544	0.205001
c.1	0.471232	0.170269	0.174198	0.184302
c.1	0.480068	0.158807	0.164539	0.196587
c.1	0.488187	0.157669	0.157547	0.196597
c.1	0.488858	0.149983	0.155294	0.205865
c.1	0.458345	0.17427	0.179229	0.188155
c.1	0.463801	0.174434	0.174095	0.18767
c.1	0.480202	0.165242	0.158605	0.195951
c.1	0.502889	0.148143	0.149656	0.199312
c.1	0.470524	0.163755	0.166667	0.199054
c.1	0.478267	0.14773	0.163824	0.210179
c.1	0.487991	0.15612	0.155427	0.200462
c.1	0.484469	0.159828	0.157395	0.198308
c.1	0.489031	0.161351	0.150459	0.19916
c.1	0.475499	0.173831	0.167942	0.182728
c.1	0.4915	0.162378	0.140176	0.205945
c.1	0.474354	0.166242	0.165515	0.193889
c.1	0.47463	0.158958	0.170184	0.196228
c.1	0.483948	0.159176	0.165286	0.191591
c.1	0.482634	0.166688	0.159587	0.191091
c.1	0.476656	0.163405	0.163265	0.196673
c.1	0.486967	0.153552	0.161952	0.197529
c.1	0.496032	0.134354	0.130385	0.239229
c.1	0.505539	0.133938	0.1357	0.224824
c.1	0.48368	0.15745	0.163707	0.195163
c.1	0.467507	0.1727	0.176902	0.182891
c.1	0.478503	0.167405	0.166262	0.18783
c.1	0.468938	0.175209	0.171811	0.184042
c.1	0.489466	0.159203	0.147597	0.203734
c.1	0.483815	0.170005	0.155217	0.190964
c.1	0.476183	0.167461	0.169247	0.187109
c.1	0.483461	0.141221	0.161578	0.21374
c.1	0.484162	0.154622	0.164946	0.196269
c.1	0.472756	0.16688	0.17129	0.189074
c.1	0.475854	0.162317	0.170244	0.191585
c.1	0.476053	0.167854	0.170809	0.185283
c.1	0.462195	0.184164	0.164318	0.189323
c.1	0.475708	0.173264	0.160683	0.190345
c.1	0.488783	0.157779	0.150607	0.202832
c.1	0.468289	0.174794	0.172249	0.184669
c.1	0.487395	0.158513	0.159549	0.194544
c.1	0.490677	0.150342	0.14869	0.21029
c.1	0.493913	0.158688	0.150802	0.196597
c.1	0.471785	0.164237	0.17001	0.193967
c.1	0.474551	0.165468	0.171996	0.187985
c.1	0.491004	0.156859	0.151049	0.201087
c.1	0.475232	0.174149	0.156192	0.194427
c.1	0.473772	0.170168	0.170307	0.185752
c.1	0.472175	0.163888	0.174675	0.189262
c.1	0.483607	0.155365	0.163562	0.197466
c.1	0.47437	0.166667	0.164909	0.194054
c.1	0.486171	0.150216	0.163283	0.20033
c.1	0.464607	0.178695	0.173448	0.183249
c.1	0.470856	0.177973	0.166648	0.184523
c.1	0.487232	0.155254	0.15661	0.200904
c.1	0.489115	0.166932	0.15111	0.192843
c.1	0.497504	0.155258	0.148485	0.198752
c.1	0.483575	0.159783	0.160024	0.196618
c.1	0.484569	0.149605	0.161648	0.204178
c.1	0.480752	0.158961	0.158777	0.20151
c.1	0.479749	0.156187	0.170172	0.193891
c.1	0.460265	0.179603	0.170331	0.189801
c.1	0.473343	0.170496	0.165989	0.190173
c.1	0.478682	0.169685	0.159133	0.1925
c.1	0.463101	0.179544	0.171743	0.185612
c.1	0.481586	0.162276	0.161765	0.194373
c.1	0.471509	0.173793	0.17326	0.181438
c.1	0.481087	0.161495	0.156619	0.200798
c.1	0.474471	0.16778	0.166421	0.191328
c.1	0.46396	0.182178	0.171776	0.182086
c.1	0.481681	0.153496	0.164152	0.20067
c.14	0.511962	0.139373	0.135515	0.21315
c.14	0.509004	0.144774	0.13471	0.211511
c.14	0.474211	0.159956	0.172144	0.193689
c.14	0.515907	0.134308	0.130525	0.219261
c.14	0.498505	0.145915	0.152684	0.202896
c.14	0.506091	0.139313	0.149723	0.204873
c.14	0.516649	0.13355	0.136446	0.213355
c.14	0.500083	0.158105	0.14547	0.196342
c.14	0.514831	0.13634	0.144319	0.20451
c.14	0.520963	0.134789	0.130631	0.213617
c.14	0.502441	0.150345	0.140437	0.206778
c.14	0.510287	0.149319	0.135401	0.204992
c.14	0.509057	0.134603	0.144441	0.211899
c.14	0.50367	0.151461	0.13633	0.208539
c.14	0.508154	0.151375	0.130456	0.210015
c.14	0.504617	0.149488	0.128276	0.217619
c.14	0.520897	0.12576	0.12671	0.226634
c.14	0.504425	0.144497	0.148783	0.202295
c.14	0.517041	0.146554	0.130775	0.20563
c.14	0.510012	0.143762	0.148383	0.197844
c.14	0.500671	0.156879	0.142114	0.200336
c.14	0.515983	0.142648	0.130394	0.210975
c.14	0.510239	0.144419	0.140262	0.205081
c.14	0.51819	0.138776	0.137001	0.206034
c.14	0.507701	0.148639	0.140938	0.202722
c.14	0.510722	0.149354	0.132928	0.206996
c.14	0.511364	0.135307	0.135835	0.217495
c.14	0.513072	0.143709	0.13283	0.210388
c.14	0.515917	0.142042	0.139273	0.202768
c.14	0.509935	0.147399	0.13909	0.203577
c.14	0.498391	0.150532	0.134439	0.216638
c.14	0.507139	0.143525	0.13934	0.209995
c.14	0.513989	0.144748	0.13034	0.210923
c.14	0.502557	0.148722	0.149432	0.19929
c.14	0.506455	0.149298	0.148176	0.196071
c.14	0.510767	0.146116	0.133674	0.209443
c.14	0.504316	0.148793	0.141478	0.205413
c.14	0.497204	0.145853	0.140494	0.216449
c.1	0.478873	0.164319	0.158736	0.198071
c.1	0.494833	0.156772	0.144899	0.203496
c.1	0.483792	0.156658	0.156916	0.202635
c.1	0.472202	0.168273	0.170744	0.188782
c.1	0.480737	0.152627	0.161475	0.205161
c.2	0.496734	0.151166	0.140124	0.211975
c.2	0.478184	0.155955	0.151533	0.214328
c.2	0.503792	0.132178	0.134706	0.229325
c.2	0.500452	0.149575	0.141617	0.208356
c.2	0.499021	0.144909	0.135444	0.220627
c.2	0.460951	0.168691	0.161402	0.208955
c.2	0.493469	0.143106	0.144848	0.218578
c.2	0.485257	0.156309	0.157578	0.200856
c.2	0.481115	0.153866	0.169075	0.195944
c.2	0.505561	0.140424	0.139903	0.214112
c.2	0.503169	0.136931	0.144229	0.215671
c.2	0.499939	0.145041	0.156904	0.198117
c.2	0.491252	0.145161	0.15965	0.203937
c.2	0.459974	0.16785	0.166236	0.205939
c.2	0.491261	0.15678	0.144597	0.207362
c.2	0.490124	0.154518	0.148051	0.207306
c.2	0.476679	0.157998	0.163858	0.201465
c.2	0.492066	0.155725	0.146857	0.205352
c.2	0.488791	0.157633	0.158581	0.194995
c.2	0.490687	0.153437	0.156541	0.199335
c.2	0.48465	0.152743	0.14771	0.214897
c.2	0.478903	0.143882	0.153165	0.224051
c.2	0.477682	0.154231	0.172219	0.195869
c.2	0.48638	0.143888	0.157858	0.211874
c.2	0.4831	0.152478	0.159848	0.204574
c.2	0.503299	0.139912	0.144585	0.212205
c.2	0.480031	0.141915	0.157425	0.220628
c.2	0.47723	0.160717	0.159581	0.202473
c.2	0.493282	0.151108	0.151282	0.204327
c.2	0.500981	0.153205	0.137018	0.208797
c.2	0.493787	0.140716	0.152778	0.212719
c.2	0.511438	0.134462	0.137437	0.216664
c.2	0.497804	0.149634	0.136164	0.216398
c.2	0.48698	0.15565	0.163662	0.193708
c.2	0.488773	0.155729	0.161089	0.194408
c.2	0.479033	0.148848	0.160181	0.211938
c.2	0.494652	0.147894	0.148396	0.209057
c.2	0.472035	0.15897	0.169413	0.199582
c.2	0.485172	0.148284	0.151616	0.214928
c.2	0.497567	0.134011	0.155683	0.212738
c.2	0.496488	0.146159	0.145932	0.211421
c.2	0.499564	0.140947	0.14705	0.212438
c.2	0.49404	0.154227	0.144874	0.206859
c.2	0.497912	0.145144	0.150365	0.206578
c.2	0.50151	0.150167	0.14683	0.201494
c.2	0.465101	0.159165	0.180691	0.195042
c.2	0.480082	0.154109	0.163442	0.202367
c.2	0.508399	0.136442	0.144155	0.211004
c.2	0.497448	0.141148	0.153907	0.207496
c.2	0.482669	0.14818	0.154535	0.214616
c.2	0.486185	0.163171	0.144366	0.206278
c.2	0.476105	0.150822	0.171891	0.201182
c.2	0.508097	0.134121	0.139836	0.217946
c.2	0.487555	0.144452	0.157944	0.210049
c.2	0.489446	0.14215	0.153034	0.215369
c.2	0.482991	0.144224	0.152729	0.220057
c.2	0.481588	0.159571	0.166316	0.192525
c.2	0.49095	0.139769	0.160382	0.208899
c.2	0.495161	0.151153	0.147809	0.205877
c.2	0.488233	0.145509	0.153795	0.212463
c.2	0.491645	0.154617	0.151275	0.202463
c.2	0.457795	0.158226	0.182059	0.20192
c.2	0.473577	0.179268	0.156098	0.191057
c.2	0.507518	0.148018	0.138254	0.20621
c.2	0.496315	0.152094	0.145394	0.206198
c.2	0.495132	0.142211	0.141864	0.220793
c.2	0.496254	0.142704	0.150196	0.210846
c.2	0.500801	0.135767	0.138969	0.224464
c.2	0.474278	0.162937	0.172404	0.190381
c.2	0.465775	0.168637	0.170815	0.194773
c.2	0.481203	0.153509	0.152256	0.213033
c.2	0.49056	0.136885	0.148685	0.223871
c.2	0.487926	0.146749	0.156037	0.209288
c.2	0.500973	0.146077	0.148022	0.204929
c.2	0.501753	0.14699	0.135009	0.216248
c.2	0.473899	0.157035	0.166702	0.202363
c.2	0.482987	0.143195	0.166824	0.206994
c.2	0.492594	0.151119	0.153955	0.202332
c.2	0.489298	0.153031	0.156031	0.20164
c.2	0.496474	0.144424	0.149386	0.209715
c.2	0.502058	0.147198	0.138177	0.212567
c.2	0.492901	0.138762	0.15805	0.210287
c.2	0.505692	0.146211	0.140342	0.207755
c.2	0.455931	0.171198	0.17568	0.197192
c.2	0.48113	0.162872	0.163188	0.19281
c.2	0.485673	0.148808	0.15555	0.209969
c.2	0.480161	0.16245	0.167913	0.189477
c.2	0.471069	0.173944	0.164714	0.190273
c.2	0.514574	0.128372	0.13814	0.218915
c.2	0.48093	0.163411	0.16	0.195659
c.2	0.484536	0.146621	0.157694	0.211149
c.2	0.511445	0.136317	0.128118	0.22412
c.2	0.484917	0.144664	0.15699	0.213428
c.2	0.514036	0.13246	0.128717	0.224787
c.2	0.474356	0.172469	0.158916	0.19426
c.2	0.468733	0.160468	0.179614	0.191185
c.2	0.500188	0.140338	0.160225	0.19925
c.2	0.502718	0.134831	0.145705	0.216745
c.2	0.483256	0.145286	0.163318	0.20814
c.2	0.484928	0.139035	0.158628	0.217408
c.2	0.496449	0.12785	0.150654	0.225047
c.2	0.48509	0.155475	0.149328	0.210107
c.2	0.479853	0.156044	0.154579	0.209524
c.2	0.501031	0.15	0.149313	0.199656
c.2	0.50451	0.134992	0.148678	0.21182
c.2	0.495259	0.143934	0.149283	0.211524
c.2	0.468385	0.151265	0.172909	0.207442
c.2	0.496339	0.154265	0.143879	0.205517
c.2	0.494067	0.145297	0.163676	0.196961
c.2	0.505022	0.145951	0.143597	0.20543
c.2	0.487306	0.151651	0.167715	0.193327
c.2	0.488491	0.152259	0.158056	0.201194
c.2	0.497631	0.149225	0.146641	0.206503
c.2	0.48634	0.152843	0.165887	0.19493
c.2	0.487826	0.140074	0.153538	0.218562
c.2	0.474618	0.152645	0.166134	0.206603
c.2	0.489812	0.15004	0.145012	0.215136
c.2	0.487193	0.148613	0.15555	0.208645
c.2	0.490231	0.157494	0.150037	0.202237
c.2	0.502547	0.14219	0.140068	0.215195
c.2	0.493086	0.149073	0.135582	0.22226
c.2	0.478744	0.168871	0.150213	0.202173
c.2	0.497184	0.156509	0.143591	0.202716
c.2	0.513631	0.12132	0.149673	0.215376
c.2	0.467101	0.159013	0.177862	0.196025
c.2	0.479838	0.160092	0.167215	0.192856
c.2	0.483201	0.136655	0.163835	0.216308
c.2	0.472212	0.16392	0.169925	0.193944
c.2	0.50549	0.152941	0.13902	0.202549
c.2	0.484955	0.153733	0.166403	0.19491
c.2	0.487798	0.150028	0.151414	0.21076
c.2	0.472586	0.152062	0.167467	0.207885
c.2	0.504593	0.152497	0.135627	0.207282
c.2	0.503045	0.136766	0.146733	0.213455
c.2	0.500689	0.146953	0.137579	0.214778
c.2	0.487256	0.152024	0.155322	0.205397
c.2	0.488241	0.160354	0.14493	0.206475
c.2	0.473918	0.160937	0.163308	0.201838
c.2	0.498462	0.132308	0.152821	0.21641
c.2	0.49502	0.139442	0.153386	0.212151
c.2	0.47612	0.162013	0.155033	0.206833
c.2	0.506619	0.13111	0.146894	0.215377
c.2	0.492453	0.14639	0.151118	0.210038
c.2	0.486655	0.149631	0.15389	0.209824
c.2	0.492007	0.144227	0.153108	0.210657
c.2	0.496929	0.146857	0.145773	0.210441
c.2	0.476144	0.168348	0.160978	0.194531
c.2	0.48769	0.142253	0.150957	0.2191
c.2	0.483014	0.153349	0.167703	0.195933
c.2	0.497162	0.153423	0.143668	0.205747
c.2	0.494431	0.152347	0.150888	0.202334
c.2	0.497134	0.158807	0.153856	0.190203
c.2	0.502353	0.131373	0.15098	0.215294
c.2	0.485137	0.155374	0.165363	0.194127
c.2	0.482468	0.14184	0.165832	0.20986
c.2	0.489714	0.155437	0.161097	0.193752
c.2	0.464096	0.158245	0.179854	0.197806
c.2	0.479974	0.1543	0.170407	0.195318
c.2	0.49178	0.141887	0.160472	0.205861
c.2	0.512543	0.122292	0.141106	0.224059
c.2	0.483257	0.155467	0.166173	0.195103
c.2	0.492495	0.149761	0.159492	0.198252
c.2	0.480559	0.143757	0.162651	0.213034
c.2	0.501724	0.153511	0.142079	0.202686
c.2	0.499075	0.148669	0.136095	0.216161
c.2	0.483081	0.158317	0.169743	0.18886
c.2	0.49633	0.138838	0.152294	0.212538
c.2	0.479532	0.152778	0.155702	0.211988
c.2	0.484874	0.141597	0.152101	0.221429
c.2	0.476522	0.164224	0.164224	0.195031
c.2	0.484925	0.157081	0.163669	0.194325
c.2	0.485122	0.137469	0.173303	0.204107
c.2	0.478925	0.155041	0.161203	0.204831
c.2	0.469904	0.158962	0.180246	0.190888
c.2	0.508958	0.128393	0.146308	0.216341
c.2	0.493372	0.153259	0.150717	0.202651
c.2	0.484876	0.155247	0.165215	0.194661
c.2	0.5	0.146355	0.142909	0.210736
c.2	0.492356	0.157856	0.142936	0.206852
c.2	0.499595	0.133603	0.147638	0.219163
c.2	0.482325	0.157633	0.153443	0.206599
c.2	0.489517	0.141431	0.151747	0.217304
c.2	0.502626	0.146465	0.141818	0.209091
c.2	0.473389	0.169131	0.153755	0.203726
c.2	0.5059	0.137537	0.150627	0.205937
c.2	0.505839	0.132696	0.147293	0.214172
c.2	0.484149	0.153533	0.158062	0.204257
c.2	0.491132	0.157538	0.141888	0.209442
c.2	0.519645	0.112294	0.147022	0.221039
c.2	0.470568	0.147161	0.172438	0.209834
c.2	0.469103	0.153821	0.170266	0.206811
c.2	0.478047	0.152297	0.172149	0.197508
c.2	0.488823	0.158457	0.153511	0.199209
c.2	0.493264	0.157077	0.152005	0.197654
c.2	0.483129	0.152096	0.163599	0.201176
c.2	0.50091	0.147193	0.14264	0.209256
c.2	0.489222	0.157023	0.151577	0.202178
c.2	0.49456	0.152602	0.151132	0.201705
c.2	0.485826	0.154073	0.16419	0.195911
c.2	0.49725	0.149548	0.146	0.207202
c.2	0.479946	0.163159	0.163283	0.193612
c.2	0.48594	0.149604	0.159978	0.204477
c.2	0.494368	0.136838	0.157697	0.211097
c.2	0.49254	0.14953	0.151151	0.206779
c.2	0.498978	0.153758	0.156186	0.191079
c.2	0.500884	0.145542	0.139759	0.213815
c.2	0.503616	0.146698	0.141509	0.208176
c.2	0.50386	0.148417	0.138963	0.20876
c.2	0.498584	0.155493	0.140384	0.20554
c.2	0.481755	0.161201	0.166282	0.190762
c.2	0.497682	0.152483	0.142881	0.206954
c.2	0.502475	0.132838	0.138614	0.226073
c.2	0.49491	0.146108	0.143114	0.215868
c.2	0.472936	0.152509	0.172264	0.202292
c.2	0.503623	0.144928	0.142512	0.208937
c.2	0.489531	0.148554	0.150299	0.211615
c.2	0.491419	0.143564	0.154125	0.210891
c.2	0.505415	0.13558	0.144404	0.214601
c.2	0.483644	0.151392	0.147067	0.217897
c.2	0.505045	0.137685	0.143917	0.213353
c.2	0.489313	0.133697	0.160982	0.216007
c.2	0.501691	0.159339	0.137918	0.201052
c.2	0.491803	0.141311	0.158361	0.208525
c.2	0.494933	0.152757	0.145156	0.207154
c.2	0.484777	0.155906	0.165146	0.194171
c.2	0.501028	0.157074	0.140288	0.20161
c.2	0.484637	0.153522	0.16761	0.194232
c.2	0.495683	0.149896	0.147514	0.206907
c.2	0.495197	0.150785	0.145144	0.208873
c.2	0.493287	0.137706	0.153817	0.21519
c.2	0.481243	0.155392	0.159316	0.20405
c.2	0.492858	0.150227	0.155772	0.201143
c.2	0.484262	0.168483	0.145884	0.201372
c.2	0.50628	0.140676	0.143382	0.209662
c.2	0.500495	0.15216	0.138971	0.208375
c.2	0.496158	0.155195	0.146843	0.201804
c.2	0.490438	0.150833	0.158236	0.200494
c.2	0.458695	0.170747	0.177855	0.192703
c.2	0.468043	0.157124	0.183422	0.191411
c.2	0.492142	0.156212	0.160376	0.191269
c.2	0.498995	0.147505	0.146408	0.207092
c.2	0.491864	0.152994	0.143265	0.211877
c.2	0.502549	0.152745	0.135098	0.209608
c.2	0.491959	0.148492	0.167273	0.192276
c.2	0.497735	0.151394	0.147561	0.20331
c.2	0.470372	0.166326	0.175215	0.188087
c.2	0.508179	0.131223	0.143314	0.217283
c.2	0.481173	0.145185	0.164012	0.209631
c.2	0.471172	0.156812	0.162321	0.209695
c.2	0.486631	0.148128	0.158824	0.206417
c.2	0.465029	0.163767	0.155237	0.215967
c.2	0.49291	0.147997	0.149592	0.2095
c.2	0.474796	0.161485	0.156052	0.207667
c.2	0.479347	0.150336	0.160183	0.210134
c.2	0.491883	0.146104	0.150742	0.211271
c.2	0.479222	0.129973	0.162688	0.228117
c.2	0.494061	0.153257	0.151533	0.201149
c.2	0.481199	0.151722	0.169866	0.197213
c.2	0.482831	0.158141	0.159309	0.19972
c.2	0.500096	0.144037	0.14711	0.208757
c.2	0.488457	0.146618	0.145808	0.219117
c.2	0.480924	0.151355	0.163906	0.203815
c.2	0.471008	0.157895	0.169789	0.201308
c.2	0.491359	0.148826	0.160691	0.199123
c.2	0.46347	0.159318	0.180238	0.196975
c.2	0.490525	0.151286	0.155908	0.20228
c.2	0.485115	0.145912	0.168973	0.2
c.2	0.473311	0.156797	0.168474	0.201418
c.2	0.498897	0.122426	0.148162	0.230515
c.2	0.493438	0.147732	0.160105	0.198725
c.2	0.484572	0.14945	0.159646	0.206332
c.2	0.495379	0.151201	0.137893	0.215527
c.2	0.483566	0.15239	0.161355	0.202689
c.2	0.468916	0.145565	0.16793	0.217589
c.2	0.493752	0.136103	0.150287	0.219858
c.2	0.498231	0.152356	0.140995	0.208419
c.2	0.48582	0.159762	0.152042	0.202376
c.2	0.495027	0.154574	0.144954	0.205446
c.2	0.495528	0.152824	0.150524	0.201124
c.2	0.489772	0.15932	0.152982	0.197926
c.2	0.51237	0.138021	0.138238	0.211372
c.2	0.481488	0.167412	0.154892	0.196208
c.2	0.461046	0.15732	0.167858	0.213775
c.2	0.499598	0.156667	0.138009	0.205726
c.2	0.51099	0.141591	0.139376	0.208042
c.2	0.500188	0.141513	0.146594	0.211705
c.23	0.492119	0.132399	0.153065	0.222417
c.23	0.50295	0.136799	0.143068	0.217183
c.23	0.470833	0.170851	0.169406	0.188911
c.23	0.466419	0.171508	0.166396	0.195677
c.23	0.483929	0.15171	0.160195	0.204166
c.23	0.497525	0.145269	0.143231	0.213974
c.23	0.484429	0.156286	0.155709	0.203576
c.23	0.488806	0.15032	0.152452	0.208422
c.23	0.470404	0.159411	0.162543	0.207642
c.23	0.461149	0.181467	0.166506	0.190878
c.23	0.491746	0.157245	0.142738	0.208271
c.23	0.490916	0.138302	0.157953	0.212829
c.23	0.481293	0.158844	0.14898	0.210884
c.23	0.49628	0.127352	0.149234	0.227133
c.23	0.484021	0.148866	0.159246	0.207867
c.23	0.535248	0.105744	0.115535	0.243473
c.23	0.480351	0.17017	0.150795	0.198684
c.23	0.495575	0.153795	0.155538	0.195093
c.23	0.461789	0.170133	0.169381	0.198697
c.23	0.484311	0.140095	0.159429	0.216165
c.23	0.491709	0.145705	0.160611	0.201975
c.23	0.481233	0.16448	0.150748	0.20354
c.23	0.495649	0.138906	0.152268	0.213176
c.23	0.48921	0.153438	0.150878	0.206474
c.23	0.467272	0.152413	0.160057	0.220258
c.23	0.483894	0.141732	0.145311	0.229062
c.23	0.470797	0.164301	0.171397	0.193504
c.23	0.472298	0.157067	0.17974	0.190894
c.23	0.495164	0.147894	0.151014	0.205928
c.23	0.486335	0.147185	0.146855	0.219625
c.23	0.464782	0.17643	0.166173	0.192615
c.23	0.458736	0.181738	0.168569	0.190957
c.23	0.495594	0.136764	0.154036	0.213606
c.23	0.487321	0.147877	0.159181	0.205622
c.23	0.495539	0.138641	0.1558	0.210021
c.23	0.487442	0.162737	0.161199	0.188621
c.23	0.50242	0.138754	0.153921	0.204905
